1.55735 0.311792 0.147286 0.158908 1.60384 68.7825 728.84 74.21 0.417559 1.19717 0.207741 0.418803 1.17942 28.3669 0 1
2.00097 0.785303 0.896963 0.223125 2.21337 444.893 994.481 110.67 0.34879 1.28989 0.317767 0.400402 1.459 28.3669 0 3
2.38004 0.755357 0.810331 0.231681 2.54425 375.994 1106.72 107.5 0.387931 1.41046 0.310106 0.473118 1.81726 28.3669 0 5
0.759638 0.127178 0.0289603 0.0580444 0.778429 14.3643 377.54 28.79 0.417339 0.879237 0.0789924 0.354125 0.564517 42.9938 1 3
0.939368 0.278585 0.110241 0.0881856 0.996204 52.2542 446.2 41.8 0.352321 0.948917 0.123491 0.446316 0.710231 42.9938 1 5
1.46011 0.542699 0.451188 0.146406 1.60691 213.412 692.09 69.25 0.384778 1.12896 0.210016 0.407173 1.10004 42.9938 1 7.5
2.25833 0.9809 1.30698 0.191015 2.53067 618.202 1070.45 90.35 0.348837 1.34981 0.268688 0.383966 1.79067 42.9938 1 10
2.5692 0.898484 1.13037 0.224186 2.78007 534.666 1217.8 106.04 0.374207 1.45055 0.305452 0.449367 1.91332 42.9938 1 12.5
1.20318 0.227594 0.0795052 0.0949476 1.23571 37.924 575.12 45.29 0.429769 1.07136 0.120729 0.430962 0.912761 43.1746 1 3
1.30789 0.360128 0.232213 0.127531 1.39367 110.998 626.48 60.96 0.361925 1.09698 0.182752 0.356994 0.993007 43.1746 1 5
2.67488 0.921906 1.19949 0.24 2.88996 554.163 1238.47 110.88 0.41342 1.48033 0.326371 0.384449 2.00274 43.1746 1 7.5
3.9389 0.876389 0.923952 0.178992 4.05424 439.801 1878.85 85.2001 0.344538 1.78644 0.30082 0.563941 2.98344 43.1746 1 10
2.43817 1.16418 1.75761 0.237326 2.77464 834.867 1160.57 112.73 0.378947 1.3553 0.327063 0.535714 1.91249 43.1746 1 12.5
1.5068 0.222061 0.0729735 0.144109 1.53077 34.8084 720.25 68.7399 0.377358 1.1867 0.188154 0.485356 1.13556 48.7216 1 3
1.54809 0.597372 0.53526 0.173471 1.71196 271.377 786.43 87.95 0.364892 1.1551 0.239562 0.425197 1.1743 48.7216 1 5
1.87416 0.959082 1.40339 0.217063 2.21651 673.626 901.471 104.19 0.35625 1.21293 0.312474 0.380457 1.3887 48.7216 1 7.5
2.83085 1.04023 1.47913 0.245835 3.08052 681.881 1307.85 113.33 0.383948 1.50074 0.339398 0.452381 2.17629 48.7216 1 10
2.92185 1.01031 1.32212 0.245711 3.13953 641.226 1420.02 119.17 0.387629 1.53599 0.337173 0.438272 2.2291 48.7216 1 12.5
1.97938 0.190428 0.0574066 0.150681 1.9938 28.6459 989.69 75.19 0.38477 1.34097 0.195868 0.474 1.48153 51.8531 1 3
1.92442 0.298683 0.134565 0.187363 1.959 63.7839 914.1 88.81 0.419831 1.31885 0.243618 0.444211 1.44366 51.8531 1 5
2.91973 0.924718 1.18446 0.23904 3.11558 567.357 1401.47 114.5 0.386221 1.54533 0.324702 0.402083 2.23249 51.8531 1 10
2.92932 1.09687 1.55794 0.255031 3.18364 746.254 1406.07 122.16 0.365344 1.52892 0.374211 0.447917 2.17464 51.8531 1 12.5
2.37232 0.224874 0.0886154 0.136805 2.39088 42.7126 1145.83 65.94 0.346473 1.45065 0.195153 0.36853 1.77812 66.4044 1 3
2.73639 0.327683 0.177606 0.186021 2.76858 83.475 1288.84 87.43 0.397872 1.541 0.249592 0.40552 2.05749 66.4044 1 5
2.31104 0.641466 0.625172 0.212046 2.44229 299.457 1109.3 101.57 0.361169 1.40785 0.289586 0.35625 1.72946 66.4044 1 7.5
2.65834 0.748783 0.827313 0.2248 2.80933 392.974 1265.37 106.78 0.378947 1.49314 0.309043 0.430672 2.06927 66.4044 1 10
2.92265 0.936601 1.13457 0.231095 3.11031 538.92 1391.18 109.77 0.376842 1.55056 0.322818 0.380252 2.15301 66.4044 1 12.5
1.16347 0.2555 0.109605 0.126646 1.20956 52.9391 563.12 61.17 0.428571 1.05078 0.1649 0.433884 0.859442 42.3967 1 3
1.88316 0.58861 0.585039 0.222609 2.03227 282.574 911.45 107.52 0.399586 1.27485 0.288769 0.402893 1.3878 42.3967 1 5
2.26767 0.803429 1.01403 0.247672 2.48078 487.748 1093.02 119.13 0.388773 1.36733 0.336216 0.425311 1.71112 42.3967 1 7.5
3.534 1.11229 1.56738 0.208418 3.74876 742.939 1678.65 98.79 0.345992 1.66871 0.336561 0.574737 2.69205 42.3967 1 10
3.6826 1.00588 1.24509 0.194927 3.8476 593.909 1760.28 92.98 0.352201 1.71838 0.32585 0.552301 2.80432 42.3967 1 12.5
2.07857 0.279945 0.137002 0.152417 2.1112 65.7611 999.79 73.16 0.383333 1.36556 0.199909 0.4158 1.5651 28.2168 0 3
1.89129 0.378871 0.205703 0.158322 1.9448 95.6517 881.34 73.62 0.402151 1.3035 0.210276 0.388412 1.45633 28.2168 0 5
2.85179 0.634285 0.5956 0.238848 2.95416 289.462 1388.82 116.08 0.423868 1.55251 0.301423 0.427105 2.14691 28.918 1 5
2.50461 0.655758 0.675642 0.221017 2.63577 318.903 1184.68 104.32 0.400424 1.45706 0.294967 0.44186 1.88253 28.918 1 7.5
2.74069 0.590683 0.551333 0.219356 2.83927 239.83 1194.94 95.42 0.409195 1.52713 0.288299 0.40367 2.06483 28.918 1 10
2.23083 0.283094 0.134212 0.187362 2.26065 63.0796 1050.72 88.06 0.408511 1.40922 0.240001 0.43949 1.66727 30.7692 0 3
3.46331 0.793689 0.817469 0.282983 3.57915 389.115 1652 134.7 0.40126 1.68839 0.390392 0.484277 2.5962 30.7692 0 5
3.32577 0.935187 1.06713 0.203054 3.48219 496.217 1549.81 94.42 0.376344 1.64691 0.298845 0.476395 2.54957 30.7692 0 7.5
0.942883 0.0250043 0.00152232 0.0252063 0.943687 0.774862 480.87 12.83 0.422397 0.974441 0.0357622 0.417647 0.707372 48.7216 1 3
0.856788 0.0453361 0.00391581 0.0304843 0.859064 1.61723 354.71 12.59 0.324455 0.933976 0.0410866 0.574879 0.641776 48.7216 1 3
0.900092 0.0311907 0.00201064 0.0274074 0.901206 0.868595 389.74 11.84 0.414352 0.954807 0.0391677 0.429561 0.67366 48.7216 1 3
0.831312 0.117139 0.0259706 0.0601135 0.846754 11.453 367.44 26.51 0.31746 0.915832 0.0871219 0.400452 0.62293 48.7216 1 3
0.801496 0.158767 0.0472542 0.0688501 0.830393 23.0128 391.13 33.53 0.36345 0.896337 0.10042 0.370902 0.594436 48.7216 1 3
0.944212 0.0955907 0.0203405 0.0551652 0.954897 8.62435 401.29 23.39 0.28066 0.971293 0.0912081 0.322353 0.705929 48.7216 1 5
0.975744 0.116033 0.038874 0.0595841 0.995431 22.4303 563.98 34.38 0.29636 0.982816 0.105202 0.294118 0.724853 48.7216 1 5
1.47729 0.447723 0.322662 0.171624 1.5825 139.067 638.19 73.97 0.387471 1.14753 0.236377 0.451389 1.09899 48.7216 1 5
1.49539 0.493008 0.393119 0.198807 1.62131 233.906 891.25 118.29 0.389916 1.1483 0.275155 0.427852 1.11255 48.7216 1 5
1.41348 0.461905 0.351108 0.171521 1.53244 180.118 726.53 87.9901 0.346979 1.11536 0.238244 0.441634 1.0602 48.7216 1 5
0.958322 0.439856 0.279382 0.111616 1.09415 127.957 439.87 51.12 0.344978 0.920628 0.169556 0.411765 0.740556 43.1746 1 3
1.07642 0.506994 0.382897 0.134361 1.24123 158.902 447.79 55.76 0.349398 0.960552 0.196976 0.432692 0.828461 43.1746 1 3
0.974779 0.436019 0.294586 0.115949 1.11542 139.634 463.02 54.96 0.35654 0.932471 0.175561 0.376842 0.736263 43.1746 1 3
1.04387 0.475377 0.35526 0.12706 1.20176 177.63 522.98 63.53 0.326 0.956476 0.213536 0.37525 0.787225 43.1746 1 3
0.932312 0.393304 0.240342 0.105901 1.05313 121.373 471.75 53.48 0.346535 0.917623 0.154518 0.405138 0.721324 43.1746 1 3
1.57073 0.673185 0.700289 0.184694 1.77941 411.77 925.16 108.6 0.377551 1.14893 0.258532 0.388795 1.18741 43.1746 1 5
1.51731 0.587692 0.526042 0.162468 1.68134 202.526 585.68 62.55 0.34026 1.14022 0.230834 0.427461 1.13877 43.1746 1 5
1.8479 0.8547 1.07414 0.211502 2.11829 664.89 1145.7 130.92 0.353796 1.21829 0.299779 0.382258 1.45727 43.1746 1 5
1.36862 0.626065 0.678936 0.14751 1.59711 354.404 715.79 77 0.367816 1.06054 0.215102 0.41109 1.04445 43.1746 1 5
1.43806 0.650775 0.687507 0.154542 1.65959 367.816 770.8 82.68 0.347664 1.09186 0.219479 0.382463 1.12996 43.1746 1 5
0.697636 0.216671 0.0721565 0.0592418 0.74745 30.45 295.1 25 0.400474 0.828383 0.0819449 0.50591 0.508735 43.1746 1 3
0.83545 0.337668 0.291991 0.0691189 0.994691 152.42 436.94 36.0801 0.41954 0.869336 0.094919 0.361377 0.609455 43.1746 1 3
0.712859 0.260824 0.114152 0.0789868 0.788767 77.7377 486.17 53.79 0.359765 0.827831 0.117484 0.363636 0.556716 43.1746 1 3
0.936972 0.355164 0.184319 0.0982794 1.0305 108.195 550.94 57.69 0.37138 0.926345 0.140805 0.454082 0.695646 43.1746 1 3
1.01661 0.36779 0.207991 0.114807 1.11405 113.355 555.07 62.57 0.343119 0.966874 0.167003 0.446886 0.784057 43.1746 1 3
1.1572 0.385297 0.259654 0.111473 1.26418 107.497 480.24 46.15 0.352657 1.02025 0.152351 0.421687 0.835229 43.1746 1 5
1.24377 0.389934 0.269695 0.125917 1.34766 149.95 692.78 70.01 0.383094 1.05925 0.172106 0.411131 0.956194 43.1746 1 5
1.71865 0.597304 0.60677 0.163191 1.88658 270.013 766.52 72.62 0.370787 1.21181 0.22618 0.414798 1.25991 43.1746 1 5
1.38157 0.490965 0.391897 0.150946 1.5165 182.232 643.81 70.19 0.365591 1.09218 0.210204 0.459227 1.06462 43.1746 1 5
1.59718 0.636392 0.602381 0.165698 1.77544 306.612 814.56 84.3401 0.387033 1.1628 0.225228 0.409804 1.23192 43.1746 1 5
2.33554 0.8569 1.07941 0.258765 2.55578 550.497 1193.46 131.97 0.356863 1.38168 0.356102 0.407045 1.74211 48.7216 1 7.5
2.31059 1.02269 1.45178 0.232968 2.60535 767.99 1224.61 123.24 0.400756 1.34869 0.322956 0.411321 1.77086 48.7216 1 7.5
2.19593 0.981324 1.42021 0.246482 2.49799 843.607 1306.58 146.41 0.385522 1.29661 0.349408 0.452101 1.71899 48.7216 1 7.5
2.49321 0.887478 1.14493 0.243573 2.71265 509.495 1111.97 108.39 0.370787 1.4225 0.331721 0.484305 1.8926 48.7216 1 7.5
2.74019 1.0445 1.50401 0.243804 3.00151 628.676 1148.14 101.91 0.368421 1.46253 0.339953 0.465394 2.10922 48.7216 1 7.5
1.32636 0.461043 0.336174 0.163736 1.44734 180.861 714.91 88.09 0.360595 1.08761 0.226505 0.393321 0.980872 48.7216 1 3
1.17605 0.41137 0.274249 0.150071 1.28713 116.282 499.82 63.63 0.363208 1.03115 0.211823 0.390588 0.871447 48.7216 1 3
1.19966 0.415947 0.272986 0.149154 1.30829 141.953 625.02 77.56 0.371154 1.04075 0.216629 0.412668 0.902409 48.7216 1 3
1.19742 0.455798 0.416681 0.15404 1.35999 188.756 543.63 69.78 0.375276 1.02709 0.219917 0.389868 0.8525 48.7216 1 3
1.2725 0.372834 0.235403 0.146794 1.3617 129.942 703.69 81.03 0.380435 1.07836 0.219054 0.414105 0.918436 48.7216 1 3
1.5419 0.542083 0.491797 0.197467 1.69357 227.21 713.9 91.23 0.376623 1.15551 0.26422 0.395248 1.16822 48.7216 1 5
1.62041 0.654424 0.696921 0.202816 1.82242 336.613 784.28 97.96 0.374741 1.17223 0.275366 0.396694 1.20933 48.7216 1 5
1.58232 0.628438 0.605212 0.209205 1.76288 304.422 797.49 105.23 0.399602 1.16087 0.289713 0.404762 1.16417 48.7216 1 5
2.08311 0.85107 1.09711 0.254416 2.33124 675.819 1285.28 156.72 0.355519 1.30459 0.358028 0.403566 1.51673 48.7216 1 5
2.20263 0.934823 1.32319 0.26946 2.48444 759.51 1266.51 154.67 0.385017 1.33122 0.372443 0.389565 1.60927 48.7216 1 5
2.92109 0.784934 0.894527 0.289479 3.07004 377.49 1235.62 122.16 0.447867 1.55389 0.370034 0.470449 2.2101 48.7216 1 7.5
3.48929 0.939337 1.17397 0.261381 3.65331 561.158 1671.37 124.94 0.422594 1.67729 0.359048 0.503132 2.64158 48.7216 1 7.5
2.73888 0.904796 1.11746 0.264262 2.93548 666.007 1635.11 157.5 0.385906 1.49819 0.352213 0.435511 2.05402 48.7216 1 7.5
2.82625 0.838098 1.04932 0.289637 3.00583 549.844 1483.78 151.77 0.438931 1.51669 0.381459 0.472381 2.1146 48.7216 1 7.5
2.73682 0.856165 1.04444 0.275746 2.92108 567.133 1488.83 149.73 0.416206 1.50399 0.365533 0.397059 2.04708 48.7216 1 7.5
1.12761 0.469883 0.337059 0.136947 1.26802 164.485 551.4 66.83 0.375 0.995535 0.1937 0.449898 0.825982 42.9938 1 3
1.23296 0.556282 0.479794 0.161426 1.41394 312.826 805.12 105.25 0.360429 1.02348 0.236401 0.416539 0.9285 42.9938 1 3
1.3615 0.560153 0.47608 0.183514 1.52615 350.871 1004.79 135.25 0.381275 1.08133 0.260141 0.444444 1.05522 42.9938 1 3
1.47 0.700865 0.786319 0.206063 1.71645 599.175 1121.61 157.02 0.345144 1.10137 0.294176 0.348624 1.1181 42.9938 1 3
1.49002 0.657062 0.762057 0.189908 1.72651 416.083 815.04 103.69 0.3663 1.11703 0.269759 0.343693 1.08512 42.9938 1 3
2.02362 0.944511 1.44278 0.22839 2.35276 895.968 1258.69 141.83 0.375201 1.2257 0.332858 0.398714 1.55231 42.9938 1 5
2.4076 0.949623 1.33727 0.256317 2.67044 700.728 1263.99 134.31 0.408397 1.39338 0.353191 0.409524 1.80407 42.9938 1 5
2.77203 0.938616 1.27295 0.270201 2.99236 570.282 1244.64 121.05 0.392857 1.4999 0.374397 0.407572 2.08599 42.9938 1 5
3.0574 0.841136 0.972537 0.33 3.21226 575.742 1813.04 195.36 0.405405 1.58656 0.430326 0.46543 2.32271 42.9938 1 5
2.89848 0.792594 0.899895 0.324731 3.0495 485.043 1565.18 175.03 0.395176 1.54871 0.420689 0.451852 2.20893 42.9938 1 5
3.5344 0.759181 0.823869 0.327393 3.64883 366.622 1576.34 145.69 0.41573 1.70139 0.438733 0.526906 2.68222 42.9938 1 7.5
3.31155 0.93354 1.42324 0.342875 3.5196 1004.81 2341.26 242.07 0.419263 1.59265 0.46101 0.544554 2.57618 42.9938 1 7.5
2.86699 1.01924 1.59838 0.287639 3.13295 975.012 1751.73 175.46 0.42459 1.46274 0.389986 0.574468 2.23588 42.9938 1 7.5
3.34434 0.812582 0.988889 0.319776 3.48881 573.556 1943.06 185.47 0.425862 1.64484 0.423548 0.493976 2.61471 42.9938 1 7.5
3.10427 0.94633 1.38596 0.304704 3.3197 913.348 2048.82 200.8 0.405159 1.55544 0.408312 0.560606 2.42771 42.9938 1 7.5
1.16221 0.454113 0.380435 0.106266 1.31547 202.772 620.62 56.64 0.382739 1.01384 0.14517 0.374532 0.876873 42.9938 1 3
0.886653 0.358844 0.184839 0.100863 0.985255 128.463 617.111 70.1 0.359712 0.902358 0.1424 0.445402 0.683765 42.9938 1 3
0.940567 0.371584 0.199142 0.117029 1.04095 164.89 779.73 96.8999 0.384058 0.925379 0.165548 0.464415 0.704446 42.9938 1 3
1.0549 0.435579 0.274483 0.121368 1.1776 136.418 525.34 60.32 0.368209 0.967404 0.165788 0.483936 0.817932 42.9938 1 3
1.05161 0.427754 0.256397 0.12174 1.16703 203.323 834.98 96.54 0.394704 0.963379 0.163814 0.493703 0.785101 42.9938 1 3
1.15146 0.493011 0.362203 0.138346 1.29905 247.384 787.6 94.49 0.385066 1.00184 0.193951 0.450292 0.858384 42.9938 1 5
1.43778 0.617113 0.574925 0.165542 1.62516 328.857 823.85 94.69 0.34965 1.09931 0.250168 0.443281 1.06975 42.9938 1 5
1.54077 0.687434 0.700927 0.179368 1.7532 410.042 902.891 104.93 0.391453 1.12533 0.250731 0.448805 1.1701 42.9938 1 5
1.48178 0.623324 0.554877 0.176048 1.65821 349.573 935 110.91 0.379365 1.11698 0.241655 0.456418 1.11015 42.9938 1 5
1.64951 0.672833 0.670893 0.195221 1.84135 380.396 936.92 110.69 0.40388 1.1733 0.256875 0.445423 1.23125 42.9938 1 5
1.72735 0.444602 0.352947 0.167903 1.82649 196.945 965.59 93.69 0.344086 1.24202 0.243404 0.348837 1.31771 42.3967 1 3
1.60669 0.345849 0.227326 0.150313 1.67577 87.0659 616.97 57.57 0.344648 1.20964 0.220065 0.372396 1.20783 42.3967 1 3
1.6924 0.426311 0.283078 0.159418 1.77384 102.191 612.65 57.55 0.362881 1.23292 0.235161 0.422652 1.29652 42.3967 1 3
1.57063 0.351741 0.210092 0.14846 1.63599 85.9278 643.96 60.72 0.396088 1.19757 0.203478 0.358537 1.18178 42.3967 1 3
1.45432 0.27266 0.116772 0.132355 1.49381 40.1695 501.74 45.53 0.357558 1.16386 0.185026 0.42029 1.0921 42.3967 1 3
2.05588 0.735414 0.79041 0.215159 2.23942 298.775 779.18 81.33 0.37037 1.31945 0.316809 0.340369 1.52466 42.3967 1 5
1.99217 0.620953 0.581172 0.18362 2.13271 229.563 788.9 72.53 0.341772 1.31202 0.254096 0.373737 1.52145 42.3967 1 5
2.11202 0.810019 1.02396 0.209697 2.34141 439.28 908.17 89.96 0.377622 1.32277 0.311853 0.386046 1.6743 42.3967 1 5
1.94003 0.633293 0.654978 0.199525 2.10163 234.482 696.47 71.43 0.357542 1.28995 0.293652 0.384401 1.48436 42.3967 1 5
2.07344 0.692902 0.804805 0.206186 2.25869 284.901 736.07 72.99 0.333333 1.32712 0.302395 0.360563 1.54818 42.3967 1 5
2.66496 1.02971 1.47929 0.2256 2.92876 591.714 1068.65 90.24 0.365 1.46328 0.330845 0.394015 2.00016 42.3967 1 7.5
2.651 1.0005 1.41027 0.203097 2.90419 537.311 1012.68 77.38 0.354331 1.46519 0.299638 0.379581 2.00792 42.3967 1 7.5
2.7099 1.17536 1.81541 0.200209 3.02575 865.952 1295.33 95.4999 0.33543 1.45478 0.315567 0.422594 2.13152 42.3967 1 7.5
2.80287 1.05992 1.53419 0.212758 3.06376 639.755 1171.6 88.72 0.366906 1.49887 0.32429 0.389952 2.15347 42.3967 1 7.5
2.47095 1.00831 1.4971 0.205178 2.7567 673.696 1114.4 92.33 0.371111 1.41005 0.297989 0.341463 1.9071 42.3967 1 7.5
1.94477 0.434207 0.304501 0.196763 2.02136 126.063 807.08 81.46 0.379227 1.3145 0.27666 0.4 1.45804 42.3967 1 3
1.86917 0.472493 0.374959 0.172149 1.96671 170.981 854.21 78.5 0.344298 1.2863 0.243651 0.407002 1.45748 42.3967 1 3
1.87656 0.469964 0.336847 0.190389 1.96409 164.381 917.64 92.91 0.366803 1.29027 0.263957 0.390593 1.40834 42.3967 1 3
1.88918 0.513759 0.375954 0.17981 1.98589 118.801 598.87 56.82 0.367089 1.29024 0.260283 0.425867 1.4058 42.3967 1 3
2.27379 0.791385 0.995031 0.20671 2.48265 607.964 1391.56 126.3 0.384615 1.37425 0.286138 0.403595 1.72931 48.7216 1 12.5
4.44623 0.498986 0.415265 0.173398 4.49258 191.853 2058.6 80.11 0.272727 1.90097 0.338332 0.740821 3.33558 58.166 1 12.5
3.28475 0.860681 0.996062 0.363112 3.43273 496.039 1639.09 180.83 0.399598 1.6401 0.491194 0.476954 2.48014 58.166 1 7.5
2.50282 0.680509 0.696596 0.285654 2.63808 394.273 1419.1 161.68 0.372792 1.45494 0.400005 0.428571 1.90634 58.166 1 5
2.43876 0.314235 0.174438 0.165101 2.47417 60.53 848.69 57.29 0.334294 1.46462 0.242145 0.364943 1.81566 55.5307 1 3
2.57868 0.462442 0.340133 0.207256 2.64368 167.345 1271.29 101.97 0.396341 1.49435 0.28361 0.356998 1.90429 55.5307 1 5
3.17555 0.874229 1.03388 0.236965 3.33405 507.635 1562.37 116.35 0.380855 1.61576 0.341737 0.424797 2.41039 55.5307 1 7.5
4.37412 0.47996 0.294704 0.180279 4.40759 126.723 1885.24 77.5201 0.337209 1.89123 0.302884 0.614849 3.30449 55.5307 1 12.5
1.71583 0.800931 1.05534 0.180663 1.99941 636.371 1036.36 108.94 0.3267 1.19183 0.271555 0.317881 1.26208 47.8641 1 3
3.42265 1.01582 1.40989 0.281637 3.62245 878.364 2135.73 175.46 0.418941 1.6485 0.391147 0.541667 2.65214 47.8641 1 7.5
4.40559 0.564329 0.673972 0.139266 4.48125 284.416 1863.56 58.77 0.263033 1.88182 0.281435 0.768322 3.35749 47.8641 1 12.5
3.72968 0.763674 0.678907 0.180875 3.8195 558.74 3073.26 148.86 0.287971 1.75256 0.313917 0.457524 2.82947 47.8641 1 12.5
2.42203 0.758081 0.877149 0.253452 2.59651 518.395 1433.84 149.79 0.365482 1.42577 0.356085 0.373311 1.81464 48.7216 1 5
2.95038 0.884043 1.1042 0.269567 3.13163 662.522 1773.18 161.74 0.393333 1.55712 0.373422 0.414309 2.20624 48.7216 1 7.5
3.63664 0.903709 1.07807 0.254795 3.78171 604.797 2043.79 142.94 0.360071 1.71515 0.382384 0.546263 2.79762 48.7216 1 12.5
2.94834 0.330155 0.178492 0.210948 2.9784 90.3172 1494.81 106.74 0.385375 1.59233 0.279687 0.457594 2.20564 31.176 0 5
3.26558 1.05538 1.33153 0.242031 3.46309 688.401 1691.57 125.13 0.386847 1.62536 0.344486 0.438224 2.44716 52.828 1 7.5
4.22507 0.699476 0.73043 0.191937 4.31048 392.241 2273.09 103.07 0.320298 1.84758 0.332086 0.66171 3.22953 52.828 1 12.5
3.67459 0.541914 0.414558 0.183527 3.73047 220.959 1962.23 97.82 0.373358 1.74812 0.262643 0.481273 2.72642 31.3632 0 5
1.7957 0.248001 0.10421 0.14759 1.82441 43.2472 747.01 61.25 0.387952 1.28138 0.20193 0.399038 1.35305 41.188 1 3
2.5719 0.745665 0.891789 0.216784 2.73947 454.812 1314.24 110.56 0.4 1.46693 0.287887 0.414873 1.93689 41.188 1 5
2.85736 0.925993 1.17346 0.269403 3.05535 491.679 1200.09 112.88 0.384248 1.52659 0.373958 0.47619 2.19513 41.188 1 7.5
4.0197 0.922624 1.17363 0.164232 4.16281 526.959 1808.86 73.74 0.305122 1.78956 0.291954 0.648889 3.02316 41.188 1 12.5
3.06604 1.05687 1.7041 0.242621 3.33181 773.661 1395.05 110.15 0.38326 1.53333 0.362469 0.476923 2.38925 42.3967 1 7.5
2.91707 1.04244 1.49883 0.24454 3.16304 683.468 1333.1 111.51 0.342105 1.52428 0.370495 0.400438 2.30269 42.3967 1 7.5
3.21352 1.00167 1.31939 0.244531 3.41221 591.086 1442.87 109.55 0.392857 1.60954 0.356004 0.434298 2.44669 42.3967 1 7.5
3.46898 0.948415 1.12254 0.262343 3.62682 483.816 1498.6 113.07 0.389791 1.67967 0.382972 0.449074 2.63981 42.3967 1 7.5
3.26469 1.12952 1.66532 0.272595 3.50996 744.397 1462.58 121.85 0.364653 1.59412 0.41756 0.479911 2.52711 42.3967 1 7.5
3.5738 1.02042 1.36067 0.244376 3.75897 643.595 1693.98 115.59 0.372093 1.68662 0.374245 0.527426 2.73708 42.3967 1 7.5
3.50293 1.04792 1.55019 0.219863 3.71705 564.269 1278.57 80.03 0.403846 1.65245 0.333059 0.509589 2.67937 42.3967 1 10
3.54052 1.14946 1.95782 0.194566 3.80635 789 1430.37 78.41 0.344913 1.62641 0.324224 0.564356 2.79333 42.3967 1 10
3.93946 0.763737 0.778625 0.242667 4.03684 315.343 1599.42 98.28 0.395062 1.78958 0.365128 0.539409 2.99757 42.3967 1 10
3.74581 0.904755 1.32623 0.228379 3.91826 384.608 1090.03 66.23 0.386207 1.71104 0.333348 0.56701 2.86718 42.3967 1 10
3.79997 0.808178 0.839981 0.208987 3.90858 257.034 1166.59 63.95 0.375817 1.76029 0.323254 0.52443 2.88469 42.3967 1 10
1.71024 0.616197 0.585378 0.195778 1.87324 263.42 771.32 88.1 0.36 1.20971 0.298242 0.432373 1.26701 48.7216 1 7.5
1.5597 0.641898 0.609143 0.19215 1.74367 260.713 669.11 82.24 0.345794 1.14555 0.276333 0.440559 1.22255 48.7216 1 7.5
1.71884 0.638755 0.647848 0.184 1.8976 301.249 800.98 85.56 0.367742 1.20577 0.250505 0.444206 1.31755 48.7216 1 7.5
1.53148 0.521538 0.418757 0.164724 1.66229 174.622 640.16 68.69 0.388489 1.15821 0.224113 0.433014 1.18112 48.7216 1 7.5
1.70878 0.63163 0.648471 0.189694 1.88867 317.751 839.01 92.95 0.381633 1.20136 0.271942 0.441955 1.32277 48.7216 1 7.5
1.6391 0.568867 0.509986 0.174693 1.78762 248.873 801.52 85.25 0.362705 1.18757 0.247274 0.449898 1.23995 48.7216 1 10
1.56419 0.575774 0.545375 0.172153 1.72948 306.501 880.64 96.75 0.359431 1.15925 0.250603 0.440497 1.21926 48.7216 1 10
1.68303 0.69929 0.82848 0.170679 1.91301 475.547 967.74 97.9699 0.33101 1.17562 0.247516 0.410435 1.29603 48.7216 1 10
2.12056 0.847395 1.11918 0.201649 2.36929 515.942 979.7 92.96 0.366594 1.31374 0.285217 0.391775 1.60828 48.7216 1 10
2.33828 1.14141 1.80347 0.188667 2.69591 1055.03 1370.23 110.37 0.350427 1.34212 0.276318 0.389078 1.80848 48.7216 1 10
2.41243 1.17339 1.85537 0.186806 2.76959 755.135 984.27 76.03 0.336609 1.36149 0.285515 0.421569 1.83811 48.7216 1 12.5
2.64209 1.08673 1.53055 0.226474 2.91687 768.337 1328.97 113.69 0.400398 1.4471 0.312816 0.455268 2.01875 48.7216 1 12.5
2.7093 1.14277 1.69063 0.213063 3.00463 916.32 1471.15 115.48 0.374539 1.45536 0.299794 0.480663 2.00669 48.7216 1 12.5
2.77549 1.01247 1.42072 0.240263 3.02009 647.848 1268.4 109.56 0.385965 1.48213 0.325129 0.5186 2.13334 48.7216 1 12.5
2.32961 1.02526 1.41646 0.212541 2.61547 696.899 1148.5 104.57 0.359756 1.34896 0.295002 0.507099 1.84574 48.7216 1 12.5
2.39486 0.768985 0.884254 0.237384 2.5725 419.137 1137.56 112.52 0.405063 1.41172 0.312737 0.444211 1.883 48.7216 1 10
2.64242 0.874097 1.1411 0.247227 2.8498 617.336 1432.19 133.75 0.393715 1.46884 0.329829 0.450184 1.96483 48.7216 1 10
2.53474 0.936145 1.24995 0.27075 2.76988 599.977 1219.21 129.96 0.36875 1.43059 0.374421 0.463617 1.90997 48.7216 1 10
2.7162 0.909852 1.19958 0.259895 2.92835 687.36 1559.1 148.92 0.408377 1.48572 0.346995 0.452962 2.0424 48.7216 1 10
2.73436 0.844898 1.03128 0.283122 2.91649 505.327 1342.57 138.73 0.381633 1.4997 0.371941 0.452138 2.08376 48.7216 1 10
2.74543 0.805689 0.974593 0.229507 2.9172 494.119 1394.68 116.36 0.402367 1.50575 0.303553 0.454724 2.13358 48.7216 1 12.5
2.66117 0.905714 1.20569 0.199733 2.87845 722.207 1596.7 119.64 0.404007 1.47507 0.275153 0.408333 2.04336 48.7216 1 12.5
2.71384 0.801835 0.910659 0.219794 2.87641 442.58 1321.64 106.82 0.419753 1.50085 0.28725 0.445585 2.10279 48.7216 1 12.5
2.53581 0.597615 0.564363 0.204506 2.64448 222.923 1004.18 80.78 0.374684 1.4711 0.270851 0.444444 1.90807 48.7216 1 12.5
2.212 0.671891 0.692904 0.199287 2.36321 446.923 1428.95 128.54 0.409302 1.36963 0.270063 0.441176 1.71253 48.7216 1 12.5
3.06414 1.05189 1.44432 0.246248 3.29104 885.368 1881.38 150.95 0.376835 1.56401 0.356109 0.444625 2.37548 43.1746 1 7.5
3.05116 1.03608 1.3946 0.273 3.27131 725.194 1589.65 141.96 0.396154 1.56476 0.386368 0.46833 2.3425 43.1746 1 7.5
3.14414 0.923365 1.27037 0.298327 3.33969 652.97 1619.23 153.34 0.391051 1.58237 0.417407 0.508738 2.395 43.1746 1 7.5
3.18773 0.734325 0.818927 0.328517 3.3134 342.311 1335.66 137.32 0.41866 1.62148 0.430378 0.527446 2.43517 43.1746 1 7.5
2.84305 0.865483 1.20344 0.29648 3.04696 601.72 1424.37 148.24 0.41 1.50491 0.393256 0.500998 2.19657 43.1746 1 7.5
2.44039 1.01522 1.56071 0.244074 2.74092 674.225 1056.69 105.44 0.363426 1.35319 0.347736 0.496536 1.95117 43.1746 1 10
2.78125 0.703348 0.856067 0.287139 2.9307 308.184 1004.03 103.37 0.402778 1.50665 0.380436 0.501385 2.11082 43.1746 1 10
2.9536 0.766729 1.04881 0.270048 3.1257 436.304 1231.65 112.34 0.415865 1.53554 0.360142 0.517986 2.28361 43.1746 1 10
3.0026 0.693453 0.748235 0.321266 3.12441 295.553 1189.03 126.9 0.435443 1.57649 0.405275 0.530303 2.31488 43.1746 1 10
2.85909 0.794513 1.04528 0.296582 3.03596 412.885 1132.2 117.15 0.43038 1.51956 0.378414 0.510101 2.20715 43.1746 1 10
2.60935 0.7702 0.890965 0.267302 2.77451 439.246 1289.02 131.78 0.395538 1.47291 0.368273 0.435223 1.98273 42.9938 1 7.5
2.64861 0.771063 0.904821 0.288313 2.81385 370.072 1085.93 117.92 0.393643 1.48685 0.381294 0.4 2.01172 42.9938 1 7.5
2.80174 0.870448 1.1455 0.309817 2.99871 438.726 1075.87 118.66 0.396867 1.51543 0.433969 0.408854 2.14523 42.9938 1 7.5
3.13565 0.879782 1.10496 0.308644 3.30675 456.348 1298.16 127.47 0.418886 1.59878 0.40857 0.463768 2.44734 42.9938 1 7.5
3.12003 0.916569 1.14395 0.293945 3.29782 455.292 1244.89 116.99 0.396985 1.59488 0.402646 0.446115 2.36922 42.9938 1 7.5
3.49694 0.849374 0.954218 0.292851 3.63053 441.803 1622.58 135.59 0.410367 1.68912 0.388107 0.489224 2.6657 42.9938 1 10
3.57348 0.815725 1.08225 0.313769 3.72155 562.772 1861.78 163.16 0.423077 1.68836 0.418052 0.548944 2.74783 42.9938 1 10
3.27339 0.802382 1.11137 0.323546 3.43864 573.468 1692.34 166.95 0.405039 1.61095 0.440781 0.533849 2.52245 42.9938 1 10
3.50218 0.825513 1.05612 0.300021 3.64954 493.21 1639.02 140.11 0.413276 1.67402 0.402756 0.549145 2.69763 42.9938 1 10
3.09428 0.920922 1.37876 0.274908 3.30916 671.455 1510.01 133.88 0.38193 1.54948 0.38711 0.543033 2.48032 42.9938 1 10