0.93
1.14
1.14
1.09
1.03
1.06
1.02
1.11
1.18
1.11
1.06
0.98
0.95
0.94
0.94
0.95
0.94
0.96
1.00
0.98
0.94
0.91
0.92
0.93
0.95
0.93
0.97
1.00
1.00
0.95
0.99
0.95
0.92
0.91
0.95
0.93
0.93
0.93
0.90
0.94
0.93
0.93
0.90
0.87
0.86
0.89
0.89
0.91
0.96
0.90
0.93
0.95
0.95
0.92
0.93
0.93
0.92
0.95
0.91
0.93
0.86
0.91
0.93
0.93
0.91
0.92
0.96
0.96
0.94
0.94
0.94
0.95
0.98
0.92
0.93
0.88
0.88
0.92
0.95
0.94
0.93
0.95
0.94
0.95
0.94
0.97
0.92
0.95
0.92
0.93
0.90
0.92
0.93
0.91
0.92
0.94
0.95
0.92
0.91
0.93
0.96
0.94
0.97
0.96
0.94
0.95
0.90
0.89
0.86
0.91
0.93
0.95
0.92
0.93
0.92
0.93
0.99
0.99
0.96
0.92
0.92
0.93
0.93
0.90
0.92
0.92
0.96
0.97
0.94
0.93
0.86
0.91
0.96
0.97
0.88
0.91
0.91
0.94
0.94
0.93
0.93
0.92
0.97
0.92
0.93
0.91
0.93
0.96
0.96
0.93
0.94
0.96
0.95
0.96
0.95
0.97
0.93
0.95
0.90
0.93
0.93
0.95
0.97
0.97
0.96
0.95
0.98
0.95
0.92
0.92
0.97
0.90
0.95
0.98
0.92
0.99
0.94
0.97
0.95
0.98
0.94
0.92
0.91
0.92
0.97
0.94
0.95
0.97
1.00
0.94
0.95
0.92
0.98
1.01
0.98
0.98
0.95
0.94
0.95
0.97
0.91
0.92
0.92
0.95
0.93
0.93
0.96
0.91
0.95
0.92
0.99
0.93
0.93
0.95
0.95
0.97
0.91
0.93
0.90
0.96
0.97
1.01
0.94
0.98
0.97
0.96
0.95
0.94
0.94
0.94
0.91
0.88
0.97
0.92
0.96
0.91
0.92
0.89
0.90
0.93
0.94
0.94
0.95
0.98
0.93
0.94
0.96
0.96
0.95
0.95
0.97
0.96
0.96
0.92
0.97
0.93
0.96
0.96
0.95
0.93
0.93
0.94
0.92
0.94
0.98
0.95
0.91
0.91
0.92
0.93
0.92
0.90
0.90
0.90
0.92
0.92
0.95
0.92
0.91
0.95
0.98
0.95
0.95
0.96
0.94
0.94
0.90
0.94
0.92
0.94
0.97
0.97
0.93
0.93
0.94
0.94
0.95
0.92
0.97
0.88
0.90
0.93
0.95
0.92
0.94
0.93
0.92
0.95
0.94
0.99
0.94
0.94
0.92
0.92
0.90
0.93
0.95
0.97
0.95
0.95
0.98
0.90
0.92
0.93
0.94
0.92
0.89
0.90
0.87
0.95
0.92
0.93
0.88
0.90
0.93
0.93
0.92
0.96
0.96
0.96
0.97
0.95
0.98
0.95
0.91
0.94
0.95
0.93
0.90
1.25
1.14
1.09
1.03
1.00
0.94
0.98
1.00
0.99
0.98
0.97
0.95
0.93
0.93
0.96
0.98
0.91
0.94
0.91
0.93
0.91
0.92
0.94
0.96
0.94
0.96
0.97
0.91
0.95
0.93
0.97
0.96
0.96
1.00
0.97
0.96
0.94
0.94
0.88
0.93
0.95
0.95
0.90
0.92
0.94
0.97
0.95
0.97
0.96
0.90
0.97
0.93
0.93
0.91
0.95
0.94
0.95
0.90
0.93
0.94
0.89
0.93
0.94
0.95
0.94
0.96
0.93
0.92
0.92
0.93
0.97
0.91
0.94
0.95
0.95
0.92
0.91
0.95
0.96
0.96
0.92
0.91
0.91
0.93
0.94
0.98
0.94
0.94
0.96
0.95
0.93
0.93
0.95
0.91
0.93
0.94
0.96
0.94
0.95
0.93
0.95
0.93
0.92
0.94
0.94
0.94
0.93
0.96
0.92
0.93
0.92
0.93
0.92
0.93
0.94
0.96
0.93
0.94
0.97
0.91
0.94
0.95
0.96
0.94
0.92
0.91
0.95
0.92
0.93
0.95
0.92
0.93
0.94
0.98
0.95
0.97
0.95
0.95
0.87
0.88
0.90
0.86
0.90
0.93
0.96
0.91
0.91
0.93
0.95
0.97
0.95
0.94
0.94
0.98
0.94
0.97
0.95
0.97
0.97
1.01
1.00
