0.43
0.38
0.50
0.51
0.49
0.39
0.43
0.37
0.36
0.33
0.35
0.31
0.31
0.31
0.37
0.35
0.35
0.43
0.42
0.44
0.42
0.48
0.46
0.41
0.55
0.52
0.63
0.75
0.84
0.82
0.78
0.78
0.82
1.22
1.90
2.33
2.53
2.43
2.06
1.94
1.55
1.43
1.47
1.41
1.69
1.57
1.45
1.28
1.41
1.23
1.23
1.19
1.09
1.23
1.22
1.08
0.98
1.13
1.06
0.90
0.82
0.63
0.71
0.70
0.65
0.60
0.63
0.56
0.71
0.65
0.70
0.85
0.78
0.83
0.87
0.84
1.31
1.52
1.51
1.84
1.94
1.98
2.07
2.20
2.05
2.90
2.92
2.50
2.48
2.44
2.03
1.73
1.66
1.54
1.44
1.33
1.20
1.32
1.18
1.22
1.06
1.22
1.05
0.93
0.88
0.81
0.82
0.83
0.95
1.00
1.02
1.05
1.30
1.36
1.51
1.52
1.41
1.24
1.31
1.50
2.01
1.86
1.99
2.07
2.32
1.91
2.32
2.71
3.93
3.96
3.40
3.04
2.32
1.67
1.47
1.23
0.96
1.02
1.15
1.22
1.52
1.32
1.21
0.97
1.22
1.21
1.01
0.82
0.77
0.70
0.59
0.71
0.66
0.63
0.85
0.89
0.93
1.29
1.42
1.50
1.48
1.49
1.44
1.29
1.22
1.17
1.88
1.50
1.37
1.10
1.34
1.46
1.73
1.66
1.59
1.65
1.43
1.80
1.37
1.19
0.89
0.79
0.85
0.85
1.00
1.10
1.03
0.89
0.94
0.76
0.69
0.61
0.58
0.56
0.63
0.61
0.76
0.73
0.81
1.20
1.57
1.72
1.84
1.70
1.33
1.20
1.19
1.09
1.25
1.44
1.43
1.54
1.63
1.48
1.56
1.85
2.00
1.90
1.86
1.74
1.27
1.41
1.09
0.98
0.96
0.87
0.99
1.10
1.06
1.07
1.01
0.91
0.75
0.76
0.57
0.54
0.59
0.54
0.71
0.93
1.04
1.27
1.22
1.19
1.30
1.52
1.45
1.50
1.37
1.43
1.57
1.66
1.81
1.87
2.18
1.83
1.74
1.50
1.77
1.66
1.55
1.33
1.29
1.27
1.05
1.82
2.38
1.87
2.07
1.89
1.88
1.70
1.41
1.34
1.25
1.12
1.04
1.18
0.95
0.98
0.97
0.92
0.87
0.91
0.87
0.88
1.11
1.28
1.52
1.39
1.36
1.27
1.37
1.31
1.18
1.25
2.07
1.96
2.47
1.82
1.86
1.65
1.79
1.58
1.74
1.74
1.66
1.50
1.39
1.18
0.98
0.94
0.90
0.84
1.20
1.48
1.47
1.34
1.22
1.25
1.12
1.03
0.94
0.88
0.89
0.95
1.18
1.09
1.14
1.35
1.61
2.13
2.08
2.47
2.59
2.35
2.41
2.06
1.68
1.48
1.72
2.00
2.17
2.39
2.33
1.95
1.60
1.44
1.42
2.01
1.93
1.78
1.46
1.18
1.11
1.01
0.99
1.05
1.31
1.25
1.12
1.83
1.62
1.38
1.27
1.11
1.11
1.07
1.13
1.09
1.02
0.92
0.90
1.14
1.52
1.96
1.97
2.03
2.65
2.73
2.74
3.39
3.13
3.24
2.55
2.09
1.69
1.69
1.56
1.70
1.93
1.57
1.38
1.76
1.72
1.87
2.07
2.14
1.77
1.73
1.46
1.31
1.12
1.05
1.08
1.10
1.29
1.28
1.28
1.16
1.02
1.23
1.03
1.07
1.01
0.89
0.90
1.23
1.29
1.58
1.62
1.90
2.27
2.31
2.13
2.06
2.05
1.90
1.83
1.87
1.74
1.90
2.46
2.21
2.63
2.47
1.92
1.62
2.33
2.41
2.35
2.47
2.28
1.88
1.40
1.30
1.01
0.83
0.72
0.83
0.96
1.12
1.29
1.34
1.84
2.15
1.66
1.59
1.41
1.30
1.16
1.24
1.45
1.22
1.29
1.53
1.53
1.76
2.06
1.67
1.95
2.53
2.49
2.30
1.81
1.41
1.30
1.49
1.65
2.05
1.88
2.10
2.64
2.45
2.05
2.21
1.80
2.63
2.30
2.44
2.43
1.79
1.60
1.17
1.34
1.17
1.48
1.28
1.63
1.70
1.41
1.63
1.39
1.25
1.17
1.02
1.17
1.03
0.99
1.13
1.41
1.35
1.38
1.56
