1.51
1.40
1.23
1.52
1.56
1.98
1.79
1.65
1.66
1.50
1.40
1.38
1.25
1.44
1.33
1.42
1.30
1.23
1.30
1.31
1.13
1.49
1.65
2.75
3.14
3.40
3.36
2.78
2.74
2.72
2.62
3.01
3.26
3.06
3.89
3.80
3.52
3.52
2.74
2.43
2.40
2.02
1.77
1.74
1.49
1.40
1.36
1.46
1.40
1.18
1.14
1.25
1.30
1.36
1.39
1.58
1.58
1.64
4.24
3.39
2.71
3.52
2.86
2.44
2.00
1.80
1.72
1.59
1.83
1.83
2.04
1.92
2.08
2.72
2.88
2.69
2.45
2.68
2.45
2.65
2.27
2.03
3.26
2.61
2.46
2.18
2.85
3.03
4.65
4.79
4.51
3.90
3.59
3.38
3.26
2.78
2.79
3.15
2.67
2.47
2.26
1.99
1.79
1.66
1.99
1.75
1.54
1.41
1.69
1.63
1.50
1.58
1.49
1.99
1.92
2.35
2.32
2.17
3.10
2.63
2.30
1.74
2.35
2.01
2.11
2.66
2.82
2.90
3.57
3.71
4.11
4.80
4.79
4.80
4.16
3.63
3.02
3.77
4.09
3.61
4.35
4.56
4.72
3.98
3.64
3.34
3.33
2.72
2.21
2.10
1.91
1.68
1.68
1.58
1.67
1.62
1.47
1.60
1.78
2.03
1.91
2.16
2.18
2.41
2.64
2.67
2.25
2.13
1.86
2.19
2.37
2.10
2.03
3.44
3.42
3.04
2.54
2.40
2.57
2.34
2.69
2.98
3.78
3.75
3.83
4.14
3.09
2.65
2.53
2.15
1.82
1.54
1.69
1.74
1.41
1.30
1.25
1.33
1.21
1.18
1.32
1.26
1.73
1.77
1.79
2.10
1.89
1.80
2.30
1.91
1.97
2.17
2.43
2.11
1.91
2.10
2.08
2.43
2.31
2.42
2.75
3.19
2.84
3.14
3.49
3.02
3.25
3.23
3.65
3.75
3.98
3.77
3.48
3.22
2.63
2.40
2.34
2.12
2.26
2.38
2.17
2.34
2.02
2.04
1.77
1.76
1.58
1.58
1.93
1.97
2.19
1.66
1.63
1.37
2.27
2.35
1.91
1.97
2.07
2.52
2.73
2.47
2.44
2.53
3.35
3.23
2.72
2.77
3.23
3.49
3.55
4.24
3.97
3.53
3.35
3.27
3.69
3.00
2.93
2.81
2.67
2.59
2.39
2.25
2.44
2.63
2.48
2.83
2.75
2.44
2.31
2.07
1.90
1.89
1.94
2.03
2.38
2.02
1.97
1.98
2.49
2.66
2.75
3.27
3.16
2.73
2.56
2.71
2.55
3.02
2.70
3.35
3.41
2.94
3.47
2.83
2.95
2.87
3.39
3.57
3.75
3.62
3.13
2.68
2.36
2.77
2.40
2.36
1.99
1.75
1.83
1.88
1.68
1.86
1.55
1.44
1.28
1.34
1.29
1.24
1.71
1.81
1.59
1.57
1.97
1.62
1.62
2.22
2.11
2.04
2.84
2.61
2.90
4.38
4.78
3.81
3.40
3.54
3.90
3.40
4.44
4.02
3.81
3.81
4.24
4.00
3.93
4.35
3.63
3.65
2.76
3.38
2.89
2.48
2.61
2.13
2.24
2.05
1.89
1.74
1.60
1.54
1.68
1.88
1.78
2.17
2.01
1.72
1.64
2.42
2.64
2.17
4.69
4.41
4.23
3.40
3.83
3.40
2.95
2.89
3.33
2.68
3.53
3.25
2.83
3.66
3.36
3.95
4.12
4.73
4.38
4.65
4.20
4.38
3.36
2.93
2.23
2.30
2.24
2.37
2.34
2.12
2.11
2.05
1.71
1.60
1.48
1.41
1.63
1.51
1.88
1.96
2.07
1.84
1.90
2.41
2.13
1.89
2.63
3.00
4.01
3.92
4.55
3.67
3.84
2.98
2.83
2.93
2.92
3.27
2.97
3.91
3.13
3.63
3.06
3.07
3.34
2.79
3.74
3.21
4.02
3.70
3.14
2.70
2.33
2.34
2.28
2.09
2.30
2.04
2.15
2.04
2.26
2.00
2.39
1.99
1.91
2.28
1.87
1.87
2.46
2.06
2.26
1.91
1.77
2.20
2.25
2.83
2.61
3.03
3.06
2.79
2.69
2.39
2.16
2.50
2.40
2.50
2.58
2.66
2.82
3.08
2.74
2.73
2.50
2.88
3.11
2.65
2.41
2.36
2.31
2.27
2.33
2.03
2.06
1.80
1.93
1.81
1.69
1.59
1.81
2.04
1.77
1.76
1.51
1.61
1.65
1.75
1.79
1.98
1.96
3.01
2.87
3.04
2.44
2.79
2.54
2.63
2.07
1.91
1.82
1.85
2.24
2.34
2.32
2.52
2.09
2.58
2.08
2.09
1.90
1.70
1.55
1.48
1.45
1.91
2.05
2.08
1.60
1.74
1.67
1.66
1.65
1.76
1.53
1.88
2.11
