2.01
2.06
1.95
1.84
2.21
2.35
2.46
2.66
2.70
2.30
2.63
3.28
3.41
3.18
2.68
2.79
2.38
2.94
3.17
3.02
2.95
3.13
2.58
2.57
2.61
2.52
2.48
2.27
2.15
2.27
2.20
2.15
2.28
2.15
2.18
2.02
2.26
2.39
2.36
2.18
2.19
2.20
2.15
2.21
2.27
2.25
2.14
2.31
2.32
2.19
2.16
2.24
2.24
2.36
2.30
2.36
2.37
2.25
2.09
2.17
2.51
2.50
2.67
2.84
2.43
2.64
2.35
2.66
2.61
2.89
2.94
2.68
2.87
2.24
2.89
2.96
2.88
2.77
3.14
3.66
3.58
2.97
2.38
2.53
2.55
2.31
2.17
1.91
2.04
1.93
2.04
2.00
1.90
2.25
2.47
2.43
2.21
2.41
2.31
2.22
2.18
2.16
2.17
2.17
2.10
2.10
2.16
2.20
2.30
2.23
2.11
2.13
2.09
2.12
2.29
2.19
2.21
2.23
2.26
2.31
2.37
2.27
2.43
2.31
2.27
2.56
2.23
2.81
2.76
2.20
2.26
2.53
2.74
2.50
2.81
3.15
2.65
2.59
2.43
2.37
2.42
2.31
2.48
2.56
2.68
2.56
2.37
2.31
2.46
2.36
2.05
2.13
2.08
2.10
2.00
1.96
2.05
1.99
1.98
1.89
1.91
2.07
2.21
2.21
2.20
2.25
2.39
2.49
2.45
2.27
2.15
2.17
2.24
2.48
2.58
2.35
2.63
2.46
3.05
2.88
2.96
2.65
2.38
2.77
2.49
2.27
2.24
2.26
2.20
1.98
2.30
2.61
2.16
2.18
2.19
2.64
2.32
2.29
2.44
2.36
2.38
2.21
2.20
2.20
2.28
2.22
2.30
2.20
2.23
2.19
2.31
2.24
2.38
2.27
2.28
2.15
2.15
2.32
2.45
2.18
2.03
1.96
1.92
2.73
2.79
2.93
4.44
4.78
3.98
3.37
3.39
3.12
3.08
3.02
2.77
2.83
2.91
2.57
2.23
2.09
2.25
2.21
2.19
2.13
2.17
2.20
2.18
2.18
2.19
2.08
2.22
2.24
2.15
2.10
2.10
2.19
2.26
2.41
2.41
2.45
2.51
2.61
2.79
3.18
3.04
3.28
3.05
3.23
3.12
3.27
3.55
3.34
2.95
2.82
2.71
2.78
2.41
2.51
2.20
2.20
2.08
2.20
2.16
1.99
2.06
2.09
2.09
2.16
2.13
2.06
2.26
2.17
2.18
1.96
2.13
2.05
2.08
2.04
2.12
2.70
2.07
2.78
2.99
3.62
3.87
3.62
2.99
2.90
3.00
3.01
2.88
2.87
3.22
3.16
2.80
2.55
2.52
2.43
2.53
2.37
2.65
2.44
2.28
2.38
2.24
2.20
2.12
2.18
2.08
2.11
1.98
2.12
2.39
2.35
2.32
2.20
2.34
2.17
2.17
1.97
1.82
1.66
1.84
1.94
2.70
2.21
2.09
2.86
