2.01
2.26
2.39
2.40
2.26
2.14
2.16
2.22
2.27
2.28
2.32
2.28
2.21
2.14
2.42
2.46
2.39
2.39
2.29
2.35
2.47
2.22
2.28
2.25
2.21
2.39
2.39
2.15
2.39
2.82
2.80
2.98
2.86
2.44
2.53
2.38
2.30
2.62
2.77
2.68
2.90
2.48
2.81
2.44
2.54
2.33
2.56
2.69
2.27
2.13
1.99
2.57
2.69
2.52
3.08
2.81
3.00
2.53
2.29
2.60
2.34
2.35
2.60
2.54
2.17
2.28
2.35
2.06
2.15
2.21
2.27
2.09
2.57
2.29
2.42
2.29
2.17
2.13
2.26
2.26
2.18
2.17
2.14
2.03
2.07
2.31
2.23
2.30
2.25
2.14
2.44
3.00
2.86
3.23
3.40
3.92
3.62
3.38
2.98
3.73
3.56
4.40
4.50
4.26
3.92
3.41
3.13
2.65
2.93
2.38
2.50
2.80
2.90
2.68
2.42
2.88
3.10
3.08
3.50
3.06
2.72
3.08
2.74
2.44
2.28
2.20
2.19
2.45
2.30
2.10
2.20
2.06
2.04
2.03
1.91
2.13
2.30
2.29
2.29
2.38
2.12
2.09
2.15
2.09
2.35
2.94
2.70
2.79
3.11
2.44
3.00
3.04
2.89
3.19
3.52
3.27
3.49
2.98
3.26
3.34
2.80
2.54
2.86
3.43
3.02
2.38
2.35
2.45
2.37
2.61
2.17
2.12
1.96
1.87
2.04
1.95
1.96
1.98
2.11
2.30
2.31
2.16
2.13
2.11
1.98
2.07
2.19
2.24
2.16
2.18
2.09
2.22
2.29
2.23
2.29
2.07
2.10
2.16
2.68
2.36
2.45
2.57
2.57
2.65
2.93
3.41
3.48
3.60
3.18
3.21
3.94
3.22
3.24
3.30
2.98
2.41
2.59
2.32
2.20
2.29
2.29
2.31
2.32
2.48
1.96
2.11
1.82
2.19
2.07
2.49
2.23
2.43
2.33
2.30
2.13
2.16
2.18
2.17
2.17
2.02
2.12
2.08
2.06
2.22
2.30
2.06
2.02
2.13
2.06
1.97
2.10
2.22
2.13
2.07
2.06
1.98
1.82
1.79
1.78
2.02
2.38
2.51
2.85
2.69
2.85
3.31
3.25
3.05
3.15
3.02
3.01
3.08
2.87
3.03
2.55
2.17
2.04
2.17
2.36
2.52
2.24
2.30
2.08
2.39
2.79
2.61
2.24
2.16
2.20
2.23
2.17
2.18
2.17
1.98
2.11
2.15
2.35
2.35
2.03
2.11
2.20
2.06
2.10
2.05
2.06
2.06
2.07
2.05
1.83
1.98
2.47
2.45
2.05
2.42
2.33
2.46
3.46
3.14
3.29
4.35
4.03
3.58
3.09
3.17
3.21
3.03
3.37
3.15
3.50
2.99
3.31
3.11
2.72
2.52
3.15
2.85
3.27
3.20
2.91
3.10
2.92
2.66
2.53
2.32
2.08
1.90
2.19
2.58
2.21
2.11
2.07
2.29
2.23
2.10
2.01
2.09
2.23
2.28
2.18
2.13
2.15
2.16
2.17
2.22
2.16
2.30
2.45
2.12
2.33
2.34
2.29
2.97
3.04
3.88
3.77
3.86
3.20
3.55
3.43
4.17
3.93
4.15
3.42
3.65
3.93
3.86
3.26
4.01
3.56
3.92
3.48
3.72
3.68
3.55
3.06
2.75
2.77
2.41
2.26
2.46
2.13
2.34
2.17
2.18
2.17
2.06
2.12
2.27
2.32
2.17
2.11
2.27
2.37
2.17
2.21
2.27
2.27
2.15
2.07
2.27
2.14
2.13
2.33
2.38
2.24
1.80
2.11
2.63
2.94
3.28
4.42
3.52
3.80
3.99
4.32
4.40
3.57
3.23
2.69
2.54
2.77
2.30
2.29
2.76
2.47
2.39
2.65
2.64
2.98
2.77
2.85
2.88
2.65
2.73
2.36
2.07
2.07
2.28
2.28
1.94
2.03
2.01
2.01
1.94
2.06
2.27
2.49
2.38
2.28
2.24
2.17
2.13
2.19
2.10
2.35
2.53
2.27
1.86
1.90
1.96
2.03
1.79
2.05
3.27
2.86
2.85
3.17
2.99
3.63
4.21
4.80
4.74
4.80
