2.26
2.17
2.18
2.10
2.02
2.82
3.56
3.34
3.24
3.52
3.26
2.94
3.71
3.54
3.25
3.05
3.14
2.92
2.78
2.95
2.77
2.34
1.97
2.05
2.57
2.96
2.89
2.82
2.26
2.01
1.82
2.09
1.94
1.69
1.70
1.73
1.84
1.94
1.78
2.09
2.22
2.03
2.17
2.01
2.24
2.20
2.43
2.35
2.47
2.52
2.47
2.58
3.10
3.42
4.43
4.78
4.26
4.54
4.26
3.99
3.34
3.62
3.60
3.47
3.43
3.04
2.82
2.91
3.18
2.84
3.75
3.29
3.07
3.34
2.87
2.42
2.14
2.07
1.80
1.69
1.75
1.82
1.84
1.74
1.87
2.09
2.26
2.49
2.35
2.17
2.26
2.08
2.11
2.04
1.95
2.09
2.12
2.41
2.26
2.17
2.14
1.79
1.73
2.27
3.30
3.33
2.81
4.43
4.77
4.69
4.80
4.80
4.79
4.80
4.80
4.80
4.79
4.81
4.56
4.60
4.80
4.82
4.09
3.63
3.58
3.34
3.06
2.74
2.72
2.75
3.11
3.04
2.89
3.06
2.84
3.45
3.23
4.21
3.55
3.67
3.32
2.70
2.24
2.13
2.02
2.38
2.16
2.16
2.04
1.79
1.81
2.13
2.23
2.41
2.32
2.12
2.15
1.93
1.96
2.08
2.17
2.25
2.51
2.70
2.55
2.57
2.88
3.12
3.03
3.55
3.84
3.71
3.99
4.78
4.78
4.80
4.80
4.79
4.79
4.80
4.80
4.80
4.78
4.79
4.71
4.46
3.69
3.68
3.64
3.57
3.16
3.44
3.30
3.44
3.88
4.22
3.57
3.26
3.26
3.01
2.59
2.72
2.33
2.25
2.20
2.34
2.23
2.01
2.20
2.51
2.14
2.48
2.35
2.69
2.56
2.09
2.02
1.78
1.98
2.17
2.10
2.36
2.61
2.61
2.32
1.77
2.86
2.90
3.70
3.49
3.94
4.78
4.83
4.79
4.78
4.69
4.49
4.66
4.40
4.70
3.93
4.79
4.77
4.80
3.95
3.40
2.72
3.20
3.41
2.76
2.83
3.40
3.88
3.66
3.03
2.73
3.31
3.19
3.11
2.87
2.77
2.59
2.34
2.15
2.15
2.21
1.90
1.74
2.25
2.18
2.09
1.82
1.73
1.94
1.95
2.06
2.32
2.18
2.08
2.18
2.37
2.07
2.19
2.65
2.65
2.52
2.60
2.45
2.05
2.36
2.61
2.79
4.16
4.82
4.78
4.80
4.79
4.82
4.80
4.80
4.79
4.80
4.79
4.79
4.79
4.80
4.78
4.55
4.13
4.79
4.78
4.65
4.39
4.32
4.78
4.23
3.61
3.25
2.98
4.15
4.02
3.80
3.48
3.79
3.38
3.14
3.11
2.64
2.27
2.31
2.28
2.44
2.37
2.43
2.25
2.38
2.23
2.42
2.60
2.75
2.58
2.68
2.71
2.70
3.04
2.96
2.99
2.94
2.84
2.87
3.01
3.40
4.79
4.76
4.51
4.39
3.72
4.78
4.81
4.78
4.80
4.78
4.84
4.77
4.80
4.79
4.80
4.80
4.79
4.80
4.02
4.03
3.49
3.68
3.66
3.44
3.07
3.45
2.92
3.01
2.78
3.07
3.04
3.41
3.44
3.58
3.39
3.36
2.99
2.76
3.57
3.53
3.11
2.47
2.48
2.57
2.16
1.97
2.04
1.86
1.68
1.88
2.34
2.12
2.32
2.03
2.35
2.65
2.58
2.21
2.40
2.20
1.98
2.06
2.12
1.95
2.02
2.83
2.41
2.35
2.25
2.71
3.04
3.60
4.47
4.80
4.79
4.79
4.80
4.78
4.79
4.80
4.80
4.82
4.80
4.80
4.80
4.78
4.81
4.80
4.81
4.82
4.77
4.79
4.59
4.42
3.51
2.88
3.75
3.49
3.36
2.94
2.57
3.10
2.74
2.91
2.96
3.28
3.11
2.92
2.57
2.12
2.16
2.17
2.16
1.96
2.10
2.16
2.03
2.72
2.99
3.20
2.70
2.72
2.23
1.93
2.46
2.20
2.57
3.15
2.84
3.11
3.64
3.80
4.84
4.78
4.79
4.77
4.82
4.79
4.80
4.79
