3.92
3.86
3.37
3.67
3.59
3.56
3.63
3.48
3.99
4.60
4.80
4.79
4.80
4.54
4.79
4.80
4.80
4.69
4.80
4.23
4.15
3.59
4.44
4.54
4.11
4.09
4.80
4.54
4.61
4.79
4.48
3.83
3.94
4.25
3.97
3.57
3.67
3.72
3.35
3.24
2.91
3.95
4.45
4.82
4.79
4.79
4.78
4.43
4.74
4.79
4.78
4.69
4.79
4.65
4.46
3.94
3.70
4.18
3.73
3.29
3.81
4.31
4.12
3.10
3.05
3.49
4.09
3.85
3.28
3.03
3.85
3.96
4.23
4.11
4.20
3.86
3.89
4.77
4.79
4.80
4.79
4.79
4.80
4.80
4.79
4.81
4.79
4.79
4.77
4.83
4.79
4.79
4.78
4.84
4.79
4.80
4.79
4.80
4.79
4.80
4.80
4.79
4.81
4.80
4.82
4.79
4.78
4.80
4.83
4.78
4.79
4.71
4.12
4.13
3.71
4.06
4.10
4.22
4.35
3.85
3.73
3.72
3.69
3.61
3.29
3.98
4.28
4.78
4.63
4.42
4.80
4.77
4.53
4.32
4.51
4.04
4.66
4.78
4.69
4.77
4.80
4.79
4.79
4.79
4.79
4.82
4.80
4.80
4.80
4.77
4.82
4.78
4.81
4.78
4.83
4.75
4.80
4.77
4.78
4.80
4.79
4.79
4.79
4.80
4.80
4.80
4.79
4.80
4.78
4.82
4.80
4.79
4.77
4.36
3.96
3.46
3.78
3.66
3.82
3.99
4.60
3.77
3.75
4.79
4.80
4.79
4.80
4.80
4.83
4.79
4.36
4.78
4.45
4.54
4.09
3.84
3.81
3.60
3.32
3.25
3.56
3.52
3.60
3.92
4.41
4.13
3.46
3.18
3.32
4.07
4.09
3.66
3.77
3.71
3.62
3.57
4.80
4.34
4.18
4.54
4.14
4.82
4.80
4.80
4.80
4.81
4.80
4.78
4.81
4.77
4.84
4.80
4.80
4.77
4.80
4.80
4.79
4.80
4.78
4.80
4.80
4.80
4.79
4.80
4.78
4.82
4.79
4.80
4.77
4.80
4.78
4.77
4.79
4.80
4.80
4.82
4.80
4.79
4.80
4.78
4.81
4.79
4.77
4.51
4.84
4.79
4.77
4.77
4.80
4.79
4.78
4.79
4.80
4.80
4.79
4.80
4.77
4.80
4.79
4.80
4.79
4.56
4.30
3.93
4.08
3.78
3.83
3.54
3.41
3.63
3.33
3.69
4.36
4.24
3.59
3.91
4.74
3.98
3.38
4.53
3.89
3.90
3.73
3.85
4.31
4.78
4.84
4.80
4.77
4.79
4.80
4.79
4.80
4.80
4.80
4.80
4.78
4.80
4.79
4.80
4.79
4.83
4.76
4.80
4.79
4.80
4.79
4.80
4.80
4.79
4.80
4.81
4.75
4.14
4.25
3.57
3.72
4.80
4.80
4.79
4.84
4.79
4.78
4.77
4.80
4.80
4.79
4.80
4.80
4.80
4.80
4.81
4.80
4.78
4.78
4.61
4.79
4.69
3.88
3.70
3.00
3.75
4.40
4.43
3.63
3.93
3.48
3.51
3.30
3.68
2.92
3.12
3.45
3.15
3.62
3.71
4.07
3.73
3.41
3.17
2.98
3.40
3.67
3.75
3.31
3.33
3.55
4.78
4.07
4.12
3.56
3.62
4.06
3.77
3.11
3.16
3.45
3.72
3.53
3.42
3.75
3.96
4.06
4.20
4.63
4.82
4.77
4.80
4.80
4.80
4.80
4.82
4.80
4.79
4.80
4.81
4.81
4.80
4.82
4.82
4.80
4.79
4.79
4.77
4.80
4.79
4.80
4.80
4.79
4.83
4.80
