0.83
0.85
0.87
0.92
0.92
1.01
0.98
1.04
0.94
0.97
1.00
1.05
1.00
1.01
1.07
1.02
1.02
0.90
1.00
1.08
1.06
1.00
1.02
1.05
1.02
1.15
1.20
1.06
1.08
1.23
1.03
1.02
1.10
1.14
1.08
1.46
1.26
1.62
1.48
1.31
1.56
1.41
1.63
1.69
1.42
1.54
1.80
2.07
1.91
2.04
2.39
2.59
4.03
4.31
4.49
4.79
4.80
4.80
4.80
4.77
4.82
4.79
4.81
4.77
4.80
4.79
4.77
4.77
4.59
3.82
3.22
2.83
2.27
1.78
1.54
1.22
1.11
1.30
1.11
1.09
1.00
1.02
1.16
1.01
1.09
1.04
1.16
1.07
1.04
0.97
1.03
0.95
1.07
1.47
1.39
1.24
1.19
1.17
1.06
0.84
0.96
1.06
1.21
1.16
1.04
1.05
1.00
1.02
0.96
0.90
1.01
1.08
1.25
1.11
1.00
0.90
1.06
1.07
1.19
1.27
1.31
1.44
1.27
1.39
2.00
1.68
2.13
1.93
2.01
1.52
1.29
1.91
2.02
2.41
2.40
3.03
3.33
3.23
3.31
3.36
3.10
3.48
4.09
3.65
3.67
3.30
3.10
2.98
3.12
2.85
2.38
1.97
1.74
1.54
1.28
1.16
1.15
1.05
1.03
0.92
0.94
0.89
0.94
0.97
0.91
1.13
1.05
1.04
1.05
1.09
0.97
0.89
0.93
0.95
1.08
0.92
0.87
0.87
1.11
1.14
1.02
1.15
1.23
1.02
0.98
0.93
0.87
0.91
0.86
0.94
0.97
0.95
1.03
1.00
0.94
0.91
1.13
1.24
1.34
1.20
1.21
1.41
1.42
1.25
1.55
1.45
1.45
2.07
2.17
2.64
2.31
2.18
2.09
2.24
2.29
2.33
2.15
2.88
2.23
2.47
2.17
1.77
1.64
1.62
1.42
1.49
1.25
1.17
0.97
1.05
1.02
1.02
1.10
0.99
0.99
1.02
1.01
0.94
1.00
0.95
0.97
1.02
0.90
0.80
0.86
0.99
0.94
0.90
0.99
1.09
1.04
1.07
1.11
1.11
1.09
1.00
0.99
0.93
0.95
0.88
0.91
1.00
0.91
1.02
1.22
1.55
1.30
1.46
1.11
1.10
1.30
1.89
2.05
2.08
1.99
1.97
2.11
2.03
2.76
3.02
2.65
3.56
3.32
2.68
2.33
2.92
3.16
2.76
3.04
3.14
2.50
2.58
2.20
1.76
1.53
1.36
1.32
1.15
1.17
1.17
1.17
1.00
0.88
0.94
0.86
1.00
0.94
1.09
1.06
1.14
1.00
1.13
0.92
1.11
1.02
1.05
1.42
1.18
1.30
1.14
1.15
1.20
1.13
1.02
0.98
0.97
0.97
0.98
0.96
1.20
1.07
0.92
1.01
1.02
1.31
1.13
1.11
1.93
2.27
1.95
2.10
1.90
2.21
2.34
2.39
2.08
1.93
1.98
2.07
1.90
3.04
3.67
3.94
3.94
4.27
4.65
4.03
3.44
2.90
3.54
3.35
2.94
2.71
2.03
1.67
1.56
1.37
1.24
1.10
0.97
0.96
0.95
0.82
1.19
0.94
1.01
1.08
1.12
0.96
0.98
1.27
1.56
1.36
1.41
1.48
1.29
1.58
1.29
1.24
1.16
1.22
1.08
1.08
0.96
0.97
0.92
0.95
1.03
1.23
1.17
1.28
1.06
1.00
1.09
1.17
1.16
1.48
2.30
2.27
1.93
1.96
2.34
2.94
2.79
3.40
2.93
3.17
2.70
3.52
3.20
4.13
4.76
4.77
4.80
4.79
4.80
4.44
4.61
3.84
3.11
2.46
1.98
1.70
1.45
1.14
1.07
0.91
0.98
0.87
1.00
1.06
0.97
1.08
1.01
0.89
1.00
0.91
0.85
0.81
0.84
0.95
0.92
0.82
0.88
1.06
1.09
1.13
1.00
1.02
1.29
1.19
1.07
1.22
1.14
0.97
0.96
0.97
1.17
1.13
1.01
1.59
1.82
1.48
1.80
1.52
1.73
1.43
1.59
1.77
2.04
2.89
2.92
3.01
3.12
3.48
3.70
2.83
3.05
2.96
2.72
2.78
3.40
3.88
3.50
4.80
4.78
4.81
4.10
3.38
3.13
2.27
2.35
1.71
1.47
1.19
1.26
1.20
1.09
1.01
1.07
1.04
0.92
0.98
1.02
1.02
1.10
1.12
1.13
1.09
1.28
1.38
1.09
1.34
1.16
1.13
1.27
1.32
1.09
1.20
1.54
1.34
1.36
1.31
1.25
1.11
1.29
1.33
1.24
1.10
1.09
1.07
1.11
1.15
0.98
1.19
1.23
1.19
1.21
1.77
1.65
1.44
1.44
1.78
1.56
1.89
2.42
2.42
1.83
1.76
2.13
2.50
2.18
3.29
3.48
3.58
4.29
3.98
3.80
3.63
3.15
2.98
2.62
1.97
1.68
1.45
1.34
1.33
1.23
1.19
1.13
1.17
1.02
1.04
0.97
0.93
0.86
1.00
1.17
1.10
0.97
1.11
1.07
0.99
1.02
1.01
1.01
1.17
1.16
1.29
1.23
1.19
1.07
1.11
1.41
