0.89
0.88
0.92
0.90
0.89
0.88
0.93
0.92
0.92
0.91
0.93
0.87
0.93
0.89
1.02
1.21
1.61
2.04
2.29
3.16
3.22
2.70
2.52
2.98
2.36
1.97
1.96
1.93
2.14
2.94
2.61
2.68
3.31
3.64
4.78
4.81
4.79
4.80
4.64
4.80
4.79
4.80
4.62
4.82
4.78
4.78
4.77
4.73
4.37
4.04
3.20
2.77
2.55
1.91
1.59
1.43
1.44
1.32
1.67
1.61
1.93
2.19
1.94
1.89
1.56
1.70
1.51
1.43
1.35
2.09
1.88
2.52
2.44
2.32
2.01
1.82
2.12
2.78
2.39
2.19
1.76
1.82
2.26
2.33
2.34
1.91
1.92
1.62
1.49
1.51
1.73
1.53
1.36
1.27
1.37
1.59
1.63
1.53
1.61
2.03
2.15
2.52
2.24
3.16
3.13
3.19
3.26
3.50
3.38
3.71
4.03
4.80
4.26
3.55
3.19
3.71
3.46
3.18
3.94
4.47
4.16
4.80
4.80
4.44
3.82
4.79
4.77
4.28
3.92
4.77
3.99
3.50
4.33
3.45
3.62
2.70
2.56
2.14
2.47
2.11
2.25
2.12
1.95
1.61
1.40
1.38
1.42
1.56
1.51
1.75
1.66
1.67
2.25
2.46
2.13
2.06
2.08
2.42
2.39
2.20
2.40
2.04
1.99
3.08
3.84
3.51
3.49
4.22
3.45
3.24
3.42
3.79
3.56
2.99
3.36
3.60
2.81
2.94
3.02
2.29
3.02
2.60
3.26
3.26
2.92
2.64
2.79
2.77
3.36
3.14
3.06
2.93
3.64
4.41
4.71
4.79
4.80
4.80
4.67
3.98
4.09
4.80
4.46
4.82
4.77
4.81
4.78
4.84
4.80
4.78
4.77
4.80
4.80
4.81
4.79
4.80
4.80
4.80
4.81
4.80
4.79
4.78
4.17
3.45
2.83
2.47
2.41
2.95
3.41
2.96
3.56
3.18
3.26
3.31
3.04
2.89
3.70
3.26
3.09
3.95
4.37
4.56
4.30
4.14
4.11
3.78
3.58
3.15
3.10
3.54
3.45
2.88
2.81
2.47
2.54
2.30
2.11
2.43
1.96
2.53
3.28
2.55
2.22
2.26
1.74
2.12
2.90
2.58
3.49
4.07
4.71
4.57
4.37
3.76
3.89
4.71
3.79
3.19
2.90
3.81
3.86
3.85
4.32
4.31
4.36
4.80
4.79
4.80
4.78
4.79
4.78
4.84
4.79
4.79
4.77
4.83
4.77
4.80
4.80
4.80
4.64
4.75
4.80
4.08
3.59
2.70
2.75
2.66
2.97
3.01
3.38
3.68
3.25
4.08
4.16
4.32
4.22
4.56
3.69
3.78
4.44
4.17
3.82
4.03
4.12
4.34
3.87
3.19
3.46
3.97
3.21
3.70
3.18
3.70
3.79
3.20
3.65
3.92
3.17
3.60
3.22
2.37
1.87
2.17
1.67
1.42
1.45
1.45
2.15
3.61
3.91
4.80
4.37
3.53
3.42
3.68
3.51
3.68
3.74
4.03
4.19
4.80
4.80
4.79
4.80
4.80
4.80
4.80
4.78
4.80
4.78
4.82
4.77
4.81
4.77
4.80
4.80
4.78
4.79
4.80
4.80
4.82
4.79
4.80
4.80
4.78
4.72
3.86
3.65
3.02
2.34
2.13
2.45
2.49
3.02
3.35
3.08
3.05
3.05
2.71
2.84
3.24
2.75
3.06
3.61
4.03
4.17
4.23
4.60
4.60
4.56
4.08
4.44
4.69
4.43
4.19
4.75
4.70
3.60
3.38
3.38
3.60
4.10
4.41
3.69
4.13
3.51
2.81
3.15
2.59
2.04
1.70
1.33
1.20
1.15
1.61
1.51
1.88
2.64
2.99
3.89
4.48
4.82
4.80
4.80
4.80
4.81
4.37
4.79
4.81
4.78
4.84
4.80
4.78
4.77
4.80
4.79
4.45
4.79
4.80
4.80
4.80
4.81
4.79
4.80
4.78
4.82
4.78
4.79
4.77
4.83
4.79
4.80
4.79
4.80
4.46
4.42
3.76
3.04
2.81
3.14
2.65
2.85
2.99
3.29
3.02
2.83
3.36
3.64
4.41
4.18
3.44
3.86
3.79
4.34
4.66
4.15
4.80
4.62
4.02
4.11
3.85
3.27
3.79
4.12
4.19
3.14
3.24
3.83
4.00
3.77
4.19
3.66
3.34
3.18
3.07
2.67
2.19
2.01
1.65
1.39
1.18
1.07
1.07
0.98
0.93
0.88
1.23
1.41
1.88
2.84
2.75
2.80
2.92
3.58
4.13
4.26
4.60
4.80
4.46
4.02
4.61
4.76
4.81
4.80
4.78
4.84
4.68
4.80
4.64
4.80
4.80
4.79
4.79
4.80
4.81
4.80
4.80
4.79
4.80
4.77
4.82
4.77
4.81
4.77
4.60
4.73
4.54
4.72
3.72
3.53
2.75
2.73
2.22
2.67
2.67
3.71
3.46
3.44
3.05
3.53
3.59
4.14
3.66
3.46
4.79
4.79
4.17
3.73
4.02
3.94
3.99
4.30
3.74
3.89
3.80
3.15
4.08
4.58
4.81
4.79
4.80
4.77
4.81
4.77
4.22
3.33
3.64
2.99
2.77
2.29
1.82
1.86
1.54
1.33
1.30
1.24
1.13
1.22
1.43
2.24
2.52
2.60
2.69
