1.28
1.26
1.07
1.41
1.49
1.22
1.34
1.44
1.66
1.82
2.11
2.22
2.94
3.28
3.22
4.11
4.41
4.38
4.37
4.30
4.74
4.78
4.80
4.78
4.51
4.80
4.45
4.77
4.82
4.77
4.80
4.77
4.82
4.80
4.78
4.77
4.80
4.80
4.83
4.80
4.77
4.80
4.80
4.82
4.80
4.77
4.79
4.84
4.79
4.78
4.78
4.80
4.79
4.80
4.79
4.13
4.79
4.83
4.80
4.80
4.63
4.26
4.64
4.40
4.14
4.17
3.90
3.45
2.86
4.08
3.97
4.13
4.02
3.22
4.34
4.51
4.22
4.80
4.79
4.59
4.41
4.70
4.01
4.80
4.78
4.04
4.78
4.81
4.78
4.80
4.80
4.80
4.79
4.80
4.80
4.83
4.79
4.63
4.73
4.48
4.48
4.61
4.78
4.77
4.82
4.78
4.54
3.77
4.10
4.77
3.96
4.52
4.40
3.99
3.70
3.47
2.61
3.17
2.81
4.13
4.53
4.42
4.58
4.62
4.81
4.80
4.78
4.81
4.77
4.81
4.77
4.82
4.80
4.78
4.79
4.80
4.80
4.79
4.80
4.80
4.80
4.78
4.81
4.79
4.80
4.79
4.83
4.79
4.78
4.77
4.80
4.80
4.80
4.80
4.78
4.80
4.80
4.80
4.79
4.80
4.80
4.82
4.77
4.81
4.77
4.82
4.78
4.80
4.79
4.79
4.80
4.82
4.80
4.80
4.80
4.80
4.35
3.71
3.68
3.74
4.84
4.48
4.65
4.79
4.67
4.78
4.78
4.79
4.80
4.80
4.82
4.80
4.80
4.80
4.77
4.83
4.78
4.79
4.77
4.83
4.79
4.80
4.77
4.80
4.80
4.79
4.80
4.78
4.80
4.80
4.80
4.79
4.80
4.78
4.83
4.83
4.79
4.77
4.81
4.80
4.78
4.79
4.81
4.80
4.80
4.80
4.80
4.43
3.70
3.75
3.34
3.29
3.08
4.83
4.33
4.80
4.79
4.81
4.79
4.52
4.57
3.83
4.28
4.08
4.80
4.80
4.80
4.81
4.81
4.80
4.82
4.79
4.80
4.80
4.79
4.79
4.80
4.77
4.81
4.80
4.79
4.80
4.80
4.81
4.78
4.80
4.79
4.84
4.79
4.79
4.78
4.82
4.79
4.79
4.79
4.79
4.79
4.80
4.80
4.80
4.80
4.78
4.81
4.79
4.80
4.78
4.84
4.77
4.81
4.77
4.83
4.80
4.78
4.77
4.80
4.80
4.81
4.80
4.80
4.82
4.79
4.81
4.79
4.80
4.78
4.82
4.78
4.79
4.78
4.84
4.77
4.06
3.42
2.73
2.41
2.17
2.78
2.29
2.27
1.85
2.16
2.06
1.84
2.21
1.96
2.29
2.39
2.22
2.02
2.95
3.41
3.12
2.31
2.25
2.13
2.61
2.50
3.03
3.24
2.93
4.10
3.79
4.80
4.80
4.74
4.80
4.78
4.82
4.57
4.57
4.79
4.83
4.76
4.80
4.79
4.80
4.80
4.80
4.79
4.80
4.80
4.80
4.80
4.79
4.80
4.79
4.81
4.80
4.79
4.77
4.82
4.80
4.74
4.69
4.05
4.21
4.44
4.30
4.25
4.35
4.14
4.06
4.51
4.80
4.81
4.82
4.78
4.80
4.79
4.84
4.80
4.78
4.77
4.79
4.80
4.79
4.79
4.80
4.80
4.80
4.81
4.79
4.80
4.80
4.82
4.78
4.81
4.77
4.80
4.80
4.79
4.79
4.80
4.80
4.80
4.80
4.79
4.79
4.78
4.82
4.79
4.80
4.79
