2.91
2.94
2.85
2.89
2.97
2.92
2.88
2.87
2.94
2.92
2.94
2.88
2.90
2.92
2.94
2.91
2.84
2.83
2.91
2.93
2.81
2.82
2.87
2.98
2.86
2.82
2.85
2.94
2.88
2.85
2.83
2.91
2.92
2.96
2.88
2.88
2.96
2.96
2.90
2.81
2.84
2.92
2.94
2.81
2.83
2.89
2.99
2.85
2.82
2.87
2.95
2.89
2.84
2.83
2.92
2.92
2.95
2.85
2.88
2.92
2.96
2.87
2.84
2.91
2.95
2.93
2.78
2.82
2.88
2.97
2.87
2.88
2.88
2.96
2.88
2.85
2.84
2.93
2.95
2.93
2.85
2.86
2.90
2.90
2.86
2.79
2.86
2.93
2.92
2.79
2.79
2.85
2.89
2.74
2.82
2.84
2.92
2.93
2.81
2.81
2.96
2.88
2.92
2.85
2.77
2.95
2.85
2.84
2.73
2.83
2.94
2.92
2.79
2.83
2.89
2.97
2.87
2.90
2.95
3.04
3.07
3.05
2.69
2.66
2.70
2.85
2.60
2.87
2.88
2.65
2.83
2.77
2.72
2.89
2.94
2.80
2.88
2.94
2.95
2.84
2.80
2.88
2.89
2.88
2.83
2.91
2.94
3.01
2.92
2.90
2.85
3.01
3.15
3.23
3.15
3.36
3.31
2.87
2.93
2.95
2.91
2.98
3.04
2.97
3.07
3.04
2.84
2.76
2.82
2.84
2.98
2.86
2.88
2.89
2.86
2.83
2.80
2.79
2.92
2.88
2.86
2.79
2.97
3.04
2.95
2.90
2.88
3.13
3.07
3.11
3.04
3.21
3.24
2.99
2.96
3.26
3.12
3.38
3.03
3.35
3.15
4.12
3.98
3.76
4.53
4.40
4.38
4.49
3.61
3.50
3.22
2.90
3.08
2.88
3.08
2.92
2.99
2.81
3.21
3.07
3.00
3.04
2.92
3.14
3.25
3.38
3.29
3.32
2.56
3.01
2.68
2.65
3.33
3.22
2.88
3.52
3.64
4.46
3.90
4.57
4.13
4.32
4.05
3.62
3.50
3.33
3.07
3.01
2.98
2.87
2.89
2.97
2.94
2.85
2.91
2.89
3.02
2.97
2.81
3.28
3.20
3.11
2.90
3.03
2.76
2.86
2.94
2.92
3.13
3.13
2.99
2.85
2.89
3.01
3.08
3.04
2.78
2.94
2.88
3.00
3.00
2.84
2.90
2.95
2.96
2.98
2.87
2.93
2.96
2.94
2.85
2.87
2.70
2.79
2.77
2.77
2.90
2.90
2.93
2.80
2.77
2.76
2.88
2.77
2.71
2.75
2.94
2.96
2.88
2.83
2.84
2.82
2.83
2.80
2.74
2.86
2.88
2.86
2.78
2.78
2.87
2.90
2.75
2.75
2.81
2.91
2.80
2.81
2.79
2.84
2.83
2.77
2.77
2.79
2.81
2.82
2.79
2.72
2.81
2.85
2.84
2.75
2.84
2.87
2.89
2.72
2.75
2.87
2.89
2.78
3.20
2.66
3.36
3.88
3.30
3.18
3.61
3.52
4.14
4.48
4.68
4.79
4.80
4.80
4.79
4.80
4.81
4.79
4.80
4.78
4.82
4.79
4.75
4.77
4.83
4.77
4.80
4.78
4.80
4.80
4.79
4.80
4.80
4.80
4.80
4.80
4.80
4.78
4.77
4.81
4.77
4.76
4.77
4.84
4.80
4.40
4.38
3.83
3.53
3.80
3.86
3.78
3.95
3.54
3.25
3.45
3.58
3.17
3.31
3.37
4.80
4.61
3.96
3.91
4.20
4.55
3.38
4.43
4.30
4.79
4.80
4.66
3.99
3.44
3.26
2.84
3.17
3.27
3.53
4.79
4.69
4.84
4.78
4.79
4.78
4.82
4.77
4.80
4.79
4.80
4.79
4.83
4.80
4.80
4.80
4.79
4.80
4.79
4.79
4.78
4.84
4.80
4.78
4.79
4.80
4.79
4.80
4.79
4.53
4.42
4.79
4.10
3.63
3.14
3.85
3.40
3.98
3.81
3.33
3.72
3.29
2.90
2.70
2.67
2.62
3.28
4.07
3.71
3.34
4.18
3.48
4.13
4.15
3.92
4.35
3.65
3.84
4.02
3.52
3.30
2.83
2.77
3.09
4.80
4.78
4.77
4.15
4.80
4.79
4.10
4.09
4.64
4.79
4.26
4.77
4.80
4.77
4.81
4.79
4.80
4.78
4.84
4.80
4.79
4.77
4.82
4.79
4.79
4.79
4.60
4.22
4.37
4.13
3.60
3.44
3.95
3.69
3.77
3.51
3.68
3.87
3.48
3.30
3.96
3.97
3.35
3.28
3.11
3.53
3.84
4.18
4.07
4.18
4.09
4.08
4.18
3.91
4.16
4.24
3.57
4.80
4.81
4.79
4.77
4.78
4.78
4.77
4.65
4.79
4.79
4.80
4.79
4.80
4.79
4.80
4.79
4.80
4.77
4.84
4.78
4.79
4.78
4.83
4.77
4.79
4.79
4.78
4.79
4.79
4.79
4.80
4.80
4.80
4.80
4.80
4.80
4.77
4.84
4.77
4.61
4.16
4.10
3.48
3.84
4.05
3.35
4.77
4.19
3.55
2.60
2.91
4.59
4.69
4.35
4.78
4.19
4.56
4.80
4.35
4.66
4.66
4.61
4.80
4.54
4.02
4.80
4.78
4.79
4.72
4.64
3.64
4.79
4.80
4.80
4.79
4.81
4.79
4.80
4.78
4.80
4.80
4.77
4.77
4.80
4.80
4.79
4.79
4.80
4.80
4.82
4.80
4.79
4.80
4.77
4.82
4.78
4.81
4.77
4.82
4.80
4.78
4.77
4.80
4.79
4.79
4.39
4.35
4.64
4.77
4.27
4.77
3.74
3.61
3.25
3.31
3.00
2.88
3.21
3.52
3.82
3.45
4.49
4.30
4.78
4.37
3.68
3.58
3.70
3.53
3.55
4.53
4.30
3.76
3.91
4.80
4.77
4.35
4.64
4.69
4.76
4.81
4.77
4.80
3.89
4.20
4.80
4.75
4.79
4.80
4.80
4.82
4.81
4.80
4.80
4.77
4.83
4.78
4.80
4.77
4.82
4.77
4.79
4.77
4.80
4.80
4.80
4.79
4.80
4.80
4.80
4.71
4.19
3.90
4.65
3.97
3.57
4.19
3.73
4.10
3.78
3.45
3.88
3.19
3.47
3.82
3.33
3.27
3.85
3.53
4.06
4.33
3.61
3.63
3.66
3.11
4.15
4.00
3.32
3.60
3.56
3.47
3.79
3.04
2.94
3.17
4.59
3.87
4.47
3.91
4.34
4.54
4.79
4.79
4.77
4.80
4.38
4.72
4.72
4.80
4.79
4.84
4.78
4.79
4.77
4.82
4.79
4.80
4.79
4.80
4.80
4.82
4.80
4.77
4.80
4.81
4.80
4.78
4.81
4.77
4.84
4.79
4.78
4.77
4.55
3.93
3.78
3.65
3.26
2.89
4.45
3.82
3.80
3.33
3.04
2.90
4.28
3.98
3.72
4.26
3.70
3.64
3.38
2.95
3.43
3.19
3.55
4.39
3.41
3.35
3.63
3.65
4.06
4.35
3.57
