1.51
1.63
1.63
1.59
1.50
1.54
1.59
1.56
1.65
1.52
1.75
1.59
1.46
1.24
1.12
1.60
1.85
1.68
1.79
2.04
2.04
1.81
2.33
2.11
2.26
2.24
2.48
3.22
2.92
2.55
2.30
2.66
2.88
3.01
3.34
3.20
2.67
2.41
2.27
2.17
2.04
2.38
2.54
2.31
2.09
2.34
2.21
1.86
1.78
1.77
1.77
1.54
1.68
1.55
1.45
1.45
1.41
1.35
1.47
1.63
1.52
1.88
2.06
2.11
2.22
2.17
2.01
2.10
1.73
2.34
2.06
1.77
2.12
1.95
2.33
2.57
2.90
2.92
2.62
2.77
2.93
3.39
3.43
3.35
3.44
4.23
3.21
2.73
2.36
2.19
1.85
2.10
2.63
2.73
2.23
2.30
1.95
1.79
1.76
1.68
1.78
1.81
1.58
1.53
1.52
1.51
1.39
1.41
1.26
1.59
1.90
2.26
2.39
2.06
2.56
2.75
2.22
2.72
2.01
2.01
1.87
1.92
1.69
1.76
1.69
2.18
2.58
2.89
2.90
3.28
2.95
2.69
2.20
1.96
2.15
1.76
1.54
1.45
1.44
1.40
1.58
1.77
1.61
1.52
1.51
1.47
1.37
1.43
1.36
1.29
1.47
1.60
1.59
1.76
1.38
1.95
2.05
1.88
2.44
2.59
2.63
2.39
1.87
1.83
1.74
2.07
2.50
2.84
2.59
2.92
3.05
3.07
4.19
4.83
4.77
4.80
4.79
4.80
4.78
4.20
3.58
2.83
2.85
2.86
2.45
2.27
2.45
2.55
2.30
1.92
1.96
1.69
1.82
1.74
1.65
1.65
1.54
1.77
1.70
1.72
2.11
1.92
1.75
2.00
2.44
2.03
2.23
2.36
2.07
1.97
1.79
2.19
2.48
2.93
2.82
2.19
1.97
2.58
3.25
3.80
4.54
3.71
3.36
2.61
2.40
2.53
2.16
2.05
1.83
1.70
1.89
2.03
1.86
2.23
1.96
2.31
2.24
2.28
2.50
2.40
2.81
2.88
2.92
3.33
3.30
3.68
3.66
3.51
3.72
3.64
3.66
3.56
3.57
4.26
3.67
3.31
2.72
2.38
2.28
2.18
2.23
3.40
3.45
4.41
4.44
4.39
3.90
3.27
3.60
2.76
2.72
2.65
2.42
2.30
1.87
1.68
1.54
2.14
1.95
2.00
1.84
1.66
1.69
1.67
1.62
1.53
1.40
1.32
1.38
1.61
1.78
2.12
1.84
1.99
1.92
2.34
2.13
1.84
1.45
1.80
1.91
1.81
1.86
1.68
1.76
2.25
2.30
3.35
3.32
4.27
4.31
4.03
4.55
4.17
4.57
3.79
3.60
3.18
2.51
2.21
1.64
1.78
1.57
1.51
1.45
1.41
1.30
1.37
1.28
1.12
0.90
1.19
1.38
1.40
1.32
1.74
1.61
1.84
2.13
1.91
1.72
2.99
2.70
2.54
1.97
1.80
1.65
1.52
1.48
1.43
1.31
1.39
1.60
1.64
2.10
2.12
2.31
4.41
4.73
4.79
4.80
4.77
4.29
3.49
3.92
3.95
3.91
3.21
2.40
2.31
2.00
1.83
1.89
1.71
2.10
1.87
1.55
1.60
1.41
1.54
1.53
1.30
1.31
1.54
1.62
1.51
2.08
1.85
2.24
2.57
2.16
2.56
2.49
2.35
2.15
2.10
1.88
1.97
1.79
2.06
2.38
2.19
2.08
2.17
2.60
4.25
4.15
3.30
3.30
4.69
4.18
3.64
3.39
2.79
2.10
1.84
1.94
1.78
1.82
1.76
1.84
1.88
1.58
1.86
1.57
1.57
1.51
1.32
1.41
1.32
1.44
1.44
1.62
1.78
1.74
1.70
2.31
2.00
2.27
1.97
1.95
2.07
2.05
1.75
2.03
1.74
2.10
1.97
2.40
3.66
4.76
4.77
4.75
4.29
4.77
4.77
4.38
4.34
4.44
3.81
3.14
2.99
2.90
2.61
2.65
2.37
2.40
2.49
2.29
2.43
2.25
2.30
2.47
2.15
2.22
1.86
1.80
1.74
1.64
1.91
1.85
1.79
1.82
1.97
2.92
2.67
2.08
1.87
2.11
1.92
2.20
2.98
2.55
2.89
2.83
2.94
2.45
2.23
2.27
3.10
3.06
3.52
2.93
3.09
2.49
2.73
2.39
2.19
2.02
1.99
1.60
1.62
1.58
1.44
1.43
1.31
1.40
1.44
1.33
1.48
1.47
1.64
1.88
1.96
2.58
2.72
3.70
3.77
3.63
4.01
3.88
3.69
3.75
3.69
3.64
3.66
3.38
3.85
3.92
4.35
3.73
3.52
4.21
4.26
4.80
4.80
4.65
4.69
3.96
3.44
3.17
2.50
2.04
1.69
1.27
1.36
1.22
1.42
1.52
1.56
1.32
1.41
1.21
1.27
1.36
1.42
1.35
1.36
1.45
1.42
1.90
2.13
2.51
3.51
3.25
3.96
3.70
3.44
3.34
3.62
3.69
4.09
3.54
3.68
3.70
3.75
4.03
4.79
4.30
4.70
4.24
3.50
