0.27
0.28
0.31
0.28
0.28
0.28
0.31
0.31
0.35
0.28
0.32
0.29
0.31
0.30
0.37
0.32
0.38
0.42
0.44
0.48
0.48
0.57
0.54
0.62
0.55
0.61
1.06
0.87
0.89
1.05
1.03
1.04
0.87
1.05
1.00
0.97
0.89
1.01
1.08
0.99
1.09
0.98
0.87
0.84
0.80
0.68
0.69
0.78
0.65
0.58
0.52
0.50
0.50
0.43
0.43
0.42
0.42
0.43
0.42
0.38
0.41
0.40
0.39
0.43
0.43
0.51
0.48
0.47
0.51
0.45
0.51
0.53
0.56
0.63
0.77
0.71
0.78
0.75
0.78
0.63
0.66
0.68
0.88
0.87
1.03
0.99
0.82
0.88
0.94
0.96
1.25
1.18
1.21
1.21
1.30
1.55
1.67
1.66
1.56
1.69
1.71
1.76
1.41
1.33
1.37
1.09
1.20
1.41
2.10
2.12
2.03
2.24
2.12
2.00
1.53
1.41
1.10
0.84
0.69
0.62
0.49
0.47
0.47
0.44
0.43
0.44
0.43
0.40
0.50
0.49
0.57
0.43
0.50
0.58
0.54
0.63
0.55
0.57
0.69
0.66
0.84
0.84
0.87
1.04
0.82
1.03
0.88
1.12
1.12
0.90
1.14
1.22
1.25
2.71
2.56
2.12
1.73
1.43
1.52
1.57
1.38
1.22
1.81
1.74
1.58
1.33
1.41
1.34
1.24
1.15
1.36
1.45
1.58
1.52
1.45
1.32
1.22
1.09
0.87
0.70
0.59
0.53
0.51
0.44
0.41
0.48
0.43
0.47
0.49
0.50
0.45
0.43
0.64
0.54
0.63
0.54
0.49
0.72
0.64
0.74
0.72
0.84
0.66
0.64
0.65
0.74
0.65
0.68
0.72
0.70
0.80
0.74
0.87
1.22
1.18
1.59
1.52
1.49
1.34
1.25
1.24
0.98
0.95
1.30
1.80
1.63
1.52
1.51
1.50
1.68
1.68
1.42
1.26
1.11
1.04
0.86
0.86
0.74
0.62
0.53
0.46
0.44
0.40
0.36
0.36
0.32
0.45
0.43
0.47
0.50
0.64
0.54
0.56
0.47
0.53
0.55
0.53
0.64
0.52
0.56
0.62
0.58
0.87
0.82
1.13
1.15
1.25
1.22
1.23
1.29
1.14
1.49
2.05
1.96
2.18
2.34
2.55
2.29
1.92
2.11
1.90
1.99
1.77
2.19
2.30
2.12
1.64
1.63
1.27
1.18
0.98
0.91
0.71
0.69
0.65
0.57
0.49
0.46
0.40
0.38
0.43
0.51
0.67
0.64
0.69
0.59
0.70
0.72
0.60
0.74
0.73
0.75
0.97
0.84
0.87
0.81
0.86
0.88
0.83
0.85
0.96
1.08
1.20
1.38
1.33
1.30
1.52
1.74
2.30
2.22
1.86
1.76
1.85
1.38
1.52
1.74
1.58
1.41
1.61
1.85
1.82
1.52
1.36
1.00
0.92
0.77
0.67
0.57
0.43
0.43
0.41
0.37
0.35
0.35
0.38
0.51
0.50
0.48
0.59
0.47
0.65
0.62
0.61
0.47
0.59
0.52
0.59
0.61
0.50
0.67
0.63
0.59
0.66
0.74
0.82
1.00
1.17
1.12
1.44
1.76
2.00
1.77
1.78
1.67
1.76
1.65
1.44
1.42
1.27
1.25
1.30
1.59
1.28
1.14
1.00
0.93
0.87
0.77
0.64
0.55
0.47
0.43
0.40
0.40
0.36
0.39
0.37
0.38
0.38
0.37
0.38
0.40
0.43
0.46
0.65
0.51
0.59
0.57
0.62
0.51
0.51
0.51
0.61
0.54
0.61
0.62
0.87
0.95
1.09
1.09
0.92
1.08
1.13
1.82
2.24
1.89
2.00
1.98
2.26
2.00
1.74
1.71
1.78
1.92
1.84
1.58
1.41
1.29
1.20
1.11
1.02
0.90
0.71
0.68
0.68
0.68
0.57
0.56
0.53
