1.88
1.92
1.81
1.61
1.41
1.50
1.50
1.89
1.71
1.90
1.92
1.87
1.88
1.89
1.64
1.92
1.72
1.87
2.18
1.72
1.92
1.58
2.01
1.99
2.50
2.70
3.15
3.30
2.69
2.85
3.32
3.56
3.55
4.37
4.60
4.30
3.63
4.16
3.57
3.43
2.96
2.81
2.63
2.55
2.47
2.13
1.93
2.13
2.19
2.36
2.30
2.61
2.17
2.48
2.49
2.08
1.99
1.86
1.63
1.56
1.57
1.69
1.66
1.58
1.60
1.52
1.47
1.94
2.15
2.39
2.76
3.00
2.72
2.41
2.36
2.04
2.29
2.12
1.85
1.77
1.96
2.04
2.46
2.77
3.05
3.81
3.95
3.80
4.13
4.78
4.71
4.77
4.83
4.77
4.80
4.79
4.80
4.66
3.60
2.98
2.38
2.79
2.38
2.88
2.40
2.26
2.03
2.03
2.07
2.09
1.92
2.13
2.27
1.97
1.71
1.68
1.76
1.50
1.53
1.61
1.82
1.93
1.99
2.35
2.51
2.39
3.03
2.91
3.05
2.88
2.81
2.31
2.13
2.07
2.90
2.92
4.09
4.53
4.45
4.79
4.79
4.80
4.80
4.80
4.61
4.82
4.79
4.74
4.16
3.56
3.11
2.86
2.52
2.63
2.17
2.20
2.34
2.12
2.02
1.93
1.90
1.71
1.74
1.65
1.56
1.83
1.67
1.39
1.42
1.40
1.49
1.69
1.34
1.63
2.21
2.65
2.03
2.05
2.12
2.11
2.50
2.41
2.30
2.81
2.20
2.70
2.93
2.83
3.20
3.12
3.86
4.52
4.79
4.39
4.80
4.10
4.80
4.78
4.77
4.79
4.79
3.89
3.24
2.63
2.50
2.51
2.62
2.29
2.75
2.97
2.97
2.33
2.39
2.18
2.19
2.03
1.99
2.14
2.08
1.91
1.77
1.73
1.81
2.49
2.37
3.22
3.14
2.69
2.90
2.69
2.72
2.89
2.62
3.18
3.04
2.77
3.21
3.19
3.05
2.71
2.32
2.69
2.86
3.61
3.00
3.67
4.27
4.35
4.31
4.45
3.93
3.72
2.99
2.60
2.58
2.95
2.46
2.80
2.56
2.27
2.35
2.17
1.86
1.90
1.89
1.86
2.05
1.88
1.73
1.74
1.78
2.30
2.68
3.47
3.26
2.89
2.52
3.08
3.46
2.73
3.01
2.92
2.57
2.55
2.41
2.42
2.34
2.29
3.21
3.59
3.93
4.38
4.40
4.47
4.00
3.83
4.49
4.79
4.81
4.79
4.06
3.20
3.04
3.09
4.02
3.17
3.36
3.02
2.94
2.94
2.28
2.51
2.09
2.67
2.21
1.99
1.88
1.83
1.69
1.51
1.62
1.81
1.61
2.02
3.07
3.59
4.31
3.35
3.46
2.93
2.96
3.11
2.64
2.69
2.94
3.16
3.23
3.09
4.15
4.73
4.82
4.79
4.80
4.78
4.80
4.79
4.78
4.77
4.82
4.77
4.77
4.07
3.16
3.30
3.12
2.37
1.95
2.61
2.93
2.77
2.59
2.44
2.18
2.49
2.04
1.97
1.74
1.57
1.56
1.65
1.40
1.37
1.63
1.82
2.76
2.52
2.00
2.26
2.27
2.57
2.24
2.18
2.05
2.14
2.15
1.94
2.15
2.92
3.65
4.34
3.90
4.18
4.29
4.04
3.72
4.60
4.80
4.79
4.76
4.22
3.79
3.32
2.98
2.99
2.80
2.74
3.19
2.71
2.82
2.50
2.36
2.25
1.96
1.92
2.38
1.96
2.06
1.72
1.77
1.91
1.70
1.57
1.73
2.57
3.32
3.00
4.80
4.41
3.44
4.50
3.53
3.43
2.86
2.58
2.01
1.87
1.92
2.97
3.43
3.94
3.67
3.63
3.94
4.30
4.79
4.80
4.79
4.81
4.77
4.81
4.78
4.83
4.26
3.31
3.61
3.17
3.66
3.92
3.68
3.50
3.06
2.55
2.39
2.51
2.12
1.99
2.04
1.82
1.67
1.66
1.62
1.69
1.99
2.47
2.48
2.86
3.21
3.54
3.29
3.63
3.03
2.79
2.38
3.02
2.83
2.21
2.00
2.64
3.44
3.71
4.54
4.78
4.77
4.84
4.78
4.79
4.78
4.82
4.77
4.80
4.79
3.70
3.42
2.89
2.49
3.37
3.68
3.83
3.57
3.21
3.04
2.52
2.40
2.42
2.22
2.49
2.16
2.09
1.91
1.90
1.89
1.74
2.37
2.96
2.67
3.81
3.61
3.54
3.71
2.89
2.70
2.53
2.45
2.72
2.38
2.49
2.34
2.90
2.74
3.57
3.36
3.48
4.78
4.80
4.69
4.80
4.79
4.80
4.80
4.80
4.81
4.80
4.80
4.78
4.81
4.77
4.81
4.79
4.84
4.80
4.78
4.77
4.80
4.80
4.83
4.80
4.78
4.81
4.35
3.98
3.75
3.26
3.00
2.77
2.46
2.50
2.15
2.62
2.51
2.36
3.07
2.57
2.45
2.12
2.28
2.23
2.02
1.85
1.77
1.72
1.64
1.78
1.94
2.00
2.32
2.01
1.83
1.83
1.74
1.72
1.52
