1.23
1.35
1.60
1.53
1.42
2.27
2.55
2.10
2.11
1.91
1.84
1.95
2.63
2.88
3.71
3.72
3.34
4.59
4.58
4.69
4.81
4.70
3.87
4.02
4.84
4.78
4.79
4.77
4.82
4.77
4.80
4.80
4.80
4.06
3.60
3.28
3.05
2.75
2.39
2.18
2.33
2.24
2.22
2.23
2.21
2.82
2.54
2.08
2.52
2.74
2.38
1.88
2.07
2.01
2.17
2.05
1.75
1.92
1.78
1.59
1.69
2.15
2.51
2.38
3.09
3.28
3.59
3.16
2.64
2.62
2.50
2.89
3.24
3.34
2.81
2.84
3.48
4.13
4.53
4.51
4.78
4.80
4.79
4.80
4.78
4.84
4.79
4.79
4.77
4.82
4.79
4.79
4.80
4.80
4.79
4.79
4.67
3.89
3.20
3.28
2.89
2.91
3.64
4.33
4.72
4.79
4.31
4.15
3.89
3.26
3.09
3.21
2.95
2.58
2.53
2.72
2.22
1.86
2.00
1.88
1.55
1.81
1.76
1.79
1.78
2.12
2.21
2.35
3.15
3.77
3.57
3.26
2.52
2.99
2.90
2.60
4.55
3.49
2.76
2.61
2.48
2.36
3.93
4.31
4.80
4.80
4.70
4.34
3.98
4.53
4.23
4.79
4.76
4.78
4.84
4.78
4.79
4.78
4.84
4.27
4.42
4.13
3.87
3.92
3.75
3.81
3.40
3.47
3.71
3.85
4.34
4.17
3.96
4.30
4.07
4.10
4.73
4.14
4.02
4.18
3.44
3.28
3.10
3.64
3.23
4.22
3.64
3.04
2.83
2.05
1.95
2.07
1.68
1.63
2.18
2.17
3.21
2.79
4.07
3.72
3.90
4.23
4.80
3.87
3.87
4.24
3.24
3.08
3.20
3.39
3.58
4.28
3.31
3.46
3.58
4.80
4.24
4.12
4.77
4.69
4.48
4.77
4.79
4.80
4.80
4.78
4.79
4.80
4.80
4.82
4.80
4.78
4.81
4.80
4.82
4.30
4.09
3.88
3.69
3.45
3.22
3.35
2.99
3.13
2.90
3.36
3.11
3.49
3.65
3.68
3.57
2.87
3.14
2.95
2.77
2.99
2.49
2.52
2.45
1.92
2.03
1.74
1.91
2.11
2.26
2.19
3.46
4.36
3.95
3.40
3.60
3.60
4.17
4.08
4.13
4.07
4.09
4.77
4.65
4.78
4.47
3.72
3.74
3.99
4.04
4.10
3.82
3.70
3.77
4.50
4.49
4.80
4.79
4.80
4.78
4.81
4.77
4.81
4.77
4.84
4.80
4.78
4.78
4.80
4.79
4.79
4.79
4.79
4.80
4.82
4.78
4.17
3.45
3.51
3.20
3.13
3.22
3.01
3.05
3.81
4.07
4.10
3.56
4.57
4.78
4.79
4.80
4.56
4.28
4.30
4.15
3.82
3.04
3.15
3.16
4.33
4.15
3.76
3.89
3.84
4.20
3.51
3.17
2.99
2.59
2.36
2.47
2.28
1.94
2.36
3.18
2.75
3.03
3.51
3.61
4.60
4.41
3.98
4.03
4.80
4.80
4.79
4.81
4.78
4.67
4.80
4.77
4.78
4.80
4.70
4.82
4.21
4.09
4.11
3.89
3.84
4.31
3.92
4.44
4.13
4.79
4.79
4.78
4.84
4.79
4.78
4.77
4.80
4.80
4.79
4.80
4.80
4.80
4.80
4.80
4.78
4.80
4.78
4.84
4.79
4.80
4.77
4.51
3.76
3.19
3.08
2.74
2.72
3.01
2.55
2.38
2.33
3.84
3.92
3.48
3.89
3.86
4.26
3.41
3.39
2.84
3.17
2.92
2.87
3.30
3.15
2.75
2.79
2.91
2.75
2.83
2.74
3.05
3.06
3.54
3.65
3.89
4.63
4.67
4.77
4.81
4.78
4.79
4.78
4.84
4.52
4.80
4.79
4.45
4.21
3.76
3.42
3.21
3.13
2.62
2.66
2.04
2.18
2.47
2.74
4.04
4.79
4.77
4.82
4.69
4.80
4.78
4.83
4.77
4.80
4.79
4.80
4.80
4.83
4.80
4.80
4.80
4.78
4.82
4.79
4.79
4.77
4.84
4.80
4.75
4.77
4.80
4.58
4.44
4.44
4.14
4.06
4.14
4.47
4.80
4.83
4.80
4.80
4.67
4.07
4.18
4.48
4.09
4.13
4.28
4.39
3.59
4.61
4.09
3.95
3.47
3.28
3.23
2.77
2.59
2.07
1.65
1.58
1.57
1.59
1.83
1.98
2.15
2.93
2.69
2.87
2.96
2.97
2.82
3.22
4.54
4.39
3.72
3.62
3.39
3.99
3.82
3.36
2.63
2.44
2.16
1.85
1.90
1.70
1.53
1.41
1.52
1.33
2.12
1.96
1.85
2.07
1.87
2.00
2.06
1.92
2.12
1.99
2.13
2.12
2.05
2.17
