2.59
2.65
2.71
2.65
2.69
2.57
2.66
2.71
2.68
2.73
2.86
3.19
2.88
2.75
2.47
2.43
2.73
3.23
3.65
3.70
3.36
3.26
2.90
3.17
3.28
3.44
2.96
3.04
2.97
3.27
4.01
3.96
4.00
3.92
3.70
3.08
3.21
3.55
4.35
4.01
3.41
3.12
3.14
3.20
3.51
3.42
3.26
3.12
2.91
2.91
2.69
2.53
2.75
2.69
2.75
3.09
3.04
2.91
2.69
2.50
2.24
2.14
2.31
2.63
2.29
2.63
2.77
2.71
2.92
2.86
2.76
2.92
3.05
3.01
2.96
2.99
3.01
2.95
3.13
3.06
2.86
2.95
2.86
2.73
2.41
2.79
2.54
2.73
2.82
2.46
2.08
1.93
2.24
2.33
2.22
2.46
2.92
2.61
3.00
3.29
2.76
2.85
2.91
3.25
3.26
3.24
3.74
3.39
3.41
3.15
3.00
2.56
2.59
2.71
2.66
3.12
2.90
3.44
3.29
2.60
2.79
3.41
3.46
3.00
2.93
3.16
3.27
3.27
3.33
3.33
3.00
3.20
3.19
3.05
3.06
2.61
2.91
3.01
2.47
2.37
2.31
2.62
2.52
2.57
2.49
2.68
2.60
2.75
2.91
3.00
2.83
2.85
3.04
3.13
2.96
2.78
2.83
2.84
2.78
2.84
2.89
3.11
2.70
2.81
2.75
2.81
3.27
3.23
2.71
2.56
2.69
2.33
2.71
3.55
3.73
2.96
2.68
2.94
3.92
3.13
2.66
2.54
2.62
3.16
3.18
3.93
3.43
3.63
3.82
3.41
3.29
3.16
2.89
2.85
2.67
2.99
2.44
2.95
3.32
3.41
3.60
3.52
3.04
2.92
2.92
3.17
3.07
3.28
3.32
2.87
2.79
2.47
2.70
2.63
2.61
2.70
2.63
2.76
2.84
2.73
2.82
2.89
2.97
2.72
2.77
2.74
2.65
2.27
2.59
2.62
2.63
2.52
2.59
2.59
2.76
2.78
2.85
2.74
2.54
2.55
2.99
2.71
2.95
2.99
3.13
3.44
2.92
2.97
2.96
3.05
3.13
2.65
2.80
2.66
3.02
2.93
2.87
2.79
3.30
3.96
3.89
3.86
3.61
3.64
4.16
4.20
4.19
3.92
3.70
3.08
3.41
4.06
4.01
3.53
3.53
3.29
3.17
3.07
2.97
3.03
3.15
3.03
3.18
3.44
3.51
3.13
2.81
2.40
2.50
2.70
2.73
2.77
2.51
2.43
2.28
2.49
2.47
2.50
2.24
2.46
2.48
2.80
2.87
2.87
2.88
2.81
2.47
2.34
2.25
2.39
1.78
1.82
1.85
2.45
2.79
2.83
2.38
2.49
2.68
2.53
2.41
2.63
2.77
2.97
2.59
2.56
2.77
3.08
2.53
2.99
3.12
3.23
3.48
3.45
2.81
2.38
2.51
2.73
2.41
2.42
3.28
3.19
2.58
2.51
2.38
2.58
3.06
2.97
3.57
3.30
3.33
3.49
3.52
3.78
3.74
3.45
3.01
2.62
2.22
2.64
2.42
2.24
2.12
2.60
2.79
2.63
3.05
3.16
3.06
3.38
3.34
3.02
2.68
2.82
2.94
3.01
2.89
2.65
2.82
2.61
2.61
2.81
2.94
2.94
2.95
2.66
2.69
2.73
2.71
2.83
2.97
3.37
3.60
3.57
3.45
3.14
3.09
3.08
3.23
2.96
3.24
3.12
3.10
2.74
2.95
2.95
3.25
3.21
2.38
2.39
2.90
2.79
3.25
2.97
3.06
3.51
3.27
3.23
2.87
2.88
2.86
2.87
2.69
3.31
3.28
3.41
3.18
3.18
3.48
3.99
3.06
3.63
3.79
3.20
3.71
3.85
3.78
3.54
3.17
3.44
2.95
3.12
3.39
3.71
3.46
3.36
3.90
3.77
3.67
2.97
3.21
3.34
3.71
3.13
3.03
3.37
3.10
2.57
3.02
2.95
3.04
2.94
3.24
3.06
2.94
2.74
2.70
2.81
2.83
2.67
2.54
2.53
2.71
2.57
2.39
2.52
2.35
2.19
2.26
2.25
2.32
2.47
2.64
2.94
2.87
2.74
2.61
2.46
2.57
2.53
2.87
2.66
3.13
2.80
3.15
2.89
2.83
2.79
2.86
2.61
2.66
2.48
2.54
2.88
2.93
2.66
2.63
