1.20
1.30
1.54
1.81
1.91
1.81
1.85
1.96
1.76
2.00
1.85
1.80
2.14
1.81
1.96
1.81
1.79
2.14
1.91
2.16
2.44
2.34
2.62
3.50
3.83
3.78
3.68
4.78
4.81
4.81
4.80
4.78
4.84
4.80
4.78
4.77
4.80
4.78
4.78
4.79
4.80
4.80
4.68
4.22
3.56
3.34
2.79
2.46
2.35
2.40
2.30
2.12
2.46
2.26
2.44
2.30
2.04
1.74
1.84
1.95
1.76
1.68
1.92
2.31
2.15
2.01
2.55
2.63
2.46
2.29
2.07
1.86
2.38
2.94
3.86
3.68
4.15
4.32
3.98
3.22
3.45
4.12
3.31
2.95
2.85
3.26
3.25
3.15
2.88
3.59
3.92
3.76
3.45
4.29
4.79
4.80
4.77
4.30
4.78
4.79
4.77
4.82
4.80
4.77
4.77
4.79
4.80
4.74
4.80
4.23
4.72
4.51
4.80
4.79
4.66
4.78
4.83
4.29
3.77
3.64
2.79
2.61
2.45
2.21
2.14
2.48
2.58
2.89
2.65
2.58
2.26
2.21
2.13
2.39
2.27
1.90
2.52
2.46
2.09
2.39
2.73
2.53
2.03
1.94
2.23
2.10
1.97
1.67
1.40
1.65
1.87
1.78
2.05
1.93
1.99
2.06
1.74
1.68
1.88
1.96
1.81
2.16
2.48
3.10
3.79
3.84
4.23
4.79
4.79
4.79
4.79
4.80
4.80
4.81
4.42
4.80
4.77
4.82
4.80
4.80
4.78
4.84
4.80
4.80
4.79
4.80
4.79
4.80
4.80
4.80
4.51
3.91
3.85
3.28
3.07
3.04
2.72
2.65
2.67
2.52
2.25
2.16
2.03
2.38
2.48
2.22
2.22
2.65
2.65
3.11
2.67
2.51
2.68
2.58
2.92
3.36
2.53
2.94
2.94
2.37
2.07
1.97
2.11
2.17
2.82
2.56
2.52
3.14
3.91
4.79
4.50
4.74
3.94
3.62
3.94
4.36
4.08
4.78
4.81
4.81
4.78
4.77
4.84
4.78
4.79
4.78
4.83
4.77
4.79
4.77
4.80
4.74
4.04
3.61
3.58
3.04
2.94
2.67
2.61
2.68
2.37
2.03
2.19
2.02
1.72
2.02
2.79
2.97
3.42
3.72
2.98
3.19
2.73
2.77
2.96
2.97
2.89
2.81
2.49
2.20
2.26
1.85
2.04
2.22
1.81
2.12
1.85
1.98
2.58
3.44
4.80
4.77
4.78
4.79
4.79
4.79
4.70
4.80
4.80
4.80
4.80
4.80
4.77
4.84
4.79
4.79
4.51
4.35
4.79
4.78
4.65
4.80
4.70
3.44
3.56
3.40
3.04
2.49
2.14
2.26
2.20
2.21
1.88
1.85
1.85
2.48
2.08
1.91
1.96
2.79
2.47
2.84
2.78
2.28
2.37
2.44
2.57
2.58
2.21
2.28
1.95
2.09
1.77
1.63
1.82
1.61
2.01
3.55
3.39
3.50
4.23
3.15
3.57
4.00
4.32
4.44
4.79
4.79
4.80
4.80
4.80
4.78
4.81
4.80
4.80
4.79
4.80
4.79
4.84
4.80
4.78
4.54
3.47
3.23
2.79
2.38
2.05
1.81
1.68
1.88
1.76
2.02
1.78
2.38
2.10
2.09
2.01
1.88
1.68
1.58
2.18
2.08
1.97
2.30
2.13
1.90
2.04
2.63
2.39
2.18
2.71
2.60
2.54
3.40
2.85
2.58
2.03
2.34
2.95
4.01
4.74
4.80
4.78
4.79
4.46
3.89
3.97
4.05
4.80
4.80
4.78
4.82
4.78
4.80
4.77
4.83
4.80
4.78
4.77
4.79
4.80
4.26
3.50
2.89
2.67
2.29
2.49
2.52
2.76
2.92
2.66
2.79
2.74
2.77
2.84
2.55
2.49
2.29
2.35
2.58
2.14
1.93
2.34
2.19
2.81
3.26
2.47
2.83
2.76
3.18
2.97
3.56
3.21
3.85
4.78
4.48
4.71
4.67
4.34
4.35
4.35
4.82
4.57
4.15
4.79
4.80
4.80
4.83
4.80
4.80
4.80
4.79
4.62
4.79
4.80
4.25
4.61
4.44
4.27
3.29
2.60
2.46
2.08
2.38
2.24
2.10
2.33
2.86
2.53
2.44
2.58
2.60
2.72
2.61
2.24
2.01
2.20
2.01
2.21
1.98
1.77
2.18
1.75
2.16
2.25
1.96
2.08
1.69
