2.71
2.91
3.17
2.91
3.26
2.84
2.22
2.42
3.68
3.56
3.27
3.24
2.97
2.66
2.62
2.76
3.87
3.86
3.28
3.14
3.48
3.08
2.64
3.69
3.31
3.97
4.80
4.77
4.80
4.28
4.63
4.77
4.84
4.80
4.78
4.77
4.80
4.77
4.71
4.80
4.78
4.80
4.79
4.80
4.80
4.80
4.78
4.84
4.51
4.40
3.51
2.63
2.65
2.97
2.32
2.37
2.30
2.12
2.13
2.42
2.94
3.75
3.35
4.18
3.50
4.21
3.86
3.40
2.85
3.04
3.63
3.18
3.53
4.35
3.73
3.29
3.78
3.70
3.53
4.53
4.78
3.86
4.65
4.59
4.20
4.80
4.73
4.78
4.77
4.82
4.78
4.79
4.78
4.84
4.77
4.80
4.80
4.78
4.80
4.83
4.80
4.80
4.80
4.78
4.58
3.69
3.08
2.70
2.39
2.19
2.83
2.91
3.01
4.15
3.49
2.86
2.48
3.26
3.44
2.89
3.42
3.98
4.24
4.17
4.58
3.82
3.85
4.24
3.82
3.31
3.47
3.46
4.05
4.52
4.77
4.82
4.77
4.80
4.80
4.79
4.80
4.83
4.80
4.79
4.81
4.80
4.81
4.81
4.80
4.78
4.80
4.79
4.79
4.77
4.82
4.80
4.78
4.79
4.80
4.80
4.80
4.80
4.61
3.63
3.38
3.31
3.53
3.52
3.55
3.55
3.70
3.49
4.17
3.30
3.49
3.64
3.73
3.58
3.96
4.06
3.78
3.46
3.19
2.95
3.77
3.75
4.54
3.96
4.35
4.72
4.66
4.05
3.71
4.14
4.75
4.77
4.80
4.80
4.78
4.80
4.80
4.80
4.80
4.81
4.80
4.80
4.80
4.83
4.79
4.75
4.80
4.82
4.77
4.80
4.63
3.57
2.68
2.41
2.46
2.59
2.59
3.15
3.76
3.31
3.46
3.34
4.52
3.84
3.68
4.28
3.50
4.76
4.21
4.78
4.21
4.33
3.86
3.76
3.61
3.51
3.55
3.80
4.46
4.79
4.48
4.80
4.77
4.80
4.79
4.80
4.80
4.80
4.79
4.82
4.76
4.81
4.77
4.82
4.80
4.78
4.77
4.80
4.80
4.83
4.80
4.80
4.80
4.78
4.81
4.80
4.44
3.59
3.19
3.76
3.43
4.38
4.82
4.79
4.80
4.30
4.80
4.57
4.79
4.80
4.31
4.80
4.35
4.27
4.52
4.09
3.70
3.57
3.57
4.69
4.22
4.40
4.79
4.80
4.79
4.80
4.81
4.83
4.80
4.80
4.80
4.78
4.82
4.79
4.80
4.78
4.82
4.83
4.79
4.78
4.80
4.80
4.78
4.79
4.80
4.80
4.83
4.80
4.80
4.78
4.44
3.75
3.42
3.56
4.76
4.84
4.78
4.79
4.02
4.65
4.79
4.40
4.32
4.11
4.80
4.83
4.64
4.80
4.80
4.78
4.82
4.79
4.04
4.71
4.81
3.70
4.49
4.79
4.80
4.80
4.79
4.80
4.80
4.80
4.82
4.80
4.80
4.80
4.78
4.82
4.79
4.80
4.77
4.83
4.77
4.80
4.79
4.79
4.80
4.80
4.80
4.80
4.80
4.79
4.81
4.78
4.80
4.77
4.82
4.80
4.77
4.74
4.83
4.38
4.80
4.80
4.80
4.80
4.80
4.80
4.80
4.82
4.52
4.82
4.79
4.80
4.77
4.80
4.76
4.81
4.77
4.82
4.79
4.80
4.80
4.79
4.80
4.80
4.77
4.77
4.81
4.80
4.81
4.79
4.80
4.79
4.84
4.80
4.78
4.77
4.80
4.80
4.79
4.79
4.80
4.80
4.80
4.81
4.79
4.80
4.77
4.84
4.79
4.80
4.80
4.82
4.79
4.80
4.79
4.80
4.78
4.83
4.80
4.80
4.76
4.79
4.80
4.81
4.80
4.79
4.82
4.75
4.81
4.77
4.80
4.79
4.78
4.79
4.80
4.60
4.51
3.67
3.44
3.79
4.05
3.79
4.08
4.80
4.79
4.84
4.80
4.78
4.77
4.80
4.80
4.79
4.80
4.79
4.80
4.80
4.80
4.80
4.80
4.79
4.80
4.80
4.81
4.80
4.81
4.78
4.84
4.80
4.78
4.71
4.80
4.77
4.80
4.79
4.70
4.79
4.82
4.80
4.34
4.62
3.69
3.21
3.15
2.91
2.97
2.72
2.56
2.22
2.45
2.38
2.29
2.23
2.07
2.04
2.36
2.11
1.87
1.96
1.71
1.66
1.70
1.58
1.54
1.52
1.53
1.58
1.46
1.44
1.46
1.52
