4.80
4.82
4.80
4.80
4.79
4.84
4.80
4.78
4.77
4.80
4.80
4.79
4.79
4.79
4.79
4.79
4.80
4.80
4.80
4.78
4.82
4.79
4.80
4.79
4.84
4.79
4.79
4.78
4.80
4.80
4.79
4.80
4.78
4.80
4.79
4.79
4.80
4.80
4.81
4.81
4.79
4.80
4.78
4.83
4.77
4.80
4.77
4.80
4.80
4.80
4.80
4.68
4.80
4.80
4.81
4.78
4.49
4.55
4.74
4.77
4.81
4.24
3.69
3.89
3.57
3.26
3.71
4.30
4.52
4.80
3.85
4.17
3.85
3.90
3.93
3.55
3.85
4.39
4.20
3.97
3.99
3.82
3.96
3.95
4.00
3.84
3.94
4.05
3.94
3.84
3.71
3.66
4.05
3.79
3.82
3.60
3.68
3.75
3.63
3.76
3.75
4.00
4.07
4.07
4.29
4.45
4.62
4.54
4.30
4.29
4.18
4.17
4.02
4.17
4.13
3.99
4.01
3.99
4.08
4.16
4.17
4.12
4.19
4.32
4.37
4.35
4.24
4.24
4.27
3.92
4.07
4.29
4.25
4.11
4.12
4.31
4.07
4.15
4.28
4.03
4.37
4.32
4.57
4.30
4.21
4.14
4.53
4.16
4.49
4.13
3.86
3.59
4.03
4.20
4.74
4.45
4.14
3.47
3.47
3.73
3.32
3.30
4.31
4.78
4.78
4.33
4.19
3.95
4.46
4.49
4.43
4.61
4.00
3.95
4.05
3.93
3.37
3.46
4.16
4.44
4.17
4.73
4.14
3.90
3.16
3.40
3.27
4.26
3.75
4.38
4.61
4.05
4.07
3.97
3.26
3.68
3.48
3.52
3.21
3.19
3.30
2.95
2.96
2.60
2.46
2.77
2.82
3.04
3.04
3.05
3.08
3.01
3.13
2.98
3.31
3.24
3.33
2.96
3.03
3.23
3.21
3.17
3.00
2.84
3.22
3.23
3.16
3.04
3.19
3.50
3.36
3.34
3.18
3.29
3.03
3.09
3.20
3.19
3.10
3.38
3.65
3.35
3.41
3.37
3.66
3.57
3.63
3.83
3.66
3.70
3.55
3.57
3.75
3.79
3.91
3.66
3.64
3.70
3.74
3.80
3.78
3.68
3.78
3.76
3.75
3.67
3.75
3.84
3.79
3.75
3.81
3.91
3.84
3.76
3.75
3.98
3.91
3.84
3.92
3.78
3.82
3.78
3.91
3.92
3.64
4.19
4.20
3.93
4.13
4.24
4.03
3.67
3.66
3.26
3.43
2.90
2.47
3.23
3.55
3.91
4.07
3.67
4.30
3.90
3.63
3.94
4.39
4.30
3.57
3.17
3.69
3.41
3.48
2.80
2.63
3.45
3.74
3.73
4.36
4.17
4.02
3.79
3.05
3.09
2.94
3.34
2.89
2.77
2.70
2.65
2.62
3.22
3.04
3.13
3.53
3.00
2.91
2.73
3.06
3.21
3.39
3.12
3.11
3.48
3.12
2.96
3.08
3.16
3.27
3.07
3.23
2.98
2.87
2.93
2.94
2.85
2.82
2.84
2.87
2.98
2.92
2.88
2.97
3.18
3.14
2.97
3.16
3.01
3.24
3.01
3.01
2.94
2.91
2.93
3.63
3.62
3.66
3.81
3.70
3.65
3.30
3.49
3.69
3.65
3.42
3.64
3.76
4.10
3.84
3.66
3.63
3.51
3.52
3.26
3.32
3.34
3.36
3.35
3.42
3.48
3.56
3.48
3.43
3.55
3.37
3.51
3.44
3.52
3.64
3.90
3.89
3.64
3.25
3.62
4.19
4.16
3.98
4.44
4.65
4.30
3.39
3.64
3.88
3.59
4.35
4.41
3.60
3.48
3.75
3.67
3.42
3.36
3.67
4.33
3.98
4.01
3.88
3.56
2.84
3.69
4.15
4.32
3.82
3.91
3.28
3.53
3.20
3.12
3.06
2.62
2.83
3.03
3.09
3.26
2.78
2.85
3.16
3.12
3.18
3.31
3.13
3.18
3.25
2.92
3.10
3.11
3.12
2.92
2.97
3.09
2.88
2.76
3.13
2.90
3.14
2.89
2.75
2.63
2.95
2.85
2.77
2.57
2.65
2.59
2.80
2.68
2.60
2.66
2.55
2.78
2.86
2.87
2.93
2.93
3.02
3.02
2.97
3.09
2.80
2.85
2.61
3.11
2.79
2.95
2.53
2.63
2.72
2.85
2.65
3.03
2.67
3.21
3.08
3.23
2.96
3.20
3.16
2.92
3.09
2.86
3.08
2.88
2.65
2.67
2.82
2.95
2.88
3.00
3.02
2.99
2.99
2.88
2.89
3.02
