1.48
1.52
1.49
1.49
1.52
1.58
1.62
1.56
1.57
1.52
1.48
1.50
1.50
1.66
1.97
1.67
1.79
1.67
1.80
2.02
2.08
2.58
3.14
2.96
2.17
2.09
2.01
2.27
1.80
1.94
2.12
2.06
2.10
2.21
2.12
2.16
1.80
1.61
1.51
1.48
1.51
1.69
1.58
1.57
1.58
1.67
1.71
1.74
1.82
1.80
1.78
1.74
1.68
1.66
1.59
1.57
1.73
1.66
2.01
1.91
1.74
1.54
1.65
1.59
1.59
1.59
1.58
1.72
1.62
1.61
1.69
1.47
1.56
1.68
1.48
1.62
1.60
1.81
2.19
2.35
2.77
2.44
2.17
2.20
1.99
2.25
2.52
2.56
2.23
1.81
1.92
2.10
1.67
1.45
1.50
1.55
1.52
1.45
1.52
1.57
1.55
1.55
1.71
1.62
1.64
1.52
1.64
1.51
1.78
1.68
1.74
1.66
1.61
1.80
1.73
1.57
1.66
1.67
1.56
1.70
1.76
1.89
2.10
1.74
1.62
1.83
2.02
2.30
2.51
2.19
2.08
1.69
1.54
1.84
1.64
2.13
2.15
2.27
2.37
1.67
1.92
2.08
1.98
1.97
1.91
2.03
2.26
2.08
1.90
1.73
1.67
1.64
1.59
1.81
1.65
1.70
1.71
1.67
1.45
1.52
1.46
1.69
1.88
1.67
1.56
1.69
1.50
1.38
1.35
1.48
1.49
1.52
1.47
1.63
1.78
1.78
2.13
1.81
1.93
2.20
2.14
1.78
1.88
1.78
1.95
2.00
2.25
2.08
2.05
2.14
1.99
1.91
1.43
1.63
1.66
1.49
1.91
2.00
1.65
1.91
1.98
1.87
1.71
1.63
1.52
1.53
1.63
1.68
1.64
1.59
1.53
1.57
1.62
1.64
1.65
1.78
1.54
1.56
1.66
1.63
1.65
1.53
1.52
1.49
1.54
1.69
1.67
1.54
2.04
1.83
1.74
1.66
2.18
2.02
1.97
1.92
2.02
2.09
1.96
1.77
1.70
1.54
1.71
1.86
1.99
1.74
1.55
1.99
2.76
2.81
2.50
2.09
1.95
1.89
1.81
1.81
1.74
1.72
1.49
1.48
1.69
1.67
1.65
1.60
1.49
1.45
1.52
1.53
1.58
1.63
1.61
2.11
2.27
1.89
1.81
1.75
1.70
1.67
1.55
1.45
1.64
1.44
1.52
1.60
1.88
1.78
2.05
2.18
2.41
2.07
1.87
2.35
1.98
1.83
1.72
1.59
1.65
1.64
2.13
2.41
2.66
2.36
2.81
2.84
2.81
2.22
1.89
1.85
1.76
1.52
1.55
1.45
1.60
1.74
1.65
1.51
1.37
1.42
1.41
1.41
1.52
1.72
1.80
1.73
1.50
1.56
1.54
1.49
1.54
1.61
1.55
1.47
1.67
1.35
1.30
1.26
1.46
1.44
1.44
1.80
2.44
2.22
2.64
2.82
3.03
2.75
2.39
2.57
2.36
2.07
1.86
1.86
1.87
1.86
1.57
1.75
2.16
2.14
2.02
1.82
1.66
1.60
1.51
1.46
1.44
1.41
1.48
1.65
1.41
1.52
1.53
1.40
1.31
1.31
1.25
1.32
1.50
1.91
1.65
1.65
1.59
1.52
1.56
1.53
1.57
1.51
1.57
1.60
1.84
1.74
1.75
1.50
1.51
2.03
1.75
1.72
2.14
1.97
1.56
1.85
1.84
1.80
1.93
2.07
2.20
2.16
1.83
1.83
2.44
2.05
1.83
1.84
1.75
1.91
1.79
1.87
