1.62
1.58
1.48
1.56
1.62
1.61
1.63
1.62
1.57
1.56
1.53
1.63
1.55
1.40
1.40
1.31
1.36
1.29
1.18
1.62
1.56
1.59
1.60
1.74
2.22
2.35
2.48
2.70
2.77
2.81
3.28
3.81
3.88
3.70
3.86
3.06
2.47
2.18
1.94
1.88
2.32
2.37
2.52
2.65
3.04
2.77
2.87
2.30
2.41
3.49
4.80
4.77
4.80
4.79
4.80
4.79
4.79
4.78
3.89
3.35
2.93
2.51
2.01
1.78
1.85
1.75
1.66
1.78
2.37
2.23
2.38
2.75
2.44
2.43
2.48
2.28
2.27
1.86
2.28
2.31
2.45
2.39
2.86
2.64
2.52
2.37
2.00
2.00
1.90
2.05
2.08
2.14
1.84
1.52
1.51
1.64
1.66
1.39
1.59
2.32
2.02
2.07
2.47
2.28
2.01
2.09
1.84
1.67
1.75
1.64
1.60
1.57
1.66
1.76
1.78
1.69
1.75
1.59
1.46
1.45
1.52
1.53
1.61
1.40
1.36
1.67
1.75
1.57
1.82
2.46
2.74
2.15
1.70
1.58
2.09
2.60
2.26
2.08
2.24
1.86
2.41
2.71
2.51
2.28
3.10
2.64
2.07
2.25
2.79
2.61
2.46
2.28
2.37
2.07
2.11
1.67
1.84
1.54
1.90
1.88
1.98
2.16
1.95
1.80
1.59
1.60
1.61
1.49
1.71
1.58
1.43
1.45
1.60
1.49
1.25
1.31
1.28
1.33
1.45
1.38
1.45
1.49
1.27
1.46
1.56
2.00
2.04
1.97
1.80
2.10
1.89
2.31
2.48
3.01
2.93
2.27
2.07
2.35
2.07
2.54
3.00
3.76
3.44
2.90
2.74
2.54
2.40
2.17
2.81
2.83
2.82
2.32
2.54
2.16
2.03
1.95
1.96
2.29
2.19
2.58
2.08
2.01
1.92
2.08
1.96
2.11
2.13
2.03
2.07
1.88
1.64
1.68
1.64
1.62
1.73
1.75
1.83
2.10
2.01
2.26
2.35
2.35
2.60
2.39
2.65
2.76
2.76
2.85
2.58
2.80
2.65
2.44
2.77
3.16
3.22
2.94
2.58
2.63
2.42
2.30
2.69
2.98
2.80
2.60
2.13
3.11
2.71
2.66
2.63
2.38
2.00
1.77
1.81
1.48
1.46
1.49
2.09
2.31
2.16
2.14
2.07
1.72
2.16
2.23
2.62
2.29
2.61
2.48
2.31
2.60
2.69
2.69
2.86
2.49
2.36
2.07
1.78
1.59
1.68
1.74
2.14
2.70
2.97
3.69
3.80
4.12
4.41
4.51
4.60
4.38
4.28
4.48
3.96
4.10
3.62
4.08
4.27
3.86
3.67
3.28
3.01
3.19
3.54
4.07
3.82
3.36
3.54
3.92
3.49
2.89
2.58
2.95
3.17
3.00
2.88
2.70
2.77
3.22
3.70
4.33
4.48
4.74
4.78
4.77
4.83
4.79
4.79
4.77
4.84
4.79
4.57
4.42
3.56
2.98
2.59
2.10
1.81
1.69
1.52
1.45
1.40
1.31
1.41
1.38
1.38
1.43
1.61
2.00
2.03
2.43
2.82
2.92
3.38
3.54
3.80
4.34
4.15
4.40
4.46
4.71
4.80
4.80
4.70
4.49
4.32
4.64
4.42
4.57
4.81
4.77
4.84
4.80
4.78
4.77
4.80
4.80
4.83
4.80
4.55
3.83
3.44
3.32
3.07
2.57
2.42
2.55
2.49
2.29
2.80
2.66
2.93
2.79
2.78
3.22
2.88
3.25
3.16
2.53
2.24
2.00
1.93
1.69
1.38
1.42
1.31
1.35
1.41
1.31
1.94
1.79
1.88
2.31
2.15
2.46
2.69
2.76
3.07
3.04
3.26
3.52
3.25
3.58
3.10
3.42
3.43
3.20
3.07
3.24
3.06
2.93
3.03
3.30
3.38
3.24
2.86
2.91
3.32
3.40
3.61
3.03
2.74
2.57
2.51
2.10
2.10
2.24
1.88
2.13
2.11
2.47
2.45
2.12
2.29
2.12
1.96
2.45
2.42
2.93
2.97
3.68
3.38
3.42
3.13
2.98
2.84
2.70
3.03
2.92
2.90
3.01
2.60
2.41
2.17
1.90
1.90
1.83
1.63
1.60
1.77
1.63
1.70
1.74
1.73
2.15
1.94
2.04
2.25
2.22
2.39
2.64
2.44
