1.60
1.23
1.00
1.10
1.30
2.20
2.59
2.14
1.86
1.88
2.22
2.96
2.52
2.78
3.00
3.29
3.05
3.22
2.99
2.46
2.53
2.28
2.55
2.93
2.67
3.18
2.85
2.77
2.07
1.85
1.94
2.65
2.96
3.57
3.92
3.19
2.47
2.45
2.34
2.13
1.90
1.74
1.54
1.57
1.57
1.64
1.57
1.71
1.69
1.70
1.45
1.34
1.35
1.45
1.32
1.80
2.23
2.99
2.85
2.71
2.58
3.16
3.54
3.44
3.44
3.91
3.72
3.51
3.32
3.44
4.44
4.30
3.57
4.02
4.37
3.89
3.29
3.32
2.63
2.83
2.97
2.67
3.07
3.14
2.85
3.02
3.04
3.03
2.69
2.87
2.99
2.43
2.03
1.70
1.58
1.53
1.37
1.46
1.60
1.66
1.75
1.63
1.56
1.53
1.57
1.50
1.44
1.65
1.96
2.25
2.90
2.74
3.11
3.46
3.37
3.40
3.50
3.54
4.30
3.75
4.00
3.21
3.07
2.95
2.51
2.84
2.63
2.89
2.59
2.61
2.24
1.97
1.69
1.87
2.25
3.17
4.27
4.04
3.73
3.85
4.45
4.12
4.01
3.16
2.53
2.39
2.00
1.76
1.67
1.67
1.65
1.62
1.54
1.44
1.34
1.23
1.22
1.22
1.33
1.35
1.47
1.91
2.33
2.06
2.53
2.98
2.83
2.79
2.99
2.89
2.82
2.52
2.56
2.44
1.86
2.16
3.19
4.82
4.79
4.79
4.79
4.53
4.79
4.77
4.78
4.80
4.56
4.80
4.79
4.79
4.60
3.87
3.68
3.05
3.91
3.53
3.14
3.24
3.26
3.25
2.90
2.76
2.54
2.39
2.78
2.46
2.28
2.18
1.85
1.80
1.70
1.70
1.60
1.62
1.57
1.68
1.77
1.59
1.79
1.99
1.74
2.57
2.36
2.10
2.02
2.19
2.26
3.48
3.45
4.09
3.80
3.95
4.04
4.80
4.32
4.59
4.03
4.77
4.61
4.79
4.79
4.77
4.77
4.77
4.78
4.29
4.29
3.52
3.13
2.90
2.69
2.99
3.32
3.23
2.85
3.04
2.94
4.15
3.81
3.49
3.48
3.57
2.83
2.44
2.04
1.89
1.93
1.72
1.65
1.71
1.92
1.94
1.99
1.56
1.51
1.31
1.30
1.71
1.82
1.82
2.01
1.75
2.15
3.31
2.93
3.13
3.18
2.86
3.86
3.47
3.22
3.63
3.94
3.49
4.49
4.78
4.79
4.80
4.80
4.79
4.80
4.80
4.79
4.28
4.57
4.52
4.49
3.96
4.03
3.37
3.75
4.49
3.54
3.75
3.55
3.65
3.54
3.71
3.71
3.17
2.69
2.28
2.09
2.01
1.78
1.67
1.49
1.72
1.45
1.60
1.70
1.83
1.75
1.71
1.61
1.59
1.56
1.54
1.63
1.87
1.91
2.52
2.44
2.88
2.26
2.31
2.57
2.06
2.53
2.44
3.39
4.29
4.78
4.41
4.25
4.41
4.76
4.80
4.80
4.67
4.79
4.68
4.44
4.01
3.48
3.58
4.08
3.67
3.14
3.17
3.62
3.75
3.38
3.29
4.16
4.12
4.34
4.19
4.34
3.84
3.21
2.79
2.28
2.08
1.67
1.58
1.54
1.49
1.53
1.38
1.33
1.45
1.59
1.50
1.36
1.29
1.31
1.73
1.72
1.57
1.74
1.78
2.32
2.41
2.09
2.42
2.40
2.16
2.29
2.44
2.29
3.36
3.40
4.45
4.81
4.79
3.96
4.03
4.35
4.78
