1.33
1.99
2.10
2.24
2.78
2.92
2.64
3.72
3.58
3.32
3.38
4.23
3.90
4.77
4.79
4.80
4.80
4.67
4.80
4.80
4.82
4.78
4.79
4.77
4.84
4.79
4.78
4.77
4.55
3.48
3.92
3.95
4.03
4.79
4.26
4.19
3.64
3.58
3.32
3.41
4.07
3.95
3.20
3.20
3.41
3.95
4.13
4.10
3.74
3.40
2.99
2.80
2.32
2.06
1.81
1.57
1.67
1.76
1.46
1.39
1.18
1.13
1.18
1.28
1.23
1.19
1.15
2.18
3.04
3.06
3.02
3.49
2.91
2.96
2.75
3.06
2.77
2.73
2.82
2.87
3.18
4.24
4.80
4.83
4.78
4.36
4.79
4.78
4.77
4.80
4.79
4.79
4.79
4.78
4.80
4.80
4.80
4.80
4.80
4.80
4.84
4.80
4.78
4.77
4.82
4.79
4.80
4.79
4.80
4.80
4.82
4.80
4.79
4.79
4.78
4.82
4.79
4.79
4.77
4.84
4.77
4.81
4.77
4.82
4.25
3.86
3.45
2.82
2.38
2.47
2.28
2.25
2.26
2.73
3.81
3.38
3.61
4.21
3.73
3.22
3.46
4.64
4.58
4.78
4.79
4.78
4.84
4.79
4.78
4.79
4.80
4.80
4.79
4.80
4.80
4.80
4.80
4.81
4.79
4.80
4.78
4.84
4.78
4.79
4.77
4.83
4.77
4.66
4.79
4.75
4.50
4.80
4.79
4.78
4.83
4.80
4.75
4.18
3.80
4.21
4.26
4.29
4.73
4.77
4.81
4.77
4.75
4.78
4.77
4.55
4.16
3.66
3.13
2.87
3.01
2.94
2.62
3.23
4.08
3.72
3.59
4.42
4.80
4.82
4.79
4.78
4.79
4.84
4.79
4.77
4.77
4.80
4.80
4.78
4.79
4.80
4.80
4.82
4.80
4.78
4.80
4.80
4.81
4.78
4.81
4.78
4.80
4.79
4.80
4.79
4.80
4.80
4.81
4.80
4.80
4.80
4.79
4.80
4.52
4.79
4.33
4.47
4.08
4.11
3.26
2.82
2.54
2.10
2.10
1.97
1.98
1.82
1.64
1.58
1.56
1.62
1.40
1.52
1.65
1.50
1.28
1.47
2.13
2.07
2.14
2.71
3.51
3.26
3.17
4.77
4.80
4.80
4.79
4.80
4.83
4.79
4.80
4.83
4.79
4.81
4.78
4.80
4.77
4.84
4.79
4.79
4.78
4.82
4.80
4.79
4.80
4.79
4.79
4.80
4.41
4.77
4.80
4.80
4.80
4.79
4.79
4.81
4.80
4.77
4.81
4.77
4.82
4.77
4.80
4.79
4.78
4.22
3.95
3.28
3.02
2.81
2.69
2.79
2.58
2.40
2.28
1.98
2.01
1.76
1.87
1.77
2.30
2.27
2.40
2.74
2.95
3.42
3.44
3.71
3.77
4.37
4.81
4.79
4.80
4.12
3.65
3.46
4.04
4.77
4.84
4.80
4.79
4.77
4.80
4.78
4.78
4.79
4.79
4.79
4.80
4.80
4.80
4.78
4.79
4.80
4.80
4.80
4.79
4.84
4.78
4.78
4.77
4.82
4.80
4.79
4.79
4.80
4.81
4.83
4.80
4.77
4.80
4.80
4.80
4.80
4.81
4.77
4.82
4.79
4.80
4.78
4.80
4.80
4.79
4.79
4.79
4.66
3.72
3.20
2.76
2.33
2.07
1.79
1.74
1.79
1.74
2.17
2.44
2.76
3.17
3.16
3.34
3.17
3.25
3.51
3.18
3.33
3.41
2.89
3.01
2.95
3.20
4.00
4.79
4.78
4.31
4.73
4.27
4.77
4.84
4.78
4.67
4.78
4.80
4.80
4.79
4.80
4.79
4.80
4.80
4.81
4.80
4.79
4.78
4.82
4.78
4.79
4.79
4.84
4.79
4.77
4.77
4.80
4.79
4.79
