1.03
1.54
1.64
1.85
1.65
1.49
1.80
1.87
1.62
1.74
1.58
1.34
1.45
1.52
2.01
2.27
2.17
1.76
1.78
1.84
1.64
1.48
1.25
1.05
0.86
0.72
0.66
0.61
0.53
0.48
0.47
0.46
0.46
0.50
0.49
0.43
0.43
0.49
0.48
0.53
0.53
0.56
0.51
0.65
0.68
0.66
0.55
0.53
0.65
0.84
0.81
0.81
0.91
0.95
1.00
0.96
1.30
1.21
1.27
1.72
1.69
1.35
1.22
1.05
1.07
1.13
1.30
1.34
1.21
1.20
1.15
1.08
1.03
1.10
1.13
1.16
1.24
1.17
1.07
0.91
0.84
0.68
0.58
0.48
0.43
0.40
0.41
0.35
0.40
0.39
0.49
0.48
0.51
0.50
0.73
0.69
0.67
0.81
0.66
0.79
0.73
0.72
0.63
0.85
0.86
0.97
1.02
1.10
0.92
1.15
1.56
1.89
1.69
2.38
2.60
2.49
2.73
2.21
2.08
1.77
1.81
1.83
1.70
1.41
1.31
1.40
1.44
2.13
2.56
2.29
1.75
1.37
1.16
1.01
0.82
0.74
0.62
0.57
0.52
0.47
0.42
0.43
0.43
0.43
0.46
0.62
0.60
0.59
0.67
0.61
0.60
0.66
0.57
0.70
0.61
0.91
0.86
0.72
1.19
1.07
1.01
1.31
1.15
1.31
1.72
2.07
2.11
2.24
2.86
2.69
2.33
2.58
2.46
2.36
2.66
2.72
3.17
2.83
2.65
2.35
2.22
2.32
2.04
1.65
1.33
1.23
1.00
0.94
0.76
0.62
0.52
0.47
0.43
0.42
0.43
0.41
0.33
0.38
0.43
0.43
0.39
0.47
0.51
0.46
0.44
0.59
0.63
0.57
0.65
0.59
0.54
0.63
0.62
0.63
0.87
1.15
1.15
1.12
1.11
1.04
1.15
2.22
1.82
2.11
1.83
2.04
1.58
1.84
1.74
2.04
1.58
1.60
1.68
1.53
1.43
1.31
1.29
1.15
0.95
0.96
0.76
0.55
0.48
0.49
0.45
0.41
0.40
0.36
0.36
0.37
0.35
0.43
0.37
0.44
0.43
0.38
0.55
0.65
0.59
0.59
0.52
0.63
0.68
0.65
1.04
0.98
0.97
1.00
0.92
1.10
1.26
1.37
1.52
1.52
1.62
2.15
2.55
2.35
1.95
1.82
1.56
1.73
1.56
1.62
1.50
1.74
1.35
1.67
1.38
1.22
1.05
0.93
0.88
0.96
0.91
0.95
0.78
0.63
0.61
0.56
0.50
0.45
0.41
0.35
0.36
0.36
0.34
0.34
0.31
0.39
0.41
0.39
0.39
0.44
0.38
0.39
0.39
0.41
0.45
0.39
0.95
0.87
0.81
0.82
0.70
0.63
0.68
0.66
0.59
0.74
0.76
0.76
0.80
0.82
0.95
1.19
0.89
1.17
1.73
1.44
1.13
1.14
1.19
1.29
1.31
1.15
1.11
0.98
1.04
0.96
1.00
1.01
0.95
0.81
0.76
0.77
0.64
0.57
0.47
0.47
0.38
0.42
0.38
0.35
0.32
0.33
0.28
0.31
0.31
0.35
0.38
0.37
0.42
0.53
0.49
0.42
0.54
0.47
0.74
0.88
1.10
1.34
1.18
1.17
1.35
1.24
1.08
1.19
1.22
1.37
2.03
1.75
1.92
2.62
2.17
1.96
2.15
1.72
1.52
1.49
1.55
2.17
1.91
1.91
1.59
1.56
1.43
1.31
1.31
1.38
1.80
1.61
1.42
1.21
1.02
0.89
