0.64
0.61
0.64
0.66
0.63
0.62
0.65
0.64
0.65
0.65
0.65
0.69
0.73
0.83
0.92
0.90
1.21
1.34
1.64
1.42
1.47
1.69
1.81
1.89
1.75
1.60
2.06
1.98
1.87
2.65
2.83
2.74
3.43
3.48
3.93
4.77
4.79
4.77
4.80
4.80
4.79
4.80
4.78
4.80
4.80
4.27
3.68
3.73
3.66
4.25
4.52
3.98
3.34
3.29
2.84
2.87
3.08
2.78
2.85
3.04
2.91
2.77
2.21
2.45
2.02
2.61
2.57
2.83
2.32
2.32
2.06
2.14
1.79
2.52
2.91
2.38
3.04
2.69
2.90
2.46
2.24
2.18
2.74
2.47
2.41
2.42
3.45
3.83
3.53
3.58
4.08
4.62
4.79
4.79
4.77
4.80
4.79
4.57
4.79
4.80
4.80
4.81
4.80
4.80
4.80
4.18
4.31
4.04
3.90
3.69
3.55
3.34
3.73
4.10
3.30
2.90
2.67
2.65
2.25
2.35
2.01
2.03
2.61
2.33
2.31
2.33
1.94
2.74
2.49
2.49
2.27
3.22
2.95
2.57
2.92
2.30
2.20
2.07
2.08
2.05
2.35
2.61
2.96
3.48
3.20
3.27
4.48
4.77
4.84
4.80
4.79
4.79
4.78
4.80
4.83
4.79
4.77
4.57
3.78
4.68
4.79
4.49
3.75
3.16
3.06
2.84
2.94
2.42
2.73
2.37
3.32
2.60
3.17
3.03
2.87
2.35
2.06
2.35
2.72
2.39
2.24
2.41
2.63
2.24
1.95
3.02
2.42
2.61
2.40
2.87
2.43
2.47
2.35
2.65
2.72
3.37
3.41
3.64
4.05
4.69
4.77
4.82
4.78
4.80
4.77
4.84
4.80
4.78
4.77
4.80
4.80
4.81
4.79
4.80
4.80
4.77
4.16
3.71
3.19
3.07
2.71
2.90
2.78
2.45
2.23
2.46
2.53
2.39
2.17
2.27
2.23
2.53
2.83
2.66
2.57
2.92
2.51
2.83
2.43
2.90
3.64
3.12
2.72
2.40
2.66
2.74
2.44
2.63
2.84
3.29
4.05
3.76
4.80
4.79
4.81
4.79
4.80
4.79
4.80
4.77
4.80
4.77
4.82
4.79
4.78
4.79
4.79
4.79
4.79
4.36
3.35
2.94
2.88
3.17
3.15
2.80
3.01
3.33
3.39
3.07
3.66
3.41
2.97
3.41
3.43
3.58
4.64
3.57
3.06
2.54
3.79
3.53
2.81
2.60
2.17
2.30
2.08
2.86
2.94
2.55
3.27
3.28
3.67
3.17
2.93
3.59
3.56
3.88
3.82
4.79
4.79
4.79
4.79
4.79
4.78
4.81
4.79
4.79
4.78
4.81
4.79
4.80
4.77
3.98
3.75
3.23
2.58
2.37
2.41
2.21
2.93
4.39
3.84
3.67
3.33
3.07
2.71
2.24
3.41
3.20
2.92
3.26
2.63
3.80
3.69
3.69
3.40
3.03
3.08
2.90
3.22
3.05
2.56
2.63
2.50
2.80
2.98
3.32
3.83
4.05
4.10
4.14
4.79
4.78
4.77
4.80
4.80
4.82
4.80
4.80
4.79
4.78
4.80
4.81
4.80
4.78
4.84
4.78
4.78
4.77
4.80
4.79
4.08
3.60
3.26
3.48
3.48
3.02
3.16
2.70
2.69
2.59
3.09
2.96
2.92
3.37
3.24
3.05
3.16
3.33
3.70
2.74
3.75
3.07
3.03
3.04
2.40
2.90
2.29
1.75
1.41
1.17
1.00
0.87
0.78
0.77
0.72
0.69
0.64
0.68
0.70
0.69
0.71
0.67
0.71
0.65
0.65
0.65
0.67
0.67
0.65
0.70
0.70
0.69
0.72
0.72
0.66
0.74
0.75
0.88
0.82
0.73
0.71
0.72
0.69
0.67
0.68
0.65
0.84
0.72
0.70
0.65
0.68
0.63
0.61
