1.65
1.76
2.09
2.30
2.74
2.75
2.68
2.84
2.66
3.33
3.18
4.80
4.69
4.54
4.80
4.79
4.79
4.79
4.78
4.84
4.78
4.79
4.57
3.47
3.23
3.02
3.35
3.05
2.98
2.47
2.32
2.21
2.24
2.24
2.19
1.96
2.03
1.87
2.41
2.05
2.20
2.06
2.23
1.88
2.05
1.93
1.71
1.82
2.59
2.38
2.18
2.15
2.46
2.30
2.12
2.09
2.22
2.37
2.52
2.28
2.35
2.74
2.82
3.26
3.64
3.77
4.64
4.77
4.77
4.79
4.79
4.37
3.83
3.92
3.33
3.91
3.68
3.20
2.86
2.69
2.19
2.68
2.16
2.42
1.96
1.98
2.14
1.97
2.16
1.98
2.32
2.26
1.85
2.48
2.45
2.60
2.04
2.55
2.55
2.56
2.03
2.39
2.28
2.53
2.41
2.43
3.03
2.82
3.48
3.73
3.53
2.90
2.78
3.13
4.35
4.61
4.09
4.80
4.80
4.29
4.35
4.78
4.81
4.78
4.81
4.58
4.15
3.56
2.91
4.20
3.81
3.28
2.74
2.83
2.34
1.91
2.01
2.19
1.96
2.20
1.90
1.80
1.59
1.67
1.84
1.37
1.91
1.52
1.81
1.97
2.16
2.94
2.40
2.12
1.95
1.72
1.67
1.90
1.87
2.39
2.53
3.43
3.81
3.36
3.25
4.54
4.81
4.77
4.79
4.79
4.78
4.77
4.80
4.80
4.79
4.79
4.79
4.79
4.07
4.15
4.78
4.14
3.29
3.08
2.86
2.62
2.69
2.77
3.28
2.80
2.38
2.14
2.61
2.27
2.22
2.33
2.61
3.59
3.53
3.45
3.59
2.91
3.58
4.11
3.36
3.14
2.61
2.63
3.17
2.50
2.74
3.72
3.61
3.63
3.42
4.80
4.79
4.79
4.78
4.80
4.79
4.80
4.77
4.82
4.80
4.81
4.80
4.79
4.78
4.84
4.77
3.85
4.77
3.90
3.53
2.83
2.60
2.00
1.83
1.76
1.84
2.00
1.59
1.83
1.79
1.74
2.02
1.61
2.19
2.28
2.28
2.28
2.47
3.05
2.25
2.48
2.17
2.28
2.13
2.17
2.78
2.45
1.99
2.25
2.71
2.77
4.56
4.16
3.25
4.49
4.24
4.78
4.79
4.80
4.79
4.79
4.80
4.79
4.79
4.79
4.82
4.80
4.81
4.79
4.55
4.78
4.53
4.80
4.68
4.13
3.79
2.93
2.50
2.20
2.51
2.52
2.68
2.29
2.24
2.33
2.41
2.63
2.27
1.96
1.91
1.55
2.17
2.12
2.86
3.38
2.74
3.14
2.59
2.61
2.68
2.78
2.53
2.28
2.54
2.37
2.58
2.41
3.53
3.72
3.70
3.60
4.49
4.80
4.80
4.78
4.78
4.77
4.82
4.77
4.79
4.80
4.80
4.79
4.82
4.80
4.79
4.79
4.78
4.81
4.79
4.78
4.80
4.82
4.74
4.80
4.77
3.96
3.50
2.86
3.02
2.68
2.56
2.51
2.69
2.59
2.31
2.59
2.53
2.55
2.44
3.32
2.76
2.62
2.49
2.74
2.46
2.46
3.50
3.08
3.18
3.03
3.10
2.57
2.63
3.04
2.38
1.87
1.76
1.60
1.43
1.58
1.45
1.37
1.61
1.48
1.59
1.69
1.75
1.74
1.80
1.89
1.99
1.96
2.03
2.05
2.12
2.01
1.97
1.92
1.80
1.74
1.63
1.60
1.49
1.60
1.59
1.61
1.60
1.66
1.65
1.62
1.59
1.58
1.52
1.47
1.46
1.26
1.16
1.04
0.91
0.79
0.76
0.68
0.82
1.08
1.18
1.25
1.35
1.38
1.44
1.44
1.45
1.40
1.46
1.31
1.18
1.08
0.90
0.90
1.00
1.05
0.97
0.92
0.84
0.78
0.73
0.67
0.64
0.57
0.56
0.51
0.50
