1.70
1.69
1.91
1.70
1.93
2.60
3.18
3.44
3.83
3.59
4.54
4.79
4.69
4.24
4.79
4.79
4.79
4.80
4.80
4.34
4.80
4.79
4.31
4.30
3.94
3.33
3.46
3.63
3.16
3.23
3.06
3.00
3.17
3.31
2.82
2.60
2.34
2.42
2.15
1.90
1.64
1.54
1.38
1.71
1.74
2.09
2.26
2.48
2.48
2.66
2.33
2.39
2.38
2.30
2.59
2.69
3.32
3.26
3.63
3.11
3.19
4.17
4.19
4.78
4.80
4.80
4.84
4.78
4.79
4.35
4.49
3.51
3.56
3.72
3.16
2.71
3.14
2.86
2.54
3.18
3.55
3.63
2.94
2.96
2.50
2.60
2.37
2.30
2.00
2.07
2.87
3.42
2.63
3.27
2.70
2.42
2.50
2.00
3.03
2.79
2.53
3.09
3.33
3.72
3.96
3.70
3.76
3.82
4.36
4.76
4.81
4.77
4.80
4.55
4.53
4.77
4.80
4.80
4.82
4.68
3.80
3.00
3.19
2.76
2.41
2.03
1.92
1.58
1.93
1.80
1.92
1.86
1.73
1.70
1.94
1.87
2.11
1.96
1.96
2.33
1.98
2.36
2.31
2.59
3.05
2.58
2.32
2.20
1.97
2.18
2.39
2.31
2.59
2.69
2.97
3.29
3.06
3.59
4.39
4.80
4.80
4.80
4.79
4.79
4.77
4.84
4.78
4.79
4.78
4.80
4.70
4.79
3.85
2.66
2.43
1.76
1.58
1.51
1.41
1.36
1.72
2.13
2.29
2.16
2.01
2.91
2.59
2.59
2.41
2.15
2.71
2.34
2.94
2.57
2.94
2.94
2.71
2.53
2.26
2.37
3.40
3.15
3.36
3.67
3.62
4.60
4.35
4.83
4.77
4.55
4.79
4.79
4.79
4.79
4.80
4.79
4.79
4.80
4.80
4.78
4.80
4.80
4.81
4.80
4.75
4.08
4.16
3.84
4.14
3.24
2.85
2.48
2.16
2.32
2.17
1.89
2.12
2.15
2.43
2.34
2.11
2.45
2.41
2.71
2.61
2.25
2.70
2.42
2.53
2.21
2.34
2.25
2.37
2.22
2.46
2.17
2.30
2.22
4.01
4.82
4.79
4.80
4.80
4.77
4.80
4.78
4.80
4.78
4.82
4.79
4.77
4.79
4.79
4.79
4.79
4.79
4.50
4.18
3.39
3.02
2.82
2.39
2.58
2.04
2.55
2.44
2.30
2.20
2.47
2.61
2.56
2.77
2.61
2.48
2.07
2.77
2.79
2.53
2.60
2.83
2.84
2.63
2.33
1.93
2.20
2.22
3.22
3.93
4.46
4.73
4.25
3.80
4.19
3.77
4.77
4.80
4.80
4.80
4.78
4.80
4.79
4.84
4.79
4.79
4.77
4.80
4.80
4.79
4.79
4.79
4.79
4.70
4.01
3.38
2.78
2.71
2.27
2.50
3.03
3.13
2.74
3.22
3.37
3.09
3.03
3.89
3.46
3.25
2.47
2.19
2.97
4.20
3.80
3.89
3.37
2.92
3.06
2.78
2.31
2.44
2.08
2.18
2.36
2.36
3.37
3.82
4.79
4.79
4.79
4.79
4.79
4.79
4.78
4.78
4.81
4.79
4.79
4.77
4.80
4.79
4.81
4.77
4.82
4.80
4.77
4.79
4.79
4.64
3.80
3.58
3.08
3.12
3.15
3.40
2.86
2.57
2.67
2.70
2.14
2.44
2.33
2.37
2.85
2.95
2.92
2.72
3.36
3.21
3.24
2.64
3.09
2.55
2.17
2.28
2.12
2.05
2.28
1.89
1.56
1.37
1.13
1.07
0.94
0.88
0.89
0.82
0.84
0.87
0.96
0.97
1.04
1.13
1.22
1.33
1.42
1.56
1.70
1.98
1.98
2.21
2.24
2.27
2.38
2.38
2.13
1.99
1.89
1.79
1.79
