1.29
1.55
1.45
1.95
2.47
2.32
2.29
2.19
2.10
2.72
2.52
2.67
3.20
3.60
4.65
4.79
4.79
4.80
4.80
4.80
4.80
4.78
4.80
4.79
4.81
4.77
4.82
4.79
4.78
4.22
4.13
3.38
3.09
2.68
2.43
2.38
2.50
2.06
2.37
2.11
2.23
2.09
2.34
2.26
2.35
1.94
2.24
1.95
2.10
2.49
2.28
2.14
2.02
2.17
1.97
1.77
1.96
1.97
1.96
1.74
2.32
2.39
2.17
1.93
2.70
3.54
4.50
4.68
4.75
4.77
4.79
4.80
4.77
4.78
4.80
4.79
4.79
4.79
4.79
4.41
4.03
3.75
3.62
2.99
2.77
2.25
2.24
1.91
2.17
3.19
3.25
3.04
3.04
2.98
2.41
2.88
2.67
2.67
2.54
2.19
2.12
2.54
2.28
3.03
2.94
3.19
2.98
3.57
3.13
2.99
3.22
4.19
4.56
4.06
3.33
3.99
4.56
4.80
4.79
4.79
4.74
4.80
4.78
4.82
4.78
4.79
4.77
4.81
4.75
4.80
3.91
4.65
3.44
2.90
2.32
2.02
1.99
2.02
1.83
1.90
2.54
2.85
2.54
2.97
2.70
2.22
3.15
2.97
3.69
3.20
3.57
3.33
2.58
2.43
2.06
2.52
2.39
2.17
2.53
3.05
3.08
3.44
3.90
3.48
3.27
3.57
3.45
3.70
4.77
4.82
4.79
4.79
4.77
4.80
4.80
4.82
4.80
4.79
4.82
4.78
4.80
4.17
4.09
3.63
2.83
2.34
2.48
2.15
2.52
2.14
2.68
2.49
2.39
2.49
2.47
3.53
3.60
3.60
3.34
3.36
3.62
2.98
3.13
3.20
3.19
3.10
2.84
3.35
2.67
2.29
2.10
2.49
2.69
2.95
3.79
3.77
4.80
4.78
4.81
4.79
4.79
4.79
4.82
4.79
4.78
4.77
4.80
4.79
4.79
4.79
4.79
4.80
4.80
4.80
4.06
3.20
2.90
2.48
2.02
1.87
2.15
2.31
2.76
3.21
3.70
3.30
3.05
3.49
4.05
4.55
3.45
3.05
2.93
2.95
3.23
2.79
2.55
2.65
2.31
2.19
2.17
2.47
2.78
2.52
2.53
3.36
4.26
4.54
4.79
4.80
4.80
4.80
4.77
4.80
4.79
4.84
4.80
4.80
4.77
4.80
4.80
4.78
4.79
4.40
4.80
4.56
4.21
3.58
3.02
2.88
2.71
2.86
3.27
3.33
2.96
4.66
3.93
3.73
3.27
4.31
3.75
3.13
3.23
3.09
3.03
3.04
2.78
3.51
2.98
3.26
2.86
2.72
2.34
2.48
2.15
2.27
2.92
4.45
4.79
4.78
4.77
4.79
4.80
4.79
4.79
4.80
4.82
4.79
4.80
4.79
4.80
4.77
4.83
4.80
4.79
4.77
4.82
4.70
4.78
4.01
3.45
3.21
2.46
2.23
2.02
2.49
2.77
3.05
3.26
3.61
3.98
3.08
3.42
2.97
3.22
2.76
2.87
2.30
1.99
2.25
2.21
2.61
2.66
2.62
2.75
2.45
2.95
3.68
4.35
4.47
4.81
4.78
4.79
4.78
4.83
4.79
4.78
4.77
4.80
4.80
4.79
4.79
4.80
4.80
4.80
4.81
4.77
4.79
4.77
4.80
4.79
4.80
4.78
4.78
3.68
3.30
2.85
2.41
2.22
1.93
2.54
2.20
2.53
3.12
2.97
3.62
4.26
4.05
3.55
2.98
3.36
3.21
2.77
3.62
3.04
3.27
2.85
3.13
3.17
2.59
2.36
1.97
1.80
1.81
1.84
1.90
1.94
1.96
2.04
2.12
2.11
2.00
