0.57
0.55
0.60
0.61
0.60
0.63
0.66
0.77
0.88
0.96
1.30
1.74
1.67
2.00
1.87
1.98
2.35
2.31
2.72
3.51
4.84
4.15
3.46
3.25
4.57
4.66
4.79
4.79
4.80
4.79
4.79
4.80
4.79
4.79
4.77
4.80
4.80
4.18
3.41
2.64
2.49
2.31
2.26
2.39
2.39
2.28
2.43
2.46
2.57
2.82
3.04
3.15
2.76
2.23
2.32
2.01
2.26
1.96
2.41
2.25
2.36
1.87
1.87
1.93
2.04
1.80
2.12
2.77
2.85
2.67
2.65
3.00
3.59
4.66
4.01
4.80
4.79
4.84
4.79
4.78
4.77
4.80
4.63
3.99
3.37
3.36
3.20
2.68
2.26
1.93
1.90
1.71
1.60
1.52
1.59
1.66
1.85
2.55
2.48
2.34
2.17
2.32
2.05
1.75
1.48
1.34
1.65
1.43
1.82
1.51
1.84
1.62
1.91
2.48
2.40
2.68
2.04
2.41
3.19
3.94
3.85
3.88
4.72
4.37
4.09
4.56
4.79
4.79
4.80
4.78
4.81
4.79
4.80
4.77
4.84
4.80
4.78
3.64
2.75
2.22
2.21
1.82
1.82
1.85
2.31
2.27
2.14
2.43
2.06
3.07
2.22
2.12
2.19
2.41
2.41
2.18
2.32
1.99
2.09
2.22
2.45
2.41
1.92
1.79
2.63
2.37
2.10
2.34
3.99
3.50
3.01
3.59
3.93
4.79
4.20
4.78
4.80
4.80
4.78
4.79
4.80
4.80
4.80
4.80
4.78
4.60
4.71
3.69
3.70
3.07
2.46
2.02
1.96
2.14
2.24
2.21
2.97
2.92
2.92
3.36
2.68
2.60
2.55
3.27
2.41
2.45
2.32
2.42
2.44
2.23
2.00
2.21
2.20
2.11
2.07
2.73
2.82
3.57
3.43
3.70
3.99
4.79
4.79
4.80
4.77
4.82
4.79
4.80
4.77
4.82
4.79
4.77
4.79
4.79
4.79
4.79
4.80
4.80
4.70
4.80
4.81
3.79
3.26
2.78
3.41
2.70
2.64
2.21
2.37
2.95
4.77
3.96
3.26
4.16
4.38
4.79
4.31
3.54
3.97
4.24
3.08
3.41
3.03
3.13
2.80
2.28
2.31
2.44
2.79
3.05
4.50
4.16
4.43
4.79
4.79
4.80
4.80
4.80
4.81
4.80
4.77
4.79
4.84
4.80
4.78
4.77
4.80
4.79
4.79
4.79
4.39
3.72
3.00
2.48
2.11
1.80
2.56
2.32
2.70
2.61
3.02
3.14
2.89
2.97
2.77
3.65
2.95
3.74
2.90
2.95
3.08
4.03
3.15
2.88
2.27
2.62
4.10
3.40
3.34
4.66
4.18
4.20
4.79
4.78
4.80
4.80
4.82
4.80
4.79
4.80
4.79
4.81
4.79
4.80
4.78
4.84
4.80
4.78
4.77
4.79
4.78
3.76
3.79
3.70
2.85
2.37
2.11
2.10
2.42
2.44
1.97
2.42
3.39
4.14
4.62
4.65
4.48
3.73
3.04
3.31
2.61
2.43
2.35
2.41
3.36
3.05
3.48
2.84
3.17
2.98
2.53
2.98
3.07
3.35
4.09
4.78
4.77
4.80
4.78
4.78
4.79
4.80
4.80
4.79
4.80
4.79
4.80
4.80
4.81
4.78
4.79
4.77
4.83
4.77
4.79
4.77
4.80
4.79
4.79
4.79
4.25
3.98
4.05
4.41
3.66
3.94
3.97
4.67
4.14
3.87
3.28
3.63
4.56
4.78
4.28
3.79
3.06
2.97
3.03
3.18
2.70
2.56
2.66
2.14
1.89
1.77
1.78
1.58
1.36
1.11
0.87
0.78
0.70
0.66
0.60
0.58
0.55
0.60
0.64
0.65
0.63
0.65
0.63
0.64
0.62
0.57
0.56
0.54
