0.73
0.65
0.74
0.80
0.95
1.37
2.17
1.95
2.59
3.23
3.33
3.32
4.11
3.54
3.61
3.30
3.95
4.49
4.79
4.80
4.82
4.79
4.78
4.79
4.79
4.79
4.79
4.79
4.78
4.78
4.79
4.64
4.39
4.06
3.40
2.86
2.22
2.14
2.37
2.33
2.55
2.25
2.77
2.32
2.28
2.24
2.05
1.88
2.13
2.03
1.99
2.66
2.87
2.69
2.46
2.41
3.08
3.26
3.59
3.38
3.67
3.91
3.58
3.59
4.05
4.78
4.79
4.79
4.82
4.79
4.77
4.80
4.80
4.81
4.79
4.80
4.78
4.84
4.79
4.54
4.77
4.41
4.03
2.93
2.50
2.42
2.30
2.24
2.06
1.98
2.40
2.83
2.90
2.44
2.32
2.76
2.36
2.36
2.32
2.25
2.27
2.12
2.15
2.86
2.51
2.73
2.65
3.12
3.76
4.45
4.08
4.79
4.67
4.80
4.79
4.80
4.79
4.81
4.77
4.84
4.79
4.78
4.77
4.80
4.71
4.13
4.79
4.41
4.51
3.53
2.86
2.70
2.21
2.01
2.03
1.80
1.75
1.90
1.56
2.10
1.97
1.96
2.50
2.39
1.96
2.00
1.78
2.47
2.29
2.53
2.60
2.46
2.08
2.50
2.39
2.97
2.65
3.26
3.95
4.78
4.79
4.71
4.80
4.82
4.79
4.80
4.80
4.77
4.80
4.78
4.83
4.79
4.84
4.79
4.78
4.77
4.80
4.79
4.78
4.79
4.29
4.01
3.74
3.35
3.16
2.43
2.75
2.45
2.56
2.41
2.48
2.71
2.40
3.08
2.86
3.08
2.82
3.08
2.68
2.46
2.43
2.69
2.74
2.22
3.21
2.88
3.54
3.80
3.61
4.08
4.82
4.80
4.49
4.77
4.80
4.79
4.82
4.68
4.79
4.80
4.78
4.81
4.80
4.80
4.77
4.84
4.79
4.78
4.77
4.80
4.80
4.79
4.79
4.80
4.80
4.82
4.80
4.72
3.98
3.50
3.39
2.63
2.32
2.50
2.79
2.86
3.20
3.61
3.32
3.02
2.56
2.69
2.93
3.61
3.26
3.11
3.16
2.66
4.13
3.67
3.80
3.53
3.57
3.88
4.00
3.70
4.03
4.66
4.80
4.79
4.79
4.78
4.79
4.82
4.80
4.79
4.80
4.77
4.82
4.80
4.79
4.78
4.82
4.77
4.79
4.39
4.68
3.89
3.67
3.92
3.84
2.87
2.40
2.31
2.82
2.99
3.33
3.98
3.61
3.58
3.26
3.14
2.88
2.50
2.67
2.73
3.08
2.45
2.89
2.29
2.77
2.80
2.95
3.14
2.75
2.56
2.78
2.63
3.21
2.96
3.42
4.79
4.78
4.77
4.80
4.78
4.78
4.78
4.80
4.80
4.82
4.80
4.77
4.80
4.80
4.80
4.78
4.79
4.77
4.82
4.79
4.77
4.77
4.79
4.79
4.80
4.80
4.79
4.66
4.53
3.34
4.79
4.54
4.16
4.83
3.58
4.11
3.14
3.45
3.14
3.20
2.70
2.90
4.17
3.28
4.12
3.33
4.43
4.13
4.35
3.38
3.08
3.91
3.60
3.58
3.11
3.28
3.17
3.06
2.93
3.12
3.68
4.27
4.58
4.79
4.79
4.67
4.70
4.46
4.79
4.79
4.77
4.83
4.78
4.79
4.77
4.82
4.77
4.79
4.77
4.80
4.79
4.81
4.79
4.80
4.80
4.72
4.80
4.81
4.80
4.78
4.80
4.77
4.80
4.77
4.49
3.60
3.91
3.48
2.94
3.31
3.29
3.70
3.20
4.04
3.42
3.78
3.75
3.01
3.18
3.89
3.33
4.32
4.33
3.81
4.45
3.75
3.85
3.16
3.19
4.46
3.26
3.07
2.49
2.26
1.97
1.80
1.49
1.54
1.64
1.41
1.21
1.19
1.00
1.03
1.06
1.15
1.17
1.24
1.23
1.29
1.31
1.35
1.42
1.41
1.42
1.39
1.36
1.26
1.32
1.25
1.20
1.09
0.96
