1.07
1.42
1.68
1.97
2.24
2.51
3.24
2.75
2.69
2.67
2.72
2.63
2.42
3.29
4.62
4.80
4.80
4.77
4.80
4.78
4.81
4.76
4.80
4.77
4.80
4.79
4.77
4.78
4.80
4.72
4.79
4.80
4.77
4.51
4.27
3.46
2.84
2.97
3.56
3.48
3.25
3.65
3.28
3.27
3.62
3.78
3.30
3.06
2.85
2.81
2.62
2.74
3.06
3.20
3.51
3.53
2.78
3.31
3.17
4.12
3.46
4.13
3.55
4.58
4.49
4.77
4.79
4.80
4.82
4.80
4.80
4.79
4.80
4.81
4.79
4.81
4.78
4.83
4.79
4.75
4.79
4.79
4.43
3.84
3.39
3.66
3.06
3.10
3.04
3.10
3.55
3.27
3.04
2.52
3.12
2.55
2.76
2.50
2.89
2.61
2.11
2.39
3.00
2.67
2.56
2.92
2.51
3.51
3.05
3.15
3.85
4.35
3.83
4.08
4.51
4.82
4.30
4.60
4.80
4.77
4.79
4.82
4.79
4.79
4.80
4.80
4.81
4.80
4.79
4.78
4.84
4.52
4.38
3.97
4.10
4.06
3.92
3.60
3.06
3.83
3.36
3.72
3.46
3.23
2.63
2.35
2.31
2.32
2.12
2.42
2.69
2.35
2.73
2.07
2.63
2.75
2.78
2.44
3.15
3.70
3.56
3.63
3.22
3.74
3.49
4.47
4.76
4.79
4.84
4.78
4.79
4.77
4.82
4.77
4.78
4.77
4.79
4.79
4.79
4.80
4.79
4.80
4.78
4.52
3.83
3.08
2.87
2.56
2.56
3.37
2.82
2.39
2.14
2.59
3.11
2.97
3.41
3.00
2.82
2.67
2.68
3.06
2.83
2.57
2.27
2.44
2.41
2.60
2.78
3.11
3.11
4.54
4.79
4.79
4.79
4.80
4.79
4.63
4.39
4.48
4.80
4.81
4.78
4.81
4.81
4.82
4.78
4.79
4.78
4.83
4.79
4.78
4.77
4.80
4.79
4.80
4.79
4.77
4.80
4.78
4.57
3.75
3.85
3.69
3.71
3.46
3.66
3.25
3.34
3.34
3.22
3.30
2.62
2.60
2.97
3.02
2.94
2.94
3.26
3.67
3.99
3.03
2.74
3.71
3.26
2.98
3.29
3.04
3.47
4.04
4.59
4.80
4.80
4.79
4.79
4.80
4.79
4.80
4.80
4.79
4.79
4.79
4.81
4.78
4.81
4.77
4.79
4.79
4.77
4.79
4.80
4.78
4.79
4.79
4.80
4.80
4.80
4.80
4.79
4.79
4.78
4.84
4.56
3.97
4.28
3.84
4.47
4.18
3.56
3.43
2.96
3.24
2.83
2.64
2.44
2.29
2.72
2.46
2.56
3.03
3.21
2.44
2.83
2.31
2.16
2.11
1.60
2.30
1.88
1.76
1.67
1.61
2.04
1.98
1.56
1.23
1.00
0.87
0.75
0.71
0.71
0.69
0.71
0.79
0.86
0.88
0.84
0.89
0.93
0.97
0.98
0.95
0.94
0.91
0.87
0.83
0.73
0.73
0.68
0.68
0.65
0.64
0.64
0.55
0.74
