0.45
0.47
0.62
0.61
0.81
0.72
0.71
0.64
0.59
0.59
0.67
0.65
0.63
0.63
0.70
0.84
0.83
1.18
1.74
2.44
3.03
2.88
2.96
2.89
3.16
4.20
4.71
4.25
3.43
3.12
4.79
4.84
4.78
4.79
4.78
4.82
4.80
4.77
4.65
4.59
4.79
4.40
4.79
4.80
4.82
4.78
4.82
4.79
4.80
4.78
4.73
4.27
4.17
3.70
3.65
3.57
3.26
3.32
4.01
3.72
3.75
3.27
3.28
3.44
3.71
3.70
3.81
3.80
3.25
3.42
2.87
3.70
3.68
3.79
2.99
3.50
3.29
3.45
3.59
4.38
4.16
3.39
3.42
4.18
3.98
4.79
4.79
4.77
4.83
4.78
4.75
4.77
4.82
4.80
4.77
4.79
4.79
4.79
4.79
4.79
4.80
4.80
4.80
4.81
4.56
4.21
3.93
4.81
4.78
4.80
4.77
4.82
4.69
3.93
4.24
3.99
3.93
3.66
3.56
3.16
3.85
4.18
4.23
3.91
3.98
3.50
3.51
2.86
2.80
2.49
2.49
2.59
3.38
3.15
3.21
3.00
2.63
3.38
2.80
2.47
2.54
2.25
2.94
3.20
3.12
2.88
2.97
3.37
4.77
4.83
4.79
4.78
4.79
4.79
4.79
4.80
4.79
4.80
4.79
4.80
4.80
4.79
4.33
4.58
4.28
4.72
4.81
4.77
4.82
4.80
4.78
4.77
4.80
4.50
4.79
4.80
3.98
4.77
4.11
3.73
3.42
3.38
3.68
3.26
3.05
2.67
2.74
2.61
2.85
2.88
3.49
3.74
4.80
4.04
4.07
3.20
2.66
3.01
2.83
2.85
3.09
2.63
2.87
2.34
2.61
2.71
2.99
3.16
3.84
4.69
4.17
3.98
4.63
4.50
4.80
4.80
4.78
4.82
4.78
4.79
4.78
4.82
4.75
4.80
4.78
4.80
4.80
4.78
4.79
4.80
4.79
4.82
4.80
4.79
4.80
4.80
4.80
4.79
4.79
4.77
4.82
4.79
4.77
4.77
4.80
4.35
3.51
3.37
3.16
3.51
3.17
3.09
2.77
3.04
2.95
3.18
3.00
2.84
3.51
2.94
2.82
2.78
3.14
3.70
3.42
4.01
4.23
4.29
4.25
3.89
4.64
3.71
3.78
4.77
4.82
4.76
4.66
4.77
4.82
4.79
4.80
4.77
4.80
4.80
4.81
4.79
4.80
4.81
4.80
4.80
4.78
4.78
4.77
4.80
4.79
4.80
4.77
4.80
4.79
4.79
4.79
4.79
4.78
4.82
4.80
4.79
4.80
4.77
4.82
4.79
4.81
4.77
4.84
4.80
4.78
4.77
4.80
4.80
4.79
4.80
4.80
4.81
4.80
4.80
4.80
4.79
4.78
4.84
4.78
4.75
4.43
3.58
3.50
3.65
3.18
3.26
2.70
2.47
2.71
3.13
2.86
3.20
2.99
2.85
2.61
2.65
3.31
3.20
2.69
2.38
2.53
2.73
2.57
3.52
3.40
3.61
2.93
2.84
2.18
2.39
2.09
2.14
1.66
1.37
1.43
1.09
1.15
0.99
1.14
1.02
0.83
0.74
0.63
0.58
0.59
0.56
0.58
0.57
0.62
0.67
0.65
0.71
0.70
0.78
0.74
0.76
0.76
0.74
0.73
0.71
0.72
0.69
0.72
0.72
0.76
0.77
0.70
0.72
0.73
0.70
0.68
0.75
0.72
0.72
