0.76
1.11
1.41
1.60
1.84
1.89
2.00
2.15
2.14
2.54
3.21
3.10
3.87
4.27
4.31
4.54
4.23
3.57
4.45
4.11
4.81
4.79
4.79
4.78
4.80
4.80
4.78
4.77
4.80
4.80
4.78
4.80
4.80
4.81
4.80
4.82
4.79
4.81
4.62
4.22
4.06
3.48
3.45
3.18
3.40
3.52
3.37
3.70
4.19
3.41
3.19
4.48
3.70
3.76
3.27
3.58
3.38
3.05
3.35
2.88
3.24
3.18
3.32
3.25
3.63
3.36
3.26
3.82
4.20
3.92
4.48
4.15
4.53
4.80
4.79
4.80
4.77
4.84
4.80
4.33
4.77
4.69
4.48
4.30
4.80
4.79
4.80
4.80
4.80
4.79
4.80
4.77
4.82
4.77
4.79
4.78
4.84
4.77
4.79
4.79
4.54
3.85
3.58
2.94
2.74
2.83
2.94
3.94
4.77
4.80
4.81
4.82
4.64
4.76
4.26
4.04
3.73
3.71
3.57
3.86
3.52
3.27
3.60
3.94
3.80
4.78
4.63
4.23
3.58
3.39
3.17
3.58
3.37
3.06
3.01
3.62
3.66
3.82
3.83
4.09
4.54
4.79
4.79
4.78
4.82
4.80
4.80
4.80
4.78
4.81
4.80
4.78
4.78
4.79
4.80
4.77
4.79
4.77
4.79
4.80
4.80
4.80
4.80
4.80
4.80
4.79
4.47
3.70
4.04
3.37
3.02
3.32
2.71
2.80
3.03
2.96
3.07
3.97
3.96
3.77
4.13
3.68
3.94
3.72
3.11
3.51
3.08
3.44
2.88
3.72
4.02
3.97
3.80
3.36
3.58
3.79
3.39
3.50
3.36
3.21
4.37
3.84
4.52
4.50
4.65
4.56
4.84
4.80
4.77
4.77
4.80
4.79
4.79
4.79
4.78
4.80
4.79
4.81
4.79
4.80
4.77
4.84
4.79
4.81
4.77
4.80
4.80
4.78
4.79
4.57
4.46
3.74
4.10
3.28
3.43
2.76
3.27
3.36
3.27
3.33
3.08
2.92
3.30
3.17
3.47
2.77
3.14
2.96
2.51
2.51
2.76
2.92
3.25
4.56
3.78
4.24
3.76
3.11
3.53
3.64
3.60
3.34
3.21
3.55
3.69
4.14
3.79
4.08
4.45
4.78
4.54
4.69
4.78
4.78
4.79
4.80
4.80
4.82
4.80
4.78
4.80
4.80
4.83
4.79
4.79
4.77
4.82
4.79
4.78
4.77
4.79
4.80
4.83
4.80
4.80
4.82
4.79
4.80
4.79
4.79
4.77
4.84
4.79
4.10
4.24
4.80
4.45
4.54
4.79
4.61
4.36
4.19
3.53
3.31
2.66
3.41
3.04
2.67
2.61
2.70
2.81
2.58
2.78
2.92
3.09
2.50
2.90
2.44
2.53
3.60
2.83
2.96
2.99
3.63
3.27
3.20
3.19
3.06
2.69
2.90
4.30
4.52
4.80
4.77
4.80
4.82
4.79
4.80
4.79
4.82
4.80
4.80
4.80
4.79
4.80
4.76
4.81
4.77
4.80
4.80
4.78
4.79
4.80
4.52
3.89
3.59
4.63
4.08
4.11
3.87
3.15
3.41
2.96
2.64
2.59
2.25
1.95
2.03
2.83
2.48
3.24
2.66
4.04
4.49
4.70
3.64
3.26
3.05
3.45
4.28
3.70
3.37
3.29
2.90
3.89
3.01
2.72
2.34
1.86
2.39
1.93
1.91
1.83
1.91
2.02
2.04
