0.55
0.58
0.64
0.66
0.74
0.95
1.19
1.31
1.67
1.84
2.30
2.23
2.57
3.46
3.55
3.45
3.21
3.78
4.79
4.77
4.82
4.79
4.79
4.78
4.82
4.77
4.80
4.79
4.79
4.80
4.79
4.79
4.80
4.82
4.80
4.81
4.79
4.80
4.78
4.82
4.74
4.80
4.78
4.79
4.26
3.97
3.76
3.76
3.96
3.71
4.09
4.42
4.23
3.85
3.62
3.41
4.25
3.82
3.81
4.01
3.43
3.53
3.31
4.14
3.63
3.20
3.02
3.03
3.31
3.22
3.69
4.30
4.09
3.53
3.36
3.18
3.63
4.33
3.76
3.48
3.53
3.62
4.61
4.78
4.76
4.80
4.80
4.64
4.13
4.77
4.78
4.82
4.73
4.62
4.47
4.80
4.67
4.79
4.49
4.24
4.17
3.83
3.94
3.44
2.96
2.88
3.04
2.96
3.64
3.66
3.12
3.66
3.60
4.27
4.45
4.21
3.74
3.48
3.33
2.83
4.08
3.39
3.71
3.16
2.77
3.18
2.80
2.84
3.08
2.52
2.90
3.04
2.80
3.37
3.48
3.84
4.78
4.21
4.80
4.78
4.79
4.78
4.82
4.80
4.77
4.77
4.80
4.58
4.79
4.79
4.77
4.82
4.80
4.81
4.79
4.79
4.77
4.55
4.07
4.79
4.77
4.82
4.79
4.79
4.69
4.61
4.74
4.79
4.80
4.78
4.81
4.80
4.80
4.79
4.80
3.69
3.54
2.87
2.56
2.64
2.37
2.20
2.30
2.41
2.35
2.49
2.79
3.01
2.73
2.84
3.44
3.53
3.77
3.25
3.14
2.90
2.66
3.33
3.96
3.51
3.83
3.37
3.18
3.41
3.37
4.04
4.55
4.21
4.80
4.60
4.80
4.40
4.80
4.78
4.79
4.73
4.78
4.77
4.80
4.80
4.78
4.78
4.80
4.80
4.83
4.79
4.77
4.82
4.80
4.81
4.79
4.80
4.77
4.82
4.79
4.80
4.77
4.80
4.79
4.79
4.79
4.13
3.94
4.21
3.74
3.69
4.26
4.24
4.62
3.77
4.41
3.98
3.45
3.77
3.48
3.62
3.99
4.18
4.13
3.77
3.53
3.34
3.77
4.13
3.40
3.48
3.08
3.27
2.77
2.76
2.64
3.26
2.61
2.27
2.40
1.92
1.66
1.39
1.22
1.07
1.00
0.87
0.80
0.74
0.72
0.70
0.63
0.59
0.53
0.56
0.54
