0.43
0.45
0.46
0.44
0.40
0.46
0.55
0.56
0.58
0.62
0.86
1.11
0.92
0.84
0.80
0.87
0.85
1.06
1.27
1.38
1.47
1.34
1.96
2.19
1.77
1.76
1.90
1.76
1.47
1.66
1.61
1.46
1.16
1.25
1.61
1.33
1.14
1.14
0.94
0.87
0.79
0.67
0.57
0.54
0.52
0.54
0.43
0.42
0.39
0.43
0.43
0.54
0.55
0.55
0.61
0.75
0.81
0.92
0.80
0.84
0.96
0.93
0.97
0.80
0.88
0.95
0.90
1.19
1.02
1.03
1.52
1.41
1.24
1.52
1.57
1.79
2.07
1.73
1.73
1.55
1.45
1.42
1.38
1.20
1.41
1.39
1.29
1.11
1.01
0.89
0.76
0.62
0.63
0.63
0.58
0.50
0.44
0.41
0.39
0.43
0.42
0.40
0.43
0.45
0.45
0.42
0.46
0.52
0.51
0.41
0.42
0.50
0.50
0.53
0.54
0.61
0.65
0.71
0.70
0.73
0.58
0.78
0.68
0.93
0.97
1.09
1.42
1.26
2.29
2.13
1.96
1.81
1.73
1.60
1.87
1.74
1.71
1.91
1.67
1.47
1.32
1.06
1.13
1.01
1.09
0.92
0.80
0.88
0.95
0.89
0.94
0.93
0.72
0.69
0.55
0.49
0.41
0.43
0.43
0.44
0.42
0.40
0.48
0.43
0.58
0.57
0.63
0.52
0.60
0.65
0.83
0.74
0.63
0.98
0.83
0.71
0.82
0.73
0.73
0.69
0.66
0.60
0.68
0.67
0.68
0.79
0.74
1.03
1.44
1.64
2.55
3.43
3.30
3.45
3.17
2.55
2.07
1.85
1.60
1.58
1.59
1.58
1.43
1.63
1.49
1.27
1.27
1.08
0.92
0.80
0.72
0.71
0.58
0.48
0.45
0.39
0.40
0.35
0.36
0.41
0.44
0.40
0.46
0.40
0.47
0.54
0.49
0.48
0.43
0.45
0.70
0.64
0.55
0.63
0.58
0.55
0.63
0.57
0.69
0.63
0.75
0.79
0.82
0.65
0.70
0.60
0.65
0.84
0.87
1.16
1.64
1.68
2.06
2.00
2.23
2.07
1.74
2.52
2.04
1.80
2.02
1.73
1.38
1.24
1.18
1.04
1.08
0.88
0.94
0.83
0.74
0.63
0.54
0.60
0.54
0.48
0.43
0.44
0.44
0.44
0.39
0.43
0.43
0.43
0.51
0.54
0.63
0.60
0.62
0.66
0.71
0.63
0.74
0.69
0.68
0.60
0.63
0.55
0.78
0.83
0.88
0.87
1.04
0.81
1.00
1.46
1.46
1.41
1.35
1.38
1.58
1.60
1.36
1.29
1.45
1.70
1.85
1.84
1.58
1.57
1.58
1.49
1.27
1.08
1.17
1.28
1.31
1.07
0.87
0.85
0.65
0.53
0.46
0.47
0.46
0.46
0.47
0.45
0.49
0.46
0.47
0.55
0.51
0.63
0.75
0.65
0.73
0.75
0.75
0.82
0.83
0.83
0.90
0.76
0.88
0.78
0.64
0.65
0.52
0.57
0.76
0.68
0.74
0.99
1.32
1.36
1.56
1.42
2.08
2.55
2.00
1.66
1.41
1.14
1.16
1.10
1.31
1.35
1.35
1.48
1.40
1.18
1.19
1.13
1.15
1.11
1.03
0.90
0.79
0.64
0.54
0.59
0.51
0.54
0.53
0.53
0.50
0.56
0.47
0.46
0.49
0.46
0.51
0.47
0.65
0.71
0.61
0.64
0.71
0.72
0.90
0.84
0.84
0.72
0.63
0.61
0.61
0.66
0.55
0.58
0.46
0.56
0.62
0.68
0.64
0.77
1.09
1.16
1.17
1.64
1.74
1.59
2.11
1.99
1.79
1.98
2.28
2.18
2.21
1.85
1.80
1.48
1.47
1.79
1.65
1.43
1.38
1.39
1.34
1.19
1.07
0.93
0.98
0.74
0.69
0.63
0.52
0.52
0.47
0.45
0.43
0.48
0.47
0.45
0.43
0.43
0.50
0.46
0.45
0.51
0.75
0.70
0.71
0.79
0.71
