2.20
2.85
3.31
3.67
3.02
2.56
2.58
2.86
2.85
4.18
4.23
4.77
4.77
4.79
4.79
4.79
4.23
4.46
4.80
4.81
4.76
4.75
4.81
4.78
4.82
4.78
4.79
4.78
4.69
4.74
4.69
4.07
3.96
4.26
4.35
4.17
4.50
4.48
4.13
4.51
3.92
4.02
3.91
3.62
3.40
3.27
3.28
3.55
3.20
3.03
3.16
3.47
3.87
3.76
3.84
3.99
3.90
4.55
4.75
4.79
4.80
4.78
4.82
4.79
4.79
4.79
4.84
4.79
4.77
4.77
4.80
4.79
4.79
4.79
4.00
3.61
3.88
4.68
4.77
4.28
4.13
4.26
3.70
3.41
3.29
3.79
3.38
3.37
3.27
2.85
3.21
2.87
2.46
2.46
2.75
2.99
2.80
3.04
2.55
2.68
2.51
3.19
3.18
3.33
3.30
2.97
3.19
3.52
3.10
3.44
3.48
4.77
4.80
4.80
4.79
4.79
4.80
4.80
4.80
4.80
4.79
4.80
4.78
4.84
4.78
4.78
4.77
4.80
4.79
4.80
4.80
4.71
4.61
4.09
3.82
3.61
3.53
3.96
4.00
3.73
4.00
4.10
3.30
3.12
2.58
2.90
2.86
3.34
3.38
3.33
3.85
4.13
3.63
3.64
3.44
3.81
3.23
3.75
3.99
4.08
3.53
4.11
4.15
4.78
4.70
4.51
4.67
4.70
4.79
4.78
4.80
4.80
4.80
4.78
4.79
4.77
4.83
4.78
4.79
4.79
4.82
4.77
4.79
4.79
4.80
4.79
4.12
3.84
3.01
2.69
2.40
2.82
3.42
3.14
3.11
3.39
3.31
3.12
3.58
3.20
3.31
3.02
2.95
3.83
3.70
3.46
3.71
2.98
3.04
3.03
3.14
3.47
4.20
3.60
3.48
3.38
3.25
4.48
4.84
4.79
4.78
4.77
4.80
4.79
4.78
4.79
4.80
4.80
4.80
4.80
4.77
4.80
4.79
4.84
4.79
4.79
4.77
4.80
4.79
4.80
4.79
4.80
4.79
4.82
4.79
4.80
4.79
4.11
4.41
4.22
4.68
3.57
3.87
3.33
2.89
2.73
2.85
3.06
3.46
2.75
2.23
2.17
2.32
2.54
2.47
2.67
2.68
3.18
3.41
3.07
3.21
3.08
4.22
3.81
3.04
2.65
2.52
2.38
2.78
2.22
2.28
2.25
2.62
2.40
2.61
2.48
2.55
2.64
2.21
2.43
2.50
2.41
2.39
2.38
2.37
2.38
2.37
2.27
2.26
2.15
2.11
2.05
1.89
1.83
1.69
1.59
1.43
