0.74
0.83
0.82
0.77
0.76
0.66
0.65
1.07
0.91
1.74
2.25
2.36
2.06
2.50
2.84
2.99
2.80
3.43
3.08
2.81
2.60
2.65
2.28
2.52
1.91
1.59
1.48
1.64
1.45
1.43
1.85
1.62
1.38
1.28
1.77
1.54
1.47
1.30
1.15
1.03
1.07
1.05
0.93
0.86
0.79
0.90
0.82
0.76
0.70
0.84
0.72
0.87
0.85
0.89
0.93
0.97
1.09
1.16
1.17
1.33
1.51
2.20
2.13
2.62
2.31
3.11
3.14
3.09
3.14
2.77
3.53
3.39
3.18
2.90
2.60
2.03
1.74
1.54
1.49
1.77
1.98
2.10
1.93
1.79
1.62
1.53
1.49
1.35
1.34
1.53
4.78
4.79
4.78
3.62
3.04
2.69
2.26
2.07
1.99
1.88
1.71
1.63
1.58
1.50
1.76
1.66
1.46
1.23
1.23
1.30
1.53
1.83
2.17
2.14
2.27
2.46
3.03
3.34
3.29
2.81
3.00
2.76
2.52
2.30
2.03
1.56
1.38
1.21
1.27
1.47
1.89
2.08
2.27
2.13
1.78
1.75
1.53
1.34
1.08
1.09
1.07
0.96
1.24
1.09
1.02
1.01
0.86
0.81
0.72
0.70
0.73
0.86
0.84
0.87
1.04
1.01
1.09
1.39
1.35
1.46
1.46
1.58
2.01
2.15
2.04
1.93
1.97
2.57
2.78
2.96
2.82
2.66
2.48
2.04
1.75
1.43
1.36
1.50
1.86
2.14
1.98
1.54
1.65
1.35
1.35
1.50
1.26
1.18
1.03
1.01
0.91
1.20
1.11
0.96
1.04
0.97
0.93
0.76
0.72
0.75
0.72
0.74
0.77
0.81
0.84
0.93
1.22
1.25
1.64
1.68
1.79
1.79
1.64
2.08
2.38
2.37
2.13
2.39
2.49
2.35
2.16
2.09
1.93
1.65
1.32
1.49
1.94
1.86
1.86
1.79
1.77
1.81
1.55
1.68
1.30
1.11
1.31
1.08
1.49
1.26
1.58
1.45
1.23
1.05
1.03
0.92
0.86
0.80
0.72
0.71
0.72
0.74
0.76
0.86
0.84
0.98
0.87
1.09
1.32
2.04
2.36
2.56
2.39
2.64
2.94
3.07
2.68
2.76
2.69
2.17
1.77
1.46
1.45
1.82
2.55
3.19
3.43
2.68
2.26
2.19
1.78
1.54
1.46
1.19
1.20
1.19
1.12
1.17
1.04
1.04
1.57
1.26
1.15
1.00
0.90
0.92
0.82
0.71
0.70
0.63
0.70
0.80
0.86
0.76
0.78
1.05
1.03
1.84
2.22
2.34
2.46
2.81
3.07
3.31
2.87
2.64
2.37
2.65
2.20
2.06
1.69
1.69
1.59
1.44
1.46
1.46
1.27
1.41
1.99
1.89
2.11
2.29
2.39
2.37
2.48
2.07
2.03
1.83
1.71
1.37
1.18
1.05
0.90
0.84
0.73
1.36
1.16
1.11
1.43
1.39
1.35
2.01
2.23
2.25
2.82
3.09
3.22
3.56
3.39
3.22
2.66
2.64
2.06
1.89
1.55
1.65
1.84
1.73
1.98
1.59
2.21
2.18
2.04
1.94
1.83
1.60
1.85
1.69
1.52
1.32
1.52
1.63
1.88
1.74
1.67
1.51
1.37
1.10
0.98
0.93
0.80
0.80
0.75
0.94
0.93
1.17
1.40
1.51
1.93
1.76
1.82
2.65
3.23
3.35
3.66
3.45
3.04
2.70
2.62
2.65
2.40
2.67
2.19
2.08
2.26
2.31
2.27
2.14
2.18
2.22
2.05
1.71
1.53
1.43
1.55
1.59
1.78
1.67
1.66
1.65
1.33
1.18
1.10
1.30
1.19
1.20
1.19
1.03
0.97
0.83
0.81
0.82
0.72
0.70
0.72
0.67
0.84
0.82
0.86
0.85
0.82
