1.11
1.29
1.44
1.48
1.68
1.55
1.54
1.37
1.29
1.16
1.02
1.18
1.39
1.67
1.87
1.73
1.76
1.90
1.67
1.77
1.63
1.35
1.30
1.29
1.13
1.06
1.02
0.94
0.89
0.84
0.75
0.72
0.74
0.68
0.64
0.55
0.63
0.66
0.74
0.79
0.75
0.70
0.78
0.75
1.58
1.83
1.83
1.63
1.58
1.44
1.57
1.30
1.21
1.06
1.36
1.47
1.31
1.31
1.78
1.66
2.23
2.22
2.26
2.15
1.82
1.58
1.27
1.15
1.11
1.08
0.97
0.91
0.86
0.73
0.71
0.64
0.69
0.85
0.81
0.74
1.09
0.96
1.40
1.44
1.47
1.38
1.40
1.92
1.84
1.92
1.93
1.73
1.74
1.33
1.28
1.50
1.82
2.19
2.92
2.54
2.11
2.03
2.62
2.65
2.45
2.23
1.91
1.47
1.38
1.36
1.29
1.22
1.12
1.06
0.92
0.81
0.73
0.77
0.63
0.79
0.73
1.11
0.87
0.95
1.04
1.35
1.30
1.41
1.62
1.59
1.78
1.77
1.81
1.29
1.22
1.19
1.38
2.19
2.32
2.82
2.86
2.44
2.58
2.42
2.60
2.10
1.86
1.49
1.39
1.27
1.22
1.08
1.10
1.20
1.19
1.01
0.84
0.71
0.61
0.65
0.65
0.59
0.59
0.63
0.98
1.09
1.29
1.52
2.23
2.17
2.16
1.96
2.24
2.05
2.03
1.56
1.38
1.66
1.79
2.29
2.81
2.66
2.60
2.79
3.70
3.83
3.43
2.90
2.85
2.38
2.11
1.68
1.44
1.47
1.38
1.24
1.12
0.97
0.80
0.76
0.73
0.70
0.95
0.81
0.79
0.96
0.90
0.80
0.79
1.25
1.38
2.06
2.28
2.63
3.15
2.99
2.87
3.01
3.09
2.63
2.04
1.76
1.54
1.88
1.63
2.62
2.31
2.37
2.00
1.91
2.05
2.59
2.36
2.74
2.22
1.83
1.64
1.64
1.40
1.47
1.46
1.30
1.14
1.01
0.92
0.92
0.94
0.87
0.82
0.93
0.91
0.95
1.16
1.59
1.95
1.95
1.96
3.30
3.08
2.81
2.37
2.60
2.41
2.07
1.79
1.61
1.71
2.03
1.96
2.28
2.49
2.84
2.85
3.21
4.08
3.31
3.42
2.71
2.23
2.22
2.07
1.90
1.60
1.52
1.46
1.24
1.09
0.93
0.79
0.73
0.66
0.84
0.73
0.85
0.83
0.76
1.13
1.70
1.86
1.99
2.37
2.80
3.55
3.23
3.10
2.82
2.48
2.05
1.67
1.45
1.67
2.05
3.19
3.40
3.14
2.72
2.05
2.04
1.96
2.31
2.49
2.11
1.87
1.52
1.42
1.33
1.18
1.41
1.29
1.49
1.47
1.42
1.26
1.11
0.97
0.84
0.79
0.65
0.70
0.66
0.68
0.94
0.80
0.92
0.91
1.36
1.37
2.39
2.43
2.96
2.96
3.27
3.11
2.99
2.47
2.23
1.95
1.82
1.86
1.74
1.97
2.59
3.63
3.41
3.25
2.78
2.33
2.32
2.51
1.92
2.09
2.10
2.25
1.93
1.81
1.50
1.85
1.64
1.35
1.46
1.20
1.43
1.32
1.13
1.02
0.86
0.72
0.73
0.64
0.69
0.64
0.74
0.88
1.01
0.86
0.78
0.70
0.59
0.65
0.60
0.60
0.67
0.61
0.55
0.53
0.53
0.51
0.52
0.45
0.55
0.51
0.52
0.47
0.49
0.51
0.52
0.49
0.49
0.50
0.47
0.51
0.48
0.51
0.47
0.48
0.48
0.51
0.56
0.55
