1.36
1.17
0.96
0.98
1.10
1.03
1.12
0.95
0.83
0.90
0.82
0.65
0.76
0.96
0.93
1.03
1.00
1.10
1.23
1.44
1.21
1.09
0.98
0.99
1.10
1.43
1.56
2.02
2.11
2.43
2.14
2.30
2.01
1.85
1.91
1.81
1.87
1.66
1.60
1.32
1.22
0.94
0.95
0.92
1.09
1.05
1.06
0.95
0.93
0.89
0.78
0.71
0.61
0.68
0.56
0.58
0.58
0.63
0.89
0.94
1.09
1.12
1.32
1.57
1.68
2.17
2.54
2.28
2.31
2.16
2.05
1.94
1.52
1.44
1.45
2.14
2.13
1.88
2.17
1.85
2.02
1.75
1.84
1.77
1.82
1.68
1.60
1.58
1.51
1.28
1.27
1.16
1.04
1.14
1.06
1.06
0.93
0.85
0.75
0.73
0.77
0.63
0.67
0.69
0.76
0.88
0.86
0.94
1.29
1.35
1.69
2.58
3.06
3.36
3.50
3.22
3.03
2.67
2.56
2.41
2.25
1.77
1.40
1.51
1.66
1.68
2.09
2.44
2.01
2.21
2.25
2.30
2.19
2.10
2.03
1.77
1.50
1.37
1.26
1.04
1.02
1.07
1.11
0.98
0.96
0.94
0.84
0.80
0.79
0.82
0.69
0.77
0.78
0.84
1.19
1.26
1.49
1.69
1.97
2.44
2.92
2.83
3.13
2.93
2.64
2.96
2.76
2.35
2.07
1.68
1.73
1.79
2.27
2.50
2.20
2.24
1.96
2.39
2.53
2.25
2.33
2.14
2.03
1.70
1.70
1.96
1.97
1.86
1.52
1.35
1.17
1.04
0.94
0.84
0.77
0.67
0.78
0.66
0.82
1.02
0.91
1.34
1.24
1.56
2.06
2.02
2.22
3.08
3.91
3.68
3.83
3.58
3.18
3.27
2.93
2.42
2.05
1.85
1.99
1.72
2.42
1.96
1.76
1.54
1.95
1.88
1.68
1.74
1.65
1.55
1.65
1.50
1.58
1.50
1.55
1.43
1.35
1.25
1.03
0.87
0.80
0.76
0.76
0.66
0.96
0.87
0.88
1.48
1.14
1.73
2.11
2.52
2.85
2.69
2.89
3.26
3.25
3.96
4.20
3.78
3.30
3.02
2.67
2.05
1.68
1.61
1.87
1.49
1.52
1.94
2.04
2.12
1.97
2.08
2.09
1.92
1.77
1.64
1.57
1.76
1.54
1.30
1.33
1.38
1.20
1.11
1.02
0.92
0.91
0.85
0.79
0.80
0.82
0.84
1.08
1.00
1.10
1.66
2.31
2.26
2.59
2.45
2.38
2.31
2.15
2.04
2.20
1.83
1.95
2.04
1.80
1.84
2.17
2.33
2.93
3.33
2.56
2.21
2.04
1.85
1.73
1.83
1.71
1.67
1.40
1.45
1.47
1.79
1.68
1.80
1.63
1.67
1.56
1.32
1.30
1.25
1.19
1.13
1.10
1.07
1.09
1.38
1.49
1.84
2.09
2.51
3.07
3.15
3.70
3.90
3.56
2.91
2.56
2.67
2.28
2.30
2.05
1.82
1.91
2.71
2.77
3.07
2.98
2.65
2.49
2.00
1.70
1.54
1.64
1.51
1.45
1.28
1.33
1.59
1.55
1.65
1.62
1.70
1.52
1.30
1.22
1.26
1.02
0.95
1.06
1.09
1.26
1.49
1.78
2.16
2.15
2.65
2.82
3.37
3.94
4.07
4.49
3.88
3.56
3.41
3.30
2.75
2.52
2.31
2.20
2.20
2.85
2.76
3.41
3.36
3.88
3.07
3.08
2.56
2.05
2.00
1.84
1.71
1.95
1.99
1.67
1.60
1.47
1.20
1.32
1.49
1.53
1.75
1.74
1.81
1.86
1.84
1.58
1.57
1.41
1.31
1.29
1.27
1.19
1.06
1.09
1.06
0.88
0.87
0.76
0.72
0.67
0.70
0.65
0.73
0.74
0.69
0.70
0.75
0.69
0.75
0.72
0.63
0.60
0.54
0.56
0.54
0.52
0.47
0.49
0.52
