1.34
1.96
1.86
1.41
1.14
1.05
0.91
1.37
1.17
1.31
1.53
1.55
1.63
1.42
1.50
1.32
1.24
1.15
1.62
1.42
1.70
1.98
2.28
2.14
2.24
1.92
1.71
1.61
1.48
1.30
1.45
1.43
1.49
1.30
1.08
0.96
1.03
1.01
0.94
0.94
0.88
0.82
0.74
0.71
0.68
0.65
0.71
0.68
0.78
0.73
0.75
0.88
0.98
1.12
1.10
1.10
1.18
1.38
1.58
1.72
1.52
1.68
1.51
1.95
1.80
1.76
1.41
1.37
1.49
1.69
1.41
1.32
1.21
1.30
1.33
1.63
1.52
1.49
1.32
1.29
1.19
1.01
1.01
0.96
0.92
0.85
0.77
0.68
0.69
0.58
0.63
0.68
0.93
0.85
0.83
1.03
0.95
1.03
1.00
1.14
1.53
1.62
2.09
2.17
2.09
2.15
2.36
2.16
2.31
2.30
2.21
2.44
2.26
1.72
1.50
1.40
1.74
1.62
1.64
1.44
1.56
1.35
1.34
1.29
1.39
1.45
1.45
1.47
1.18
1.31
1.18
1.30
1.06
1.12
0.93
0.89
0.79
0.81
0.72
0.72
0.83
0.87
1.00
0.94
1.61
1.80
2.04
2.24
2.12
2.48
2.78
2.61
3.05
2.61
2.59
2.31
3.02
2.84
2.44
1.94
1.53
1.45
1.48
1.43
1.55
1.71
1.84
2.03
1.94
2.11
1.84
1.78
1.70
1.52
1.44
1.25
1.21
1.03
0.89
0.94
0.89
0.77
0.80
0.77
0.67
0.77
0.86
0.94
1.27
1.01
1.15
1.66
1.83
2.23
2.27
2.10
3.28
3.54
3.46
3.36
3.23
3.08
2.34
2.21
2.21
2.12
1.86
1.61
1.74
1.99
2.16
2.27
2.06
1.66
1.44
1.39
1.53
1.66
1.74
1.71
1.46
1.38
1.48
1.36
1.31
1.12
1.02
1.05
0.98
0.89
0.78
0.71
0.65
0.87
0.77
0.77
0.76
0.71
1.00
1.09
1.20
1.21
1.28
1.73
2.52
2.59
2.66
2.38
2.66
2.44
2.33
1.82
1.79
1.60
1.47
1.46
1.79
2.03
1.94
2.61
2.43
2.12
1.91
1.76
1.77
1.67
1.68
1.64
1.56
1.83
1.82
2.07
1.75
1.74
1.36
1.28
1.06
1.16
1.05
0.94
0.86
0.84
0.78
0.76
0.85
0.93
0.94
0.94
1.15
0.93
1.26
1.28
1.95
2.11
2.23
2.25
2.03
2.61
2.67
2.93
3.10
2.59
2.28
1.97
1.76
1.68
1.55
1.74
1.43
1.32
1.37
1.45
1.37
1.48
1.76
1.97
1.99
1.82
2.02
1.80
2.01
1.76
2.13
1.74
1.87
1.50
1.39
1.14
0.98
0.97
0.86
0.94
1.00
0.88
0.86
1.08
1.04
1.35
1.23
1.76
1.56
2.00
2.48
2.42
2.80
3.04
2.97
3.42
3.23
3.55
3.43
3.08
2.79
2.27
1.91
1.69
1.89
2.23
2.18
2.09
2.75
2.32
2.22
2.19
2.72
2.44
2.21
2.12
1.95
1.83
1.51
1.62
1.77
2.11
1.85
1.51
1.54
1.48
1.33
1.22
1.19
1.06
1.01
0.95
1.17
1.02
0.97
1.08
0.92
1.13
0.88
1.13
0.92
0.78
0.84
0.77
0.68
0.81
0.74
0.70
0.64
0.63
0.65
0.65
0.64
0.65
0.68
0.65
0.70
0.72
0.73
0.72
0.76
0.77
0.81
0.80
0.83
0.87
