0.56
0.63
0.89
1.21
1.37
1.39
1.55
1.74
1.76
1.48
2.09
2.01
2.32
2.23
1.99
1.57
1.54
1.56
1.52
1.35
1.83
1.74
1.91
2.17
2.39
2.25
1.74
1.46
1.25
1.33
1.66
1.54
1.56
1.48
1.58
1.37
1.20
1.19
1.05
1.09
1.13
0.97
0.87
0.83
0.75
0.74
0.70
0.74
0.92
0.88
1.11
1.08
1.01
1.36
1.34
2.16
1.97
2.15
1.93
1.93
1.92
2.06
2.67
2.51
2.31
2.11
1.62
1.36
1.74
1.95
2.00
2.32
2.35
2.36
1.97
1.63
1.78
1.65
1.66
1.69
1.79
1.51
1.36
1.15
1.16
1.11
1.07
0.87
0.84
0.81
0.80
0.76
0.65
0.78
0.73
0.78
0.82
0.88
1.02
1.05
1.14
1.35
1.60
1.69
2.06
2.24
1.90
2.29
2.37
2.32
2.41
2.23
2.19
1.75
1.54
1.37
1.39
1.63
1.71
1.47
1.41
1.28
1.25
1.46
1.47
1.58
1.25
1.53
1.31
1.23
1.22
1.24
1.21
1.29
1.12
1.00
0.90
0.76
0.73
0.67
0.67
0.59
0.76
0.76
0.87
0.99
1.09
0.91
1.13
1.47
1.65
1.76
1.74
2.06
2.00
2.17
2.35
2.13
2.11
1.96
1.62
1.38
1.20
1.29
1.52
1.56
1.85
1.51
1.38
1.28
1.34
1.50
2.17
2.20
1.89
1.49
1.33
1.08
1.13
1.04
1.10
0.97
0.87
0.86
0.92
0.87
0.85
0.86
0.78
0.98
0.79
1.01
1.00
1.38
1.50
2.45
2.56
2.64
3.13
2.91
3.61
3.46
3.87
3.45
2.98
2.47
2.41
2.26
1.87
1.70
1.72
1.76
1.86
1.97
1.71
1.51
1.30
1.33
1.39
1.49
1.68
1.55
1.24
1.45
1.11
1.19
1.21
1.25
1.25
1.17
1.08
1.08
0.98
0.90
1.02
0.96
1.33
1.29
1.88
1.67
1.71
2.10
1.93
2.06
2.58
3.44
3.19
3.25
3.85
3.07
3.22
3.30
3.13
2.88
2.92
2.67
2.15
1.88
1.96
2.16
2.61
2.50
3.19
2.39
2.47
2.58
2.23
3.20
3.59
3.05
2.85
2.55
2.17
1.98
1.84
1.76
1.69
1.46
1.59
1.45
1.38
1.15
1.18
1.10
1.15
0.99
0.98
1.11
0.90
1.35
1.33
1.37
1.38
2.24
2.35
2.78
3.30
3.10
2.75
2.83
2.64
3.30
2.72
2.96
2.66
2.60
2.54
2.13
1.69
1.52
1.81
1.81
1.78
1.77
2.00
1.72
1.62
1.53
1.59
1.44
1.79
1.78
1.93
1.93
1.59
1.76
1.59
1.83
2.18
2.28
2.26
1.90
1.66
1.71
1.41
1.43
1.39
1.35
1.46
1.42
1.28
1.16
1.20
1.35
1.37
1.96
2.49
2.48
2.32
2.82
3.14
2.93
4.09
4.00
4.16
4.78
4.02
3.33
3.15
2.72
2.44
2.05
2.03
2.01
1.90
1.65
1.65
1.68
1.71
2.27
1.79
1.62
1.70
2.45
1.96
2.18
2.58
2.54
2.70
2.29
2.15
1.88
2.05
2.01
1.96
1.58
1.46
1.26
1.32
1.11
1.09
1.10
1.10
1.34
1.28
1.07
1.10
1.26
1.32
1.46
1.76
1.96
1.95
2.51
3.78
4.31
4.53
4.02
3.61
3.42
3.35
2.79
2.65
2.37
2.14
2.13
2.12
2.26
2.26
3.11
3.85
3.73
3.14
2.60
2.29
1.92
1.75
1.92
2.35
2.15
2.56
2.28
2.32
2.13
1.87
2.11
1.70
1.37
1.34
1.42
1.29
1.33
1.28
1.09
1.27
1.02
0.86
0.88
0.86
0.89
0.86
0.86
1.18
1.00
0.88
0.80
0.74
0.79
0.71
0.68
0.67
0.72
0.66
0.64
0.66
0.65
0.61
0.62
0.59
0.56
0.58
0.59
0.55
0.54
0.53
0.53
0.49
0.51
0.52
0.50
0.50
0.51
0.52
0.48
0.49
0.47
0.53
0.51
0.49
0.50
0.49
