0.75
0.86
0.87
0.90
1.17
1.20
1.37
1.33
1.35
1.19
1.06
1.01
0.97
1.12
1.10
1.07
1.48
1.57
1.85
2.17
3.10
3.34
3.27
3.09
2.82
2.56
2.17
1.83
1.73
1.66
1.65
1.65
1.28
1.89
1.58
1.83
1.54
1.43
1.22
1.06
0.87
0.80
0.84
0.78
0.77
0.64
0.69
0.65
0.67
0.70
0.67
0.64
0.84
0.86
0.83
0.93
0.80
1.47
1.22
1.35
1.28
1.24
1.42
1.64
1.56
1.57
1.37
1.43
1.44
1.32
1.74
1.83
1.91
1.88
2.23
2.20
2.49
2.04
2.01
2.04
1.88
1.73
1.32
1.21
1.13
1.03
1.27
1.13
1.13
1.07
1.06
1.01
0.86
0.75
0.68
0.65
0.57
0.57
0.59
0.60
0.65
0.71
0.68
0.80
0.81
1.08
1.02
1.07
1.20
1.06
1.30
1.32
1.45
1.74
1.68
1.42
1.35
1.21
1.45
2.45
2.32
2.26
2.16
1.88
2.44
2.23
1.89
2.30
1.94
2.01
2.74
2.44
2.10
1.88
1.81
1.67
1.79
1.33
1.16
1.11
1.15
1.04
0.89
0.74
0.67
0.71
0.65
0.67
0.65
0.71
0.74
0.78
0.72
0.82
1.00
1.43
1.30
1.66
1.79
2.00
1.96
2.13
2.17
2.01
1.74
1.52
1.36
1.43
1.51
2.16
2.68
2.84
2.91
2.63
2.86
2.51
2.04
2.06
1.86
1.62
1.73
1.61
1.87
1.39
1.47
1.56
1.49
1.52
1.38
1.43
1.19
1.29
1.08
0.94
0.80
0.71
0.65
0.66
0.70
0.67
0.96
0.94
1.05
1.23
1.37
1.25
1.57
1.72
2.37
2.16
1.98
1.92
1.74
1.57
1.49
1.27
1.08
1.16
1.31
1.64
1.80
1.62
2.00
2.45
2.40
2.65
2.51
2.58
2.26
2.12
2.50
2.56
2.30
2.02
1.77
1.63
1.56
1.64
1.73
1.65
1.55
1.38
1.30
1.10
1.01
0.93
0.94
0.90
0.82
0.89
1.04
1.14
1.34
1.30
1.31
1.17
1.46
1.39
1.76
1.83
1.96
2.05
2.30
2.67
2.39
2.87
2.59
2.28
2.08
1.90
1.90
1.60
1.52
1.59
1.77
1.87
2.18
2.29
3.07
3.97
3.45
3.03
2.89
2.51
2.96
2.45
2.66
3.16
2.64
2.41
2.19
1.72
1.76
1.43
1.62
1.36
1.15
1.40
1.26
1.30
1.05
0.94
0.95
0.84
0.80
0.77
0.70
0.70
0.74
0.69
0.92
0.97
1.02
1.33
1.22
1.30
1.44
1.59
1.44
2.00
2.46
2.22
2.10
1.70
1.47
2.04
2.17
1.84
1.50
1.33
1.47
1.58
1.58
1.66
2.22
2.41
3.36
3.00
3.12
3.60
3.06
3.05
2.43
2.84
2.28
1.96
1.88
1.66
1.47
1.56
1.58
1.45
1.39
1.40
1.36
1.30
1.35
1.17
1.18
1.11
1.17
1.08
0.99
0.90
0.90
0.96
0.99
0.99
1.04
1.18
1.28
1.35
1.26
1.41
2.15
2.00
2.46
2.41
2.47
2.45
2.77
2.83
2.93
2.82
3.02
2.77
2.38
2.20
1.84
1.82
1.52
1.94
2.85
3.28
3.43
4.35
4.32
3.42
2.83
2.92
2.73
2.70
2.08
1.91
2.03
2.09
1.87
1.57
1.38
1.34
1.57
1.67
2.27
2.53
3.00
3.17
3.26
3.21
2.92
2.98
2.73
2.61
2.43
2.17
2.05
1.86
1.70
1.73
1.55
1.50
1.40
1.40
1.24
1.25
1.17
1.42
1.26
1.20
1.17
1.17
1.24
1.24
1.30
1.29
1.37
1.49
1.51
1.60
1.67
1.74
1.82
1.87
1.82
1.82
1.77
1.74
1.72
1.71
1.71
1.73
1.68
1.81
1.91
2.01
2.10
2.13
2.18
2.08
2.12
1.88
1.65
1.37
1.12
0.86
0.76
0.69
0.62
0.54
0.54
0.49
0.50
0.48
0.49
0.53
0.48
0.54
0.55
0.55
0.56
