0.46
0.46
0.45
0.52
0.56
0.53
0.54
0.58
0.69
0.65
0.77
0.90
0.96
0.93
1.14
1.06
1.13
1.26
1.17
1.08
0.94
0.99
1.08
1.09
1.50
2.07
2.61
2.85
2.98
2.69
2.28
2.04
2.11
1.97
1.82
1.92
1.81
1.47
1.51
1.28
1.17
1.20
1.03
1.00
1.03
0.90
0.88
0.79
0.70
0.74
0.64
0.69
0.67
0.76
0.73
0.74
0.71
0.83
0.98
1.00
1.02
0.94
0.89
0.94
1.13
1.17
1.10
1.04
1.08
1.03
1.04
1.22
1.50
1.80
2.24
2.40
2.38
2.24
2.94
2.48
2.49
2.31
2.19
1.83
2.19
2.02
1.81
1.68
1.46
1.28
1.28
1.13
1.12
1.06
1.13
1.03
1.01
1.08
0.98
0.85
0.74
0.71
0.67
0.64
0.59
0.67
0.72
0.73
1.00
1.20
1.14
1.13
1.37
1.36
1.26
1.31
1.19
1.45
1.32
1.17
1.11
1.03
1.05
1.09
1.42
1.31
1.74
2.04
2.45
2.02
2.18
1.99
1.86
1.61
1.77
1.96
2.17
1.97
2.02
1.60
1.25
1.22
1.25
1.36
1.27
1.11
1.01
1.10
1.27
1.51
1.33
1.08
0.94
0.79
0.78
0.68
0.89
0.95
0.89
0.84
1.22
1.17
1.55
1.57
1.76
1.75
1.94
2.17
1.83
1.81
2.01
2.13
1.86
1.96
1.70
1.51
1.51
1.45
1.52
1.38
1.40
1.67
2.26
2.02
1.78
1.61
1.77
1.72
1.65
1.64
1.86
1.66
1.55
1.38
1.35
1.48
1.38
1.15
1.16
1.20
1.12
0.97
0.98
0.94
0.72
0.77
0.85
0.87
0.80
1.05
0.89
1.13
1.32
1.09
1.34
1.27
1.50
1.58
1.66
2.04
1.81
1.65
1.70
1.62
1.74
1.72
1.77
2.11
1.81
1.59
1.37
1.14
1.25
1.44
2.11
2.41
3.24
2.95
4.61
4.77
4.28
3.68
2.77
2.96
2.45
2.06
1.89
2.13
2.04
1.77
1.62
1.45
1.31
1.39
1.45
1.50
1.61
1.41
1.47
1.22
1.56
1.14
1.17
0.97
0.91
0.95
0.87
0.75
0.80
0.97
0.86
1.05
1.04
1.61
1.48
1.59
1.69
2.17
1.83
2.18
2.22
1.95
1.79
2.05
2.20
2.10
1.80
1.56
1.59
1.82
1.97
1.94
2.45
3.76
3.45
3.84
3.32
3.66
3.01
2.59
2.17
1.84
1.98
1.58
1.50
1.56
1.41
1.32
1.21
1.25
1.27
1.59
1.43
1.26
1.23
1.13
1.01
0.98
0.87
0.80
0.72
0.88
0.87
1.17
1.05
1.19
1.26
1.18
1.35
1.83
1.92
2.06
1.96
1.78
1.91
2.14
2.20
2.18
2.69
2.94
2.23
1.85
1.46
1.61
1.66
1.55
1.61
1.69
2.27
2.91
3.25
3.01
2.87
2.51
2.09
2.02
1.80
1.71
2.72
2.32
2.37
1.99
1.81
1.74
1.79
1.54
1.59
1.52
1.55
1.68
1.62
1.27
1.25
1.11
1.00
0.97
0.95
0.96
1.14
1.22
1.41
1.67
1.75
2.29
2.51
2.39
2.58
2.12
2.45
2.77
2.44
2.54
2.17
1.79
1.55
1.48
1.72
1.81
2.21
2.87
2.93
2.91
3.10
2.96
3.23
3.62
3.18
2.83
2.28
2.20
1.96
1.66
1.76
1.58
1.64
1.95
1.63
1.79
1.47
1.62
1.37
1.35
1.39
1.40
1.25
1.26
1.13
0.99
0.81
0.78
0.81
1.09
0.99
1.39
1.21
1.47
1.43
1.19
1.09
1.33
1.38
2.17
2.81
2.88
3.35
3.16
2.76
2.95
2.62
2.87
2.42
2.50
2.46
2.19
2.07
2.17
1.93
1.84
1.99
2.27
2.52
2.75
2.65
3.61
4.29
3.70
3.31
3.59
2.95
3.27
2.53
2.40
2.13
2.07
2.19
1.86
1.77
1.80
1.80
1.87
1.77
1.75
1.72
1.58
1.80
1.69
1.64
1.71
1.59
1.50
1.61
1.55
1.88
1.56
1.54
1.48
1.29
1.20
1.19
1.09
0.99
1.36
1.25
1.23
1.10
0.99
0.98
0.97
0.96
0.97
0.99
0.95
1.03
1.01
1.00
0.96
0.99
0.95
0.92
0.93
0.86
0.87
0.79
0.89
0.81
0.81
0.83
0.78
0.78
0.79
0.78
0.75
0.72
0.66
0.64
0.64
0.65
0.60
0.60
0.60
0.61
0.58
0.60
0.60
0.59
0.63
0.61
0.62
0.59
0.60
0.59
0.61
0.60
0.61
0.64
0.57
0.65
0.58
0.61
0.56
0.56
0.54
0.55
