0.45
0.47
0.48
0.46
0.46
0.43
0.47
0.48
0.46
0.47
0.48
0.48
0.45
0.47
0.50
0.48
0.45
0.45
0.46
0.48
0.46
0.45
0.47
0.45
0.50
0.47
0.50
0.47
0.50
0.50
0.49
0.47
0.48
0.51
0.44
0.48
0.50
0.50
0.49
0.49
0.48
0.47
0.48
0.48
0.46
0.41
0.49
0.52
0.50
0.47
0.47
0.47
0.48
0.49
0.47
0.52
0.51
0.54
0.52
0.50
0.49
0.60
0.84
1.02
0.96
0.97
1.06
0.94
0.88
0.91
0.93
1.16
1.00
0.95
1.07
0.97
0.87
0.93
0.99
1.09
1.34
1.68
1.75
1.58
1.72
2.20
2.32
2.26
2.02
1.70
1.58
1.33
1.62
1.43
1.47
1.45
1.25
0.99
1.06
1.14
1.01
0.89
1.06
0.97
0.90
0.99
0.85
0.84
0.78
0.86
0.87
0.82
0.91
0.88
1.21
1.20
1.26
1.33
1.30
1.37
1.47
1.29
1.17
1.03
1.17
1.06
1.24
1.14
0.97
0.95
1.23
1.08
1.02
1.50
1.73
2.27
2.71
3.07
2.48
2.01
2.10
1.72
1.44
1.93
1.96
1.71
1.67
1.63
1.92
1.70
1.55
1.41
1.58
1.49
1.25
1.26
1.14
0.99
0.90
0.84
0.80
0.77
0.74
0.70
0.85
0.88
0.89
0.82
0.96
1.04
1.03
0.98
1.09
1.04
1.06
1.15
1.08
1.09
1.02
1.18
1.24
1.72
1.61
2.36
3.04
3.32
3.37
2.90
2.79
2.65
2.55
2.24
2.15
2.13
1.80
1.91
1.70
1.97
1.81
1.70
1.45
1.40
1.13
1.24
1.39
1.24
1.10
1.02
0.99
0.84
0.76
0.71
0.78
0.80
0.70
0.78
0.78
0.93
0.86
0.87
1.00
1.09
1.03
1.27
1.25
1.09
1.16
1.15
1.07
1.14
1.30
1.45
1.80
2.17
2.58
2.82
2.83
3.47
2.89
2.81
2.35
2.13
1.82
1.50
1.57
1.45
1.39
1.29
1.39
1.48
1.62
1.41
1.54
1.46
1.19
1.28
1.18
1.28
1.09
0.99
0.90
0.87
0.76
0.88
0.91
0.87
1.01
0.94
1.24
1.45
1.45
1.39
1.39
1.46
1.46
1.60
1.57
1.50
1.51
1.28
1.30
1.58
1.66
1.63
1.70
2.12
2.70
3.22
4.20
3.84
3.92
4.09
3.42
3.31
2.62
2.58
2.29
2.25
2.03
2.04
1.71
1.64
2.14
2.15
2.35
2.30
2.09
1.77
2.00
1.52
1.56
1.58
1.30
1.30
1.10
0.89
0.78
0.71
0.75
0.89
1.11
1.01
1.08
1.20
1.20
1.32
1.34
1.51
1.70
1.90
1.81
1.70
1.56
1.50
1.35
1.48
1.41
1.44
1.64
1.88
2.37
2.45
2.76
2.69
2.77
2.53
3.20
2.91
3.00
2.74
3.50
2.86
2.51
2.41
1.99
1.78
1.57
1.68
1.74
1.61
1.58
1.54
1.59
1.72
1.67
1.56
1.44
1.42
1.52
2.69
2.23
1.78
1.60
1.37
1.23
1.09
1.32
1.16
1.33
1.43
1.80
1.64
1.78
1.68
1.73
1.87
1.90
1.70
1.80
1.71
1.61
1.57
1.45
1.40
1.41
1.74
1.93
2.51
3.09
3.38
3.77
4.11
4.07
4.41
4.79
4.80
4.77
4.82
4.00
3.17
2.61
2.24
1.99
1.88
2.00
1.94
2.55
2.27
2.70
2.77
2.86
2.92
3.12
3.28
2.96
2.86
2.61
2.38
2.13
1.84
1.82
1.73
1.61
1.45
1.46
1.27
1.29
1.27
1.12
1.27
1.27
1.48
1.45
1.72
1.88
2.23
2.12
2.27
2.76
2.34
2.34
2.19
1.98
1.95
2.15
1.97
1.89
1.88
1.62
1.50
1.61
2.24
2.24
2.69
3.53
4.05
4.02
4.73
4.79
4.72
4.34
4.79
4.15
3.46
2.89
2.55
2.39
2.38
2.23
2.17
2.09
1.81
1.50
1.67
1.81
1.84
1.75
1.79
1.56
1.80
1.82
1.72
1.60
1.45
1.42
1.22
1.36
1.17
1.16
0.97
1.13
0.99
0.93
0.85
1.20
1.11
1.95
2.25
2.43
2.58
2.52
2.39
2.50
2.73
2.40
2.85
2.51
2.68
2.82
2.78
2.37
1.96
1.79
1.77
1.77
1.54
1.43
2.06
2.53
3.22
2.95
3.03
3.60
3.83
3.50
3.89
3.65
2.99
2.93
2.64
2.80
2.50
2.48
2.11
1.96
1.66
1.83
2.65
3.45
2.98
2.64
2.64
2.44
2.51
2.41
2.20
1.96
1.72
1.43
1.36
1.23
1.35
1.28
1.32
1.22
1.46
1.36
1.35
1.32
1.46
1.50
1.33
1.24
1.27
1.28
