0.63
0.61
0.62
0.73
0.72
0.70
0.71
0.75
0.97
0.93
1.07
1.08
1.47
1.35
1.69
2.12
2.59
2.49
2.55
3.13
3.07
3.06
3.45
3.41
2.86
2.75
2.00
2.11
2.04
2.29
2.15
1.86
2.00
1.71
1.68
1.41
1.48
1.33
1.32
1.06
0.95
0.87
0.82
0.69
0.65
0.65
0.57
0.67
0.91
0.87
0.94
0.95
0.93
0.95
1.16
1.17
1.24
1.04
0.97
1.09
0.98
1.29
1.78
2.04
1.91
2.04
2.28
2.86
3.36
2.83
2.92
2.61
2.55
2.44
2.49
3.29
4.22
4.78
4.79
4.78
4.25
3.80
3.06
2.51
2.12
1.83
1.60
1.38
1.14
1.05
0.88
0.80
0.72
0.71
0.69
0.63
0.68
0.79
0.84
0.91
0.99
0.98
0.97
0.93
1.00
1.08
1.15
1.41
1.37
1.84
1.94
1.82
2.01
2.21
2.44
2.39
2.85
3.26
2.54
2.66
2.65
3.00
2.70
3.07
3.56
3.90
3.59
3.57
3.06
2.51
2.20
1.76
1.63
1.28
1.21
1.21
1.19
1.16
1.12
1.02
1.02
0.96
1.00
1.03
0.93
1.24
1.32
1.51
1.66
1.88
1.71
1.90
1.67
1.66
1.92
1.84
1.75
1.56
1.52
1.25
1.52
1.89
1.98
2.60
3.01
3.00
2.78
2.30
2.29
2.09
2.79
3.40
3.34
3.38
3.36
3.13
2.38
2.16
1.79
1.81
2.04
1.83
1.79
1.75
1.58
1.55
1.51
1.59
1.59
1.56
1.48
1.25
1.31
1.64
1.72
1.51
1.88
2.18
1.99
1.96
2.01
1.78
1.87
1.67
1.71
1.57
1.40
1.35
1.49
1.62
2.35
2.66
2.48
2.84
2.99
3.30
3.89
4.38
4.27
3.68
3.03
4.16
3.67
3.64
3.64
3.54
3.48
2.94
2.47
2.47
2.28
2.17
1.99
1.92
2.11
2.17
2.11
2.11
2.01
1.99
1.83
1.96
1.81
1.60
1.55
1.39
1.39
1.40
1.25
1.53
1.50
1.47
1.59
1.70
1.69
1.76
1.64
1.85
1.59
1.42
1.42
1.45
1.80
1.91
1.99
2.14
2.76
3.73
3.43
4.48
4.14
3.92
3.90
3.97
3.82
3.19
2.93
2.49
2.15
2.23
2.06
1.83
1.70
1.91
1.68
2.00
1.96
1.99
2.00
2.59
2.48
2.18
2.14
1.93
1.67
1.53
1.35
1.37
1.12
1.09
1.09
1.05
1.22
1.41
1.40
1.63
2.14
2.26
1.96
2.01
2.10
1.90
1.67
1.54
1.59
1.49
1.49
1.44
1.44
1.59
2.18
2.56
3.17
3.82
3.67
3.90
3.92
3.88
3.42
3.14
2.98
3.06
3.18
2.97
2.80
3.33
2.87
2.40
2.36
2.07
1.91
1.66
1.58
1.56
1.64
1.21
1.11
0.97
1.03
1.13
1.31
1.52
1.24
1.06
1.10
1.19
1.20
1.44
1.53
1.73
1.80
1.82
1.62
1.78
1.66
2.22
2.36
2.37
2.39
2.27
1.99
1.94
1.80
1.63
2.43
2.30
2.55
3.49
3.28
3.19
3.23
4.08
4.08
4.49
4.79
4.78
4.76
4.80
4.79
4.79
4.79
4.78
4.80
4.79
4.80
4.23
3.46
2.73
3.28
2.84
2.36
2.83
2.45
2.36
2.85
3.38
3.61
3.92
4.28
4.38
4.55
4.78
4.67
4.58
4.46
4.30
3.87
3.53
3.23
2.79
2.57
2.25
2.13
2.05
1.99
1.91
2.03
2.04
2.44
1.99
1.85
1.66
1.62
1.50
1.44
1.28
1.09
0.98
0.96
0.93
0.86
0.91
0.85
0.88
0.87
0.85
0.79
0.83
0.78
1.02
0.91
0.98
1.65
1.33
1.16
0.96
1.07
0.97
0.81
0.82
0.94
0.87
