0.45
0.43
0.41
0.43
0.47
0.44
0.39
0.49
0.47
0.44
0.62
0.52
0.65
0.74
1.18
1.70
1.54
1.41
1.26
1.17
1.02
1.20
1.55
1.48
1.63
1.59
1.59
1.55
1.38
1.32
1.11
1.15
1.06
0.98
0.82
0.73
0.75
0.67
0.52
0.59
0.49
0.50
0.47
0.45
0.40
0.43
0.47
0.51
0.50
0.47
0.53
0.60
0.60
0.62
0.74
0.74
0.77
0.77
0.73
0.82
0.74
0.84
1.07
0.90
1.00
0.91
1.03
1.07
1.20
1.57
1.38
1.50
1.59
1.65
1.55
2.76
2.96
2.20
1.70
1.78
1.59
1.63
1.48
1.46
1.22
1.14
1.04
1.07
1.04
0.93
0.84
0.86
0.68
0.63
0.56
0.49
0.43
0.39
0.37
0.34
0.38
0.31
0.39
0.41
0.46
0.51
0.63
0.67
0.78
0.82
0.73
0.80
0.73
0.77
0.72
0.70
0.66
0.81
0.74
0.89
0.75
0.88
0.73
0.65
0.76
0.78
1.05
1.42
1.77
1.79
1.68
1.60
1.68
1.63
1.93
2.11
1.75
1.72
1.31
1.25
1.09
1.14
1.19
1.55
1.38
1.44
1.17
1.13
0.94
0.81
0.61
0.54
0.47
0.46
0.44
0.41
0.46
0.40
0.43
0.40
0.46
0.38
0.48
0.45
0.63
0.57
0.54
0.63
0.48
0.60
0.69
0.66
0.66
0.65
0.60
0.61
0.61
0.70
0.65
0.87
0.84
1.12
1.44
2.89
3.19
2.78
2.51
2.50
2.24
2.07
2.18
1.86
1.99
1.98
1.65
1.79
1.67
1.75
1.45
1.25
1.20
1.09
1.05
1.00
0.99
0.95
0.83
0.74
0.63
0.60
0.62
0.62
0.62
0.55
0.47
0.48
0.42
0.40
0.42
0.53
0.53
0.59
0.63
0.78
0.74
0.87
0.87
0.80
1.01
0.79
0.85
0.74
0.78
0.80
0.93
0.94
1.17
1.19
1.35
1.54
1.61
1.41
2.91
2.29
2.36
2.11
2.23
1.85
1.58
1.63
1.69
1.59
1.48
1.32
1.06
1.01
1.17
1.18
1.03
0.94
1.00
0.89
0.72
0.66
0.53
0.47
0.47
0.44
0.44
0.39
0.40
0.35
0.43
0.40
0.37
0.41
0.37
0.61
0.57
0.67
0.72
0.64
0.69
0.71
0.65
0.61
0.60
0.70
0.76
0.73
0.78
0.74
0.97
1.07
1.15
1.52
1.74
1.65
1.94
1.89
1.87
1.68
1.76
1.39
1.19
1.42
1.34
1.15
1.13
1.02
0.88
0.84
0.92
0.91
0.94
0.86
0.85
0.78
0.65
0.63
0.57
0.47
0.46
0.45
0.46
0.41
0.40
0.36
0.37
0.38
0.45
0.46
0.55
0.54
0.68
0.65
0.75
0.68
0.70
0.65
0.62
0.85
0.89
0.93
0.85
0.98
0.82
0.72
0.76
0.72
1.15
1.30
1.58
1.48
1.63
1.70
2.25
2.11
2.04
2.10
1.71
2.30
1.89
1.98
1.75
1.62
1.45
1.48
1.29
1.19
0.98
0.93
0.89
0.85
0.97
0.83
0.71
0.60
0.65
0.60
0.61
0.55
0.56
0.49
0.50
0.48
0.43
0.54
0.52
0.54
0.77
0.66
0.67
0.65
0.87
1.02
0.91
1.10
0.98
0.75
0.85
0.89
1.00
0.89
0.82
0.81
0.73
0.55
0.63
0.52
0.75
0.94
1.16
1.12
1.36
2.19
2.30
2.05
2.02
2.19
1.94
1.85
1.68
1.57
1.63
1.47
1.73
1.84
1.75
1.73
1.44
1.53
1.38
1.33
1.34
1.13
0.89
0.82
0.65
0.51
0.48
0.47
0.42
0.43
0.40
0.46
0.38
0.46
0.39
0.61
0.60
0.60
0.72
0.75
0.72
0.74
0.75
0.85
0.78
0.75
0.68
0.86
1.00
0.86
0.96
0.73
0.85
0.80
0.62
0.58
0.59
0.87
0.67
0.85
1.67
1.67
3.48
3.34
2.86
2.88
2.36
1.96
2.01
2.18
2.26
2.62
2.56
2.84
2.65
2.09
1.83
1.48
1.38
1.27
1.35
1.16
1.12
0.87
0.70
0.60
0.54
