0.45
0.50
0.46
0.47
0.46
0.51
0.54
0.63
0.63
0.89
0.91
0.88
0.93
0.94
0.99
0.89
0.86
0.89
0.87
0.88
0.93
1.21
1.26
1.30
1.51
1.87
1.90
2.58
2.94
2.88
2.98
3.14
2.93
3.43
3.85
3.94
3.21
3.59
3.49
3.02
2.83
2.25
2.34
2.17
2.01
2.03
1.95
1.89
1.76
1.52
1.51
1.28
1.33
1.21
1.12
0.94
0.80
0.82
0.73
0.74
0.63
0.62
0.69
0.76
0.65
0.63
0.60
0.76
0.73
0.73
0.98
1.08
1.16
1.09
0.98
0.95
1.05
1.19
1.14
1.11
1.13
1.15
1.54
1.67
2.11
2.40
2.98
4.10
4.00
3.67
3.61
3.25
3.21
3.18
3.11
2.57
3.04
2.80
2.92
2.70
2.39
2.18
1.75
1.77
1.64
1.76
1.77
1.59
1.36
1.34
1.41
1.38
1.30
1.09
0.96
0.89
0.87
0.78
0.80
0.73
0.65
0.90
0.84
0.91
0.88
1.02
1.04
1.15
1.29
1.33
1.19
1.14
1.02
0.95
0.89
1.17
1.58
1.59
1.75
2.10
2.35
3.09
3.23
3.67
3.80
3.92
4.30
4.21
3.60
3.08
2.73
2.50
3.11
2.63
2.12
2.23
1.79
1.64
1.56
1.31
1.43
1.61
2.21
2.20
2.08
2.17
2.28
2.27
2.00
2.00
1.89
1.71
1.57
1.46
1.43
1.29
1.17
1.05
1.17
1.14
1.20
1.42
1.43
1.37
1.36
1.30
1.42
1.31
1.56
1.69
1.53
1.63
1.73
2.08
2.71
2.83
3.06
3.09
3.49
4.20
4.49
4.24
4.54
4.37
4.79
4.78
4.59
4.28
3.39
3.15
2.46
2.10
2.15
1.87
2.25
2.23
2.58
2.38
2.31
2.15
2.02
2.03
2.19
2.00
1.87
1.54
1.39
1.18
1.15
1.11
0.90
0.87
0.86
0.76
0.78
0.94
0.99
1.39
1.44
1.71
1.80
1.67
1.90
1.92
2.05
1.92
1.99
1.71
1.63
1.73
1.73
1.91
2.40
3.13
3.79
3.62
4.14
3.79
4.37
4.68
4.16
4.76
4.64
4.77
4.55
4.42
4.61
4.79
4.80
4.79
4.78
4.73
4.50
4.05
4.80
4.80
4.08
4.04
3.16
2.82
2.26
2.23
2.52
2.36
2.42
2.23
2.08
2.57
2.82
2.65
2.89
2.87
3.18
2.69
2.92
2.13
1.81
1.50
1.43
1.32
1.17
1.16
0.94
1.11
0.98
1.01
0.89
0.86
0.76
0.76
0.97
0.84
0.90
0.78
0.87
0.99
1.09
1.24
1.13
1.04
1.02
1.17
1.17
1.29
1.31
1.16
1.20
1.43
1.38
1.52
1.49
2.01
2.17
2.34
2.47
2.84
2.82
3.06
2.65
3.01
3.55
3.63
3.82
3.72
3.73
4.44
4.77
4.84
4.80
4.41
4.77
4.79
4.70
4.46
4.79
4.79
4.42
4.81
4.79
4.79
4.79
4.49
4.04
2.99
2.33
2.13
1.95
1.97
1.78
2.14
2.16
2.12
2.11
2.05
2.37
2.17
1.71
1.99
2.03
1.72
1.73
1.58
1.36
1.24
1.10
1.05
1.16
1.01
0.97
0.90
0.94
0.80
0.89
0.89
0.75
0.88
1.11
1.07
1.40
1.45
1.80
1.86
1.79
1.69
1.70
1.76
1.73
1.77
2.03
2.03
1.95
2.46
2.89
2.73
3.29
3.04
4.09
4.27
4.46
4.42
4.50
4.79
4.79
4.78
4.79
4.82
4.79
4.80
4.79
4.78
4.80
4.66
4.79
4.78
4.81
4.74
4.79
4.50
4.53
4.01
4.02
4.20
3.93
3.73
3.22
3.02
2.71
2.37
2.12
1.81
1.74
1.64
1.75
1.65
1.46
2.22
1.85
1.73
1.43
1.24
0.98
0.98
1.06
1.01
0.99
1.01
1.04
1.04
1.17
1.17
1.41
1.30
1.12
1.16
1.29
1.14
1.18
1.34
1.26
1.39
1.93
2.00
1.97
1.92
1.54
1.47
1.25
1.43
1.46
1.62
1.59
1.77
2.05
2.16
2.08
2.34
2.25
2.72
3.33
3.25
4.14
3.96
4.27
4.77
4.78
4.79
4.82
4.78
4.79
4.77
4.84
4.79
4.77
4.77
4.80
4.79
4.81
4.79
4.78
4.67
4.61
4.80
4.65
4.80
4.80
4.83
4.79
4.74
4.77
4.82
4.77
4.79
4.24
4.31
3.46
3.25
3.61
3.15
2.80
2.90
3.97
2.93
3.55
4.28
3.32
2.70
3.38
2.70
2.75
2.57
2.66
2.15
2.14
1.76
1.92
2.38
2.33
1.95
2.06
1.71
1.44
1.16
1.14
1.20
1.01
0.87
0.89
1.05
0.92
0.80
0.79
0.84
0.85
0.87
0.94
1.13
1.43
1.64
1.68
1.76
1.73
1.77
1.73
1.66
1.59
1.58
