0.65
0.65
0.62
0.69
0.71
0.63
0.69
0.82
0.89
0.87
0.88
0.86
1.01
1.13
1.31
1.34
1.61
1.60
1.79
1.99
2.33
2.78
3.21
3.45
3.34
3.67
3.29
3.23
3.67
3.47
3.71
4.79
4.77
4.82
4.27
4.15
3.80
3.57
3.25
3.69
3.32
3.39
3.88
4.01
4.75
4.79
4.30
3.68
3.84
3.72
2.94
2.76
3.04
2.43
2.06
2.38
2.11
2.05
1.90
2.38
2.89
2.71
2.64
2.10
1.80
1.63
1.57
1.41
1.29
1.09
0.94
0.86
0.83
0.75
0.85
0.80
0.74
0.76
0.71
0.70
0.68
0.71
0.75
0.80
0.84
0.90
0.96
1.12
1.04
1.05
0.96
0.89
0.97
1.07
1.23
1.38
1.50
1.82
1.96
2.45
3.06
3.98
3.33
3.28
3.26
2.90
2.84
3.21
3.85
4.57
4.80
4.77
4.77
4.53
3.86
3.49
3.09
2.79
3.12
2.68
2.43
2.53
2.36
2.08
1.75
1.72
1.70
1.65
1.72
1.82
1.77
1.57
1.49
1.35
1.15
1.30
1.23
0.99
1.13
0.99
0.99
0.87
0.94
0.78
0.83
0.89
0.90
0.93
0.88
0.89
1.23
1.15
1.15
1.14
1.27
1.33
1.35
1.41
1.43
1.45
1.40
1.42
1.52
1.67
1.80
2.04
1.99
1.92
2.09
2.65
2.76
3.63
4.00
4.44
4.73
4.79
4.79
4.78
4.82
4.78
4.79
4.78
4.84
4.64
4.17
4.19
3.80
4.05
4.58
3.92
4.02
3.79
3.16
2.67
2.72
2.29
1.96
2.49
2.46
2.41
2.15
2.22
2.25
1.90
2.15
1.82
1.85
1.76
1.65
1.83
1.52
1.23
1.15
1.12
1.08
0.96
0.92
0.88
1.09
1.04
0.94
1.05
1.11
1.01
1.14
1.23
1.49
1.50
1.54
1.52
1.47
1.58
1.54
1.48
1.61
1.56
1.68
1.91
2.21
2.20
2.37
2.53
2.83
4.39
4.70
4.79
4.80
4.79
4.82
4.79
4.80
4.78
4.79
4.78
4.84
4.79
4.78
4.77
4.80
4.80
4.81
4.79
4.78
4.80
4.16
3.80
3.15
2.51
2.52
2.03
2.09
2.24
2.04
2.16
2.02
2.67
2.68
2.82
2.90
3.13
3.13
2.82
2.68
2.77
2.69
2.46
2.12
1.96
1.80
1.67
1.73
1.65
1.57
1.44
1.36
1.32
1.09
1.05
1.08
1.04
1.13
1.10
1.17
1.53
2.17
2.51
2.67
2.50
2.44
2.28
2.17
1.87
1.85
1.56
1.64
1.75
1.58
1.80
2.11
1.90
1.85
2.15
1.96
2.11
2.45
3.80
4.39
4.79
4.79
4.48
4.13
4.65
4.79
4.77
4.80
4.79
4.83
4.79
4.79
4.79
4.79
4.80
4.79
4.57
4.78
4.57
4.76
4.54
4.14
3.35
2.93
2.60
2.47
2.74
2.88
3.00
4.30
4.25
4.47
3.79
3.44
3.67
3.58
3.63
3.03
3.20
2.34
2.21
1.70
1.59
1.73
1.48
1.42
1.35
1.22
1.22
1.19
1.08
1.12
1.21
1.21
1.25
1.34
1.18
1.28
1.24
1.29
1.25
1.22
1.29
1.29
1.13
1.26
1.24
1.22
1.25
1.12
1.02
1.01
0.89
0.85
0.75
0.65
0.69
0.71
0.70
0.68
0.74
