0.73
0.82
0.89
0.90
0.98
1.02
1.11
1.28
1.20
1.14
1.30
1.42
1.96
1.98
2.28
2.53
2.60
2.64
2.39
2.53
2.29
2.45
3.04
2.75
2.77
2.86
2.99
3.06
3.10
3.21
3.14
3.13
3.36
2.90
2.51
2.05
1.70
1.45
1.41
1.25
1.98
1.65
2.04
1.69
1.68
1.79
1.54
1.23
1.12
1.04
1.05
1.08
1.01
1.06
1.05
1.10
1.29
1.39
1.35
1.40
1.30
1.22
1.16
1.21
1.13
1.16
1.10
1.21
1.12
1.35
1.30
1.17
1.53
1.54
2.07
2.26
2.33
2.62
2.73
2.89
2.86
3.04
3.21
3.67
3.56
3.59
4.16
3.74
3.91
3.84
4.32
4.10
3.54
2.84
2.48
2.38
2.03
2.58
2.82
3.16
3.44
3.75
3.24
3.00
2.73
2.72
2.79
2.47
2.07
1.79
1.45
1.23
0.99
1.00
0.87
0.76
0.92
0.92
0.98
0.89
1.05
1.04
1.04
1.10
1.06
1.12
1.41
1.52
1.77
1.72
1.80
1.85
1.70
1.60
1.50
1.58
1.57
1.54
1.81
1.97
1.96
2.92
2.98
3.92
3.53
3.24
3.68
3.57
3.32
3.55
3.68
4.16
4.54
4.46
4.16
3.91
3.88
3.83
4.42
3.91
4.37
4.79
4.73
4.77
4.10
4.27
4.20
4.56
3.48
3.03
2.72
2.80
2.41
2.68
2.47
2.37
2.37
2.11
3.11
2.72
2.32
1.74
1.67
1.41
1.23
1.06
1.02
0.93
0.90
0.87
0.91
0.82
0.73
1.04
1.10
1.05
1.05
1.25
1.11
1.25
1.25
1.30
1.29
1.26
1.30
1.29
1.41
1.42
1.50
1.58
1.56
2.15
2.71
2.75
2.73
2.98
3.09
3.53
3.87
3.98
3.91
3.63
3.50
3.64
4.38
4.10
4.33
4.12
3.83
3.99
4.29
4.81
4.80
4.78
4.80
4.77
4.70
4.78
4.32
4.71
4.84
4.79
4.78
4.77
4.79
4.79
4.73
4.79
4.79
4.33
3.96
2.96
2.90
2.82
2.69
2.18
2.16
2.28
2.71
2.79
2.80
3.11
2.66
2.05
1.83
1.62
1.44
1.12
1.16
0.97
0.94
0.93
1.01
1.11
1.09
1.36
1.30
1.46
1.41
1.50
1.92
2.14
1.91
1.71
2.07
2.17
2.33
2.07
2.05
2.13
1.98
1.78
1.98
2.07
1.70
1.55
1.52
1.58
1.91
1.90
1.70
2.39
2.97
3.52
4.16
3.67
3.90
3.51
3.40
3.51
3.42
3.74
4.15
3.97
4.80
4.77
4.61
3.77
4.12
3.96
3.52
3.94
3.75
4.63
3.91
3.85
4.09
3.91
4.16
4.21
4.12
3.72
3.75
4.55
4.79
4.61
4.48
4.80
4.61
4.30
3.65
4.02
3.79
3.71
3.48
3.66
3.23
2.97
2.24
2.05
1.80
1.67
1.84
1.93
2.18
2.57
2.40
2.63
2.32
2.37
2.26
2.03
1.74
1.59
1.46
1.41
1.14
1.21
1.44
1.44
1.67
1.58
1.48
1.53
1.51
1.59
1.63
1.73
1.89
1.89
1.85
2.06
2.81
2.24
1.88
1.61
1.44
1.74
1.94
2.14
1.94
2.24
2.22
2.40
2.17
1.89
2.24
2.17
2.02
1.77
1.56
1.54
1.79
1.58
1.35
1.47
1.36
1.78
2.22
2.23
2.34
2.31
2.48
2.78
2.61
2.76
3.61
4.05
4.75
4.83
4.79
4.77
4.73
4.18
4.79
4.79
4.79
4.79
4.36
4.63
4.27
4.79
4.79
3.96
4.81
4.03
3.72
3.92
4.22
4.61
4.79
4.77
4.78
4.11
4.25
4.78
4.56
4.20
3.94
3.79
3.85
3.77
4.15
4.32
4.13
3.83
4.27
4.46
4.31
3.60
4.27
4.09
3.76
3.33
2.97
3.10
3.61
2.85
4.35
4.78
3.84
3.64
3.44
2.93
2.89
2.55
2.80
2.97
2.57
1.94
1.92
1.68
1.50
1.34
1.35
1.30
1.25
1.62
1.55
1.61
1.80
1.78
2.03
2.03
2.06
1.96
1.85
1.83
1.65
1.65
1.54
1.43
1.40
