0.77
0.83
0.88
1.03
0.88
0.95
0.90
1.08
1.05
0.98
1.04
1.21
1.18
1.22
1.30
1.39
1.46
1.55
1.62
1.55
1.38
1.79
1.89
2.48
2.94
2.61
2.55
2.62
2.51
2.60
2.80
2.84
3.11
3.20
3.43
3.35
3.22
3.56
3.19
3.02
3.56
3.70
3.91
3.46
3.12
3.96
3.94
3.62
3.43
3.70
3.77
3.26
3.36
2.97
3.20
2.89
3.37
2.85
3.43
2.91
2.89
2.38
2.30
1.81
1.65
1.87
2.03
2.04
2.37
2.40
2.36
2.37
2.37
2.31
1.97
1.62
1.32
1.10
1.09
1.02
1.05
1.02
0.99
0.90
0.84
0.98
1.04
0.92
1.13
0.97
1.00
0.92
1.07
0.91
0.84
1.02
1.04
1.19
1.19
1.36
1.24
1.48
1.38
1.37
1.42
1.37
1.35
1.22
1.29
1.47
1.55
1.78
2.12
2.15
2.39
2.91
3.25
3.04
3.60
4.22
4.17
3.83
3.92
4.00
4.33
4.35
4.79
3.99
3.98
3.90
4.64
4.46
4.16
3.85
3.93
3.55
3.23
3.60
3.97
4.55
4.47
4.47
4.03
3.29
2.93
2.49
2.36
1.96
1.90
2.02
2.17
2.11
2.11
1.99
2.08
2.00
2.01
2.18
2.26
1.89
1.70
1.42
1.44
1.43
1.41
1.32
1.20
1.15
1.09
1.13
1.08
0.94
1.05
1.08
1.03
1.23
1.16
1.41
1.21
1.37
1.47
1.50
1.41
1.62
1.70
1.76
1.67
1.41
1.29
1.25
1.45
1.63
1.52
1.68
1.78
2.68
2.86
2.88
3.01
2.83
3.20
2.93
3.38
3.31
3.29
4.28
4.31
4.72
4.05
3.36
3.15
3.37
3.74
4.79
4.79
4.70
4.05
4.69
4.32
4.81
4.58
4.78
3.97
4.40
4.21
3.60
3.41
2.89
2.64
2.19
2.00
2.00
1.89
2.39
2.75
2.89
2.77
2.90
2.66
2.75
2.58
2.54
2.31
2.29
1.98
2.26
1.68
1.61
1.55
1.47
1.13
1.12
0.97
1.12
1.35
1.13
1.04
0.94
0.93
1.06
1.04
0.98
1.03
0.93
1.03
1.10
1.49
1.72
1.91
1.96
1.53
1.57
1.84
1.88
1.83
1.74
1.72
1.73
1.66
1.73
1.64
1.67
1.81
2.09
2.15
2.29
2.34
2.21
2.84
3.36
3.74
3.72
4.61
4.41
4.79
4.51
4.79
4.79
4.77
4.82
4.77
4.80
4.77
4.79
4.79
4.79
4.75
4.56
4.80
4.79
4.80
4.78
4.71
4.77
4.58
4.63
4.79
4.78
4.84
4.79
4.54
4.76
4.79
4.79
4.56
4.28
3.61
3.95
4.48
4.79
4.80
4.77
4.63
4.20
4.08
4.45
3.85
3.64
3.35
3.00
3.11
3.14
3.01
3.47
4.22
3.68
3.72
3.37
3.80
3.07
3.27
3.35
4.10
3.74
3.29
2.71
2.62
2.45
2.91
2.68
2.37
2.13
2.07
1.81
1.84
1.65
1.50
1.37
1.29
1.13
1.11
1.04
1.07
0.91
1.05
0.82
0.89
0.89
0.96
0.96
1.03
0.87
0.87
0.87
0.77
0.75
0.86
1.13
1.26
1.12
1.15
1.04
1.12
1.37
1.14
1.19
1.41
1.62
1.81
1.42
1.57
1.55
1.60
1.62
1.45
1.47
1.47
1.47
1.46
1.30
1.21
1.38
1.50
1.32
1.40
1.75
1.85
2.04
2.29
2.17
2.19
2.42
2.61
2.93
3.01
3.04
2.91
3.38
2.95
3.20
3.15
3.07
2.74
2.96
3.50
3.55
4.35
4.19
4.77
4.35
3.86
3.88
3.91
3.91
4.48
3.81
4.48
4.45
4.06
3.83
4.59
4.68
4.41
4.01
3.71
3.87
4.37
4.78
4.81
4.79
4.63
4.13
4.06
3.85
4.78
4.77
4.82
4.79
4.77
4.79
4.79
4.80
4.79
4.79
4.78
4.31
4.37
4.80
4.80
4.80
4.23
4.30
4.78
4.80
4.77
4.80
4.74
4.67
4.31
3.53
2.98
4.58
4.16
4.25
3.48
2.97
2.58
2.05
2.08
2.75
3.11
3.38
3.46
3.72
3.91
4.21
3.80
3.91
3.55
2.92
2.68
2.72
2.75
2.43
2.34
2.01
1.91
2.27
2.22
2.00
1.95
2.43
2.58
2.88
3.03
3.28
3.15
2.78
2.15
2.37
2.19
2.96
3.01
2.57
2.55
2.31
2.10
2.12
1.98
1.93
1.71
1.35
1.11
