0.79
0.81
0.93
0.95
1.44
1.25
1.26
1.43
1.67
1.92
2.13
1.96
2.16
2.18
2.05
2.26
2.24
2.27
2.68
2.65
2.51
2.31
2.15
2.75
3.28
3.05
2.81
3.10
2.96
2.69
2.75
3.06
2.82
2.72
3.11
3.38
3.10
3.36
3.46
3.23
3.31
3.59
3.62
3.40
2.98
2.87
3.52
3.45
3.28
2.70
2.74
2.84
3.24
3.19
3.40
2.70
2.63
2.65
2.38
2.45
2.44
2.03
2.31
2.53
2.40
2.69
2.21
2.52
2.47
2.50
2.14
2.20
1.96
1.73
1.36
1.21
1.02
0.92
1.04
0.95
0.91
0.82
0.97
0.88
0.85
0.73
0.65
0.65
0.69
0.98
0.93
1.34
1.55
1.30
1.05
1.18
1.14
1.27
1.23
1.13
1.09
1.17
1.03
1.20
1.36
1.81
2.44
2.31
2.16
2.31
2.33
3.39
4.66
4.81
4.77
4.83
4.74
4.80
4.70
4.54
4.80
4.79
4.79
4.22
4.00
4.61
4.25
3.98
3.86
3.99
3.63
3.63
3.08
3.39
2.87
2.83
2.32
2.31
2.90
2.57
2.66
2.58
3.21
2.90
2.90
2.90
2.64
2.96
2.95
3.20
3.41
3.07
2.52
2.42
2.24
1.90
1.64
1.37
1.33
1.35
1.10
1.19
1.09
1.17
1.02
0.89
0.82
0.78
0.72
0.89
1.18
1.12
1.16
1.21
1.17
1.14
1.12
1.20
1.19
1.51
1.51
1.49
1.38
1.20
1.34
1.34
1.27
1.16
1.30
1.65
2.02
2.40
3.40
2.89
2.94
2.96
3.10
3.21
3.88
3.60
3.75
4.48
4.74
4.59
4.78
4.77
4.80
4.20
4.61
4.62
4.52
3.79
4.82
4.80
4.70
4.48
4.32
4.14
3.57
3.00
3.04
2.39
2.64
2.54
2.20
2.55
2.32
2.53
2.60
3.05
2.95
3.29
3.06
3.37
2.93
3.28
2.42
2.46
1.90
1.80
1.43
1.39
1.41
1.23
1.19
1.06
1.12
1.21
1.09
0.96
0.80
0.90
1.03
1.27
1.39
1.49
1.94
1.77
2.15
2.33
2.56
2.26
2.20
1.91
1.80
1.79
1.91
1.85
1.90
2.02
2.06
1.97
2.59
2.26
2.24
2.22
2.78
3.18
3.11
3.56
3.26
3.66
3.84
4.02
4.06
4.79
4.79
4.79
4.78
4.81
4.22
3.70
3.38
3.32
4.38
4.25
4.13
3.72
3.79
3.26
3.83
4.40
4.49
4.13
4.44
4.78
4.56
4.79
4.79
4.77
4.80
4.53
3.98
3.95
4.03
4.78
4.82
4.72
4.77
4.79
4.49
4.22
4.20
3.50
3.73
3.12
3.31
3.52
3.52
3.44
3.69
3.48
4.12
3.58
3.77
3.88
3.19
3.44
3.15
3.24
3.39
3.20
2.82
2.84
2.43
3.14
3.34
3.71
2.89
2.58
3.06
2.56
2.00
1.61
1.27
1.10
0.95
1.01
0.93
0.97
0.93
0.98
0.94
0.93
1.16
1.26
1.47
1.89
2.00
1.86
1.99
2.14
1.90
1.99
1.91
1.59
1.44
1.26
1.22
1.74
2.20
2.26
1.82
2.14
2.40
2.63
2.58
2.17
2.56
3.18
3.80
3.95
4.12
4.20
4.03
3.59
3.70
3.64
4.00
4.31
4.22
3.91
3.90
3.44
3.36
3.27
3.04
3.53
4.16
3.85
3.83
4.73
4.79
4.80
4.79
3.87
3.76
3.21
2.94
3.05
3.26
3.14
3.48
3.37
3.37
3.28
3.18
2.93
3.43
3.48
4.00
4.21
3.93
3.53
3.70
3.17
3.11
4.32
3.88
4.51
4.07
4.57
4.01
3.67
3.90
3.67
4.07
3.91
3.20
3.14
2.61
3.25
2.94
3.36
3.48
3.37
3.37
