0.76
0.80
0.91
0.85
0.86
0.94
0.91
1.01
1.08
1.00
1.14
1.16
1.39
1.47
1.35
1.32
1.80
1.95
2.18
2.19
2.06
2.13
1.95
1.97
2.17
2.63
3.05
2.77
2.56
2.48
3.21
3.08
3.51
3.39
3.21
2.96
3.10
3.30
3.74
3.17
2.76
2.72
2.89
2.57
2.64
2.87
2.80
2.66
2.51
2.38
2.75
2.38
2.52
2.47
2.42
2.34
2.59
3.02
2.60
2.46
2.88
3.22
3.40
3.19
3.21
3.08
2.80
2.48
2.36
3.02
3.15
2.75
3.19
2.58
2.51
2.00
2.54
2.54
2.42
2.42
2.39
2.27
2.78
3.30
3.72
3.50
3.19
3.23
2.74
2.54
2.40
2.24
2.18
1.77
1.60
1.49
1.30
1.32
1.23
1.23
1.09
0.99
0.88
0.83
0.86
0.74
0.73
0.66
0.68
0.73
0.74
0.71
0.73
0.73
0.70
0.83
0.80
0.86
0.86
0.95
0.92
0.95
0.94
0.96
1.09
1.14
1.10
1.01
1.20
1.28
1.52
1.84
1.95
2.11
2.66
3.25
3.56
3.23
3.04
3.04
3.62
4.23
4.54
3.93
4.03
3.97
4.30
4.12
4.00
4.31
4.69
4.78
4.84
4.78
4.78
4.77
4.50
4.11
3.37
3.82
3.71
3.37
4.13
3.37
3.50
3.04
2.66
3.48
3.20
3.06
3.74
3.87
3.55
3.72
3.47
3.46
2.73
2.78
2.37
2.19
2.31
2.18
1.86
1.52
1.26
1.25
1.08
0.91
0.90
0.82
0.78
0.95
0.82
0.84
0.84
0.73
0.70
0.77
0.81
0.82
0.94
0.87
1.08
1.03
1.17
1.26
1.37
1.45
1.40
1.28
1.17
1.16
1.23
1.15
1.19
1.22
1.78
2.05
2.20
2.17
2.45
3.34
3.50
4.22
3.52
4.13
3.76
3.50
3.57
4.49
3.97
3.60
4.46
4.18
4.78
4.82
4.74
4.80
4.77
3.90
4.26
4.08
3.88
3.49
3.32
2.82
2.42
2.16
1.97
1.96
2.44
2.56
3.54
3.26
3.24
3.27
3.09
3.11
2.87
2.54
2.28
2.05
1.76
1.66
1.46
1.30
1.11
1.16
1.12
1.13
1.12
1.07
1.05
1.18
1.25
1.18
1.21
1.28
1.36
1.54
1.70
1.69
2.44
2.24
2.04
1.65
1.85
1.61
1.40
1.24
1.09
1.16
1.33
1.36
1.50
1.70
2.00
2.47
2.82
3.68
3.48
3.93
3.71
4.37
4.49
4.79
4.82
4.78
4.12
4.62
4.24
4.30
4.79
4.62
4.69
4.81
4.35
3.49
3.15
2.83
2.81
3.48
3.95
3.91
3.55
3.28
3.28
3.92
3.67
3.69
3.40
3.23
4.14
4.77
4.18
3.87
3.29
3.36
2.59
3.09
2.99
2.99
2.39
2.66
2.39
2.26
2.92
2.85
3.52
4.04
3.68
3.71
3.33
3.82
3.36
3.38
2.70
2.77
2.60
2.63
2.44
2.17
1.80
1.84
1.55
1.52
1.45
1.39
1.20
1.11
1.01
0.93
0.85
0.82
1.04
1.23
1.11
1.37
1.37
1.22
1.29
1.43
1.52
1.62
1.79
1.72
1.62
1.43
1.41
1.44
1.48
1.69
1.87
1.64
1.71
2.04
2.31
2.68
2.61
3.47
3.69
3.43
3.38
3.13
3.28
3.23
3.54
3.33
3.47
3.34
3.61
3.81
3.44
3.28
2.95
2.90
3.38
3.55
2.99
3.39
3.55
3.27
2.86
2.64
2.78
2.71
3.02
2.85
2.48
2.66
2.55
2.73
2.57
2.56
2.28
2.31
2.26
2.49
2.16
2.22
2.23
1.92
2.41
2.49
2.04
1.70
1.95
1.68
1.67
1.50
1.50
1.33
1.11
1.08
1.00
0.97
0.98
1.05
0.87
0.84
0.77
0.72
0.83
0.76
0.73
0.66
0.72
0.63
0.64
0.62
0.66
0.72
0.83
1.09
0.99
0.91
0.81
0.74
0.68
0.72
0.65
0.64
0.61
0.61
0.58
0.58
0.57
0.53
0.57
0.55
0.55
0.59
0.69
