1.01
1.25
1.34
1.43
1.85
1.84
2.02
2.96
3.30
3.20
3.38
3.38
3.13
2.57
3.05
3.41
3.14
2.77
2.49
2.03
1.67
1.43
1.51
1.53
1.76
2.14
1.95
2.29
2.25
1.93
1.62
1.59
1.48
1.24
1.37
1.15
1.09
1.09
1.31
1.19
1.42
1.26
1.33
1.19
1.06
1.03
0.96
0.97
0.95
0.90
1.09
1.10
1.41
1.39
1.61
1.94
2.13
2.10
1.74
1.74
1.68
2.31
1.74
1.89
2.12
2.82
2.77
2.83
3.42
3.48
3.65
4.32
3.95
4.23
3.45
3.14
2.69
2.55
2.25
1.96
1.80
2.10
2.40
2.63
2.94
3.12
3.75
2.94
2.62
2.27
1.87
1.63
1.56
1.68
1.44
1.33
1.47
1.52
1.50
1.38
1.39
1.48
1.24
1.32
1.04
1.13
0.89
0.85
0.92
0.78
1.33
1.77
1.89
1.71
1.41
1.27
1.89
1.79
1.77
1.86
1.75
1.96
2.13
2.39
2.99
3.93
3.62
3.89
4.54
4.59
4.39
4.38
3.81
3.96
3.67
3.55
3.30
2.77
2.17
2.22
1.96
2.14
2.48
3.18
3.16
3.34
3.67
3.16
2.66
3.12
2.42
2.09
1.85
2.08
1.78
1.52
1.72
2.41
1.85
1.96
1.99
2.01
1.99
1.79
1.76
1.46
1.20
1.01
0.87
0.78
0.98
1.09
1.37
1.55
1.44
1.42
1.28
1.81
1.68
1.62
1.41
1.95
1.77
1.95
2.22
3.07
2.72
3.03
2.85
3.66
3.48
3.20
3.88
4.11
3.73
3.68
3.40
3.70
3.05
2.61
2.20
2.03
2.18
2.36
2.58
2.95
3.49
3.81
3.66
3.84
3.49
2.94
2.96
2.50
2.40
2.72
2.30
2.97
2.62
2.88
2.76
2.61
2.58
2.82
2.60
2.30
2.25
2.19
2.22
2.27
2.39
2.42
2.41
2.31
2.43
2.55
2.92
2.97
2.65
2.35
2.34
2.48
2.29
2.39
2.46
2.29
2.28
2.41
2.43
3.15
3.51
3.85
3.86
3.83
3.93
3.95
4.34
3.97
3.91
4.39
3.51
2.98
2.36
2.15
2.24
2.65
3.04
2.95
3.05
3.86
4.77
4.34
4.78
4.26
3.21
3.04
2.19
2.16
1.74
1.27
1.82
1.58
1.70
2.25
1.96
1.92
2.14
1.79
1.61
1.54
1.23
1.07
1.12
1.09
1.04
1.01
0.88
1.27
1.55
1.42
1.46
1.61
1.76
1.68
1.44
1.20
1.53
1.68
2.48
2.57
3.53
3.28
3.39
3.49
3.57
4.39
4.50
4.79
4.52
4.36
4.05
3.86
4.31
4.02
4.04
3.59
3.15
3.05
3.02
3.10
3.35
4.28
4.80
4.53
4.79
4.79
4.75
4.79
3.95
3.86
3.67
3.38
3.07
3.08
2.67
2.99
2.83
2.82
2.76
2.82
2.94
2.83
2.87
2.65
2.20
2.16
2.32
2.11
1.92
1.69
1.64
1.76
1.68
1.76
1.87
2.03
1.92
1.74
2.02
2.43
1.88
2.18
1.94
1.67
1.84
1.90
2.08
2.32
2.26
3.06
3.37
3.91
3.96
3.77
3.25
3.32
3.08
2.88
2.68
2.65
2.76
2.45
2.30
1.97
2.05
2.46
2.60
2.66
3.06
2.99
3.04
3.00
3.06
3.11
2.53
2.94
2.63
2.41
2.48
2.49
2.36
2.37
2.39
2.08
2.10
2.26
2.37
2.27
2.11
1.77
1.47
1.29
1.32
1.10
1.02
1.05
0.93
1.03
1.13
1.41
1.63
1.85
1.79
1.80
1.95
1.77
1.82
1.66
1.69
1.89
2.04
2.18
1.99
2.30
2.46
2.52
2.61
2.57
2.71
2.87
2.78
2.73
2.53
2.73
2.19
2.06
1.93
1.80
1.68
1.57
1.48
1.42
1.47
1.55
1.49
1.41
1.75
1.49
1.82
1.76
1.85
1.56
1.39
1.19
1.07
