0.56
0.59
0.68
0.82
1.11
1.45
1.53
1.77
1.99
1.81
2.55
2.64
2.60
2.80
3.25
3.45
3.33
3.24
2.83
2.68
2.79
2.48
2.07
1.71
1.56
1.65
1.79
1.90
2.26
2.68
3.20
3.90
3.67
2.93
2.78
2.41
1.90
1.53
1.32
1.18
1.40
1.37
1.35
1.32
1.24
1.41
1.23
1.07
0.95
1.04
1.05
0.97
1.01
1.22
1.51
1.43
1.70
1.62
1.59
2.05
2.07
1.98
1.97
2.02
2.36
2.29
2.49
2.67
3.40
3.64
3.98
4.06
3.54
3.35
3.24
2.94
2.91
2.49
2.36
1.94
1.89
1.95
2.17
2.04
3.10
3.30
2.82
2.70
2.17
2.01
1.71
1.34
1.05
1.19
1.28
1.04
1.33
1.46
1.37
1.30
1.20
1.06
1.03
1.08
1.51
1.68
1.70
1.56
1.83
1.86
1.85
1.62
1.78
1.99
2.25
2.34
2.78
2.56
2.75
2.92
3.09
2.68
2.98
3.40
3.00
3.44
4.20
4.54
4.08
3.59
2.84
2.55
1.94
1.82
1.56
1.90
2.32
2.38
2.50
3.21
2.59
2.53
2.24
2.17
1.76
1.56
1.46
1.35
1.36
1.48
2.03
2.59
2.48
2.01
1.52
1.23
1.10
1.07
1.11
1.15
1.16
1.38
1.87
2.15
1.93
1.97
1.66
2.19
2.15
2.41
1.97
2.65
2.43
2.34
2.21
2.43
2.33
2.21
3.50
4.19
4.77
4.13
4.26
3.88
3.26
3.62
3.67
2.77
2.38
1.98
1.93
1.84
2.15
2.56
2.64
2.70
2.66
2.79
3.16
2.67
2.88
2.49
1.91
1.93
2.03
1.96
1.96
1.72
1.96
1.72
1.53
1.30
1.34
1.34
1.10
1.08
0.98
1.29
1.37
1.56
1.66
1.56
1.67
1.63
1.60
1.39
2.09
2.43
2.09
2.45
3.24
3.29
2.94
2.76
2.96
2.71
2.82
2.89
3.47
3.53
4.03
3.58
3.12
2.94
2.93
2.63
2.28
1.95
1.74
1.72
1.87
1.65
1.85
2.74
2.71
2.60
2.91
2.85
3.42
3.00
3.17
2.58
2.13
2.21
1.83
1.87
1.79
1.64
1.60
1.74
2.06
1.82
1.71
1.55
1.59
1.36
1.22
1.17
1.21
1.25
1.46
1.51
1.82
1.94
2.49
2.59
2.97
3.21
2.93
3.08
2.80
2.85
2.65
2.61
3.64
4.56
4.80
4.34
4.79
4.79
4.27
3.91
4.66
4.72
4.77
4.84
4.79
4.78
4.19
3.48
2.98
2.36
2.11
1.87
2.15
2.29
2.36
2.49
3.31
3.33
3.88
4.10
3.89
3.20
3.49
3.25
3.22
3.26
2.81
2.89
2.95
2.68
3.04
2.85
2.76
2.51
2.26
2.00
2.16
1.81
1.49
1.20
1.05
0.97
1.05
1.33
1.66
1.83
1.88
2.13
2.05
1.85
2.91
2.88
2.84
3.21
3.30
3.74
4.04
4.18
4.32
4.08
4.47
4.10
4.34
4.78
4.58
4.79
4.78
4.77
3.91
3.61
3.17
2.75
2.34
2.34
1.96
1.96
2.05
1.96
2.20
2.05
2.71
2.78
2.89
3.10
3.46
3.75
3.23
3.06
2.71
2.77
2.52
2.50
2.41
2.13
2.51
2.14
2.40
2.58
2.54
2.52
2.58
2.20
1.96
2.13
1.89
1.85
1.63
1.67
1.60
1.63
1.46
1.96
2.03
2.85
2.42
1.91
2.35
2.17
2.59
2.89
3.13
4.32
4.11
3.84
3.96
4.20
4.54
4.78
4.79
4.80
4.80
4.79
4.79
4.79
4.77
4.78
4.78
4.44
3.97
3.51
3.23
2.88
2.61
2.28
2.13
2.17
1.99
2.31
2.83
3.68
3.55
3.53
3.75
3.19
3.24
2.73
2.71
2.28
2.36
2.31
2.85
2.55
2.24
2.37
2.23
2.39
2.12
1.82
1.63
1.48
1.39
1.15
1.15
1.02
1.16
1.11
1.48
1.53
1.86
2.01
2.49
2.52
2.75
3.19
4.04
4.26
4.18
4.47
4.52
4.76
4.80
4.79
4.79
4.79
4.78
4.79
4.81
4.80
4.79
4.79
4.77
4.81
4.78
4.79
4.78
4.84
4.77
4.20
3.40
2.85
2.56
2.50
2.90
3.00
2.94
4.16
3.98
4.15
4.17
4.33
4.02
4.18
4.08
3.53
3.69
3.21
3.34
3.75
3.64
3.70
3.74
3.14
3.03
2.91
3.27
3.51
2.98
3.15
3.27
2.59
