2.28
2.26
2.71
2.50
2.22
2.32
2.57
3.26
3.04
3.14
3.37
2.81
2.73
3.62
3.15
2.88
2.30
1.97
1.51
1.49
1.48
2.27
2.51
2.38
2.85
2.72
2.64
2.66
2.42
2.12
1.72
1.47
1.27
1.11
1.19
1.19
1.17
1.02
1.03
0.93
0.94
0.95
0.92
0.93
0.97
0.95
1.00
1.19
1.27
1.50
1.73
1.68
2.40
2.01
1.68
1.58
1.36
2.17
1.75
1.87
2.50
2.71
3.01
3.11
3.61
3.11
3.32
3.87
3.75
3.67
3.61
3.65
3.62
2.97
2.61
2.22
1.89
1.70
1.85
2.23
2.22
2.30
2.43
2.66
2.70
2.32
2.01
1.65
1.25
1.08
1.05
1.28
1.12
1.36
1.23
1.27
1.05
1.03
1.04
0.93
0.93
0.93
1.31
1.60
1.64
1.76
1.61
1.81
2.74
2.34
2.67
2.39
3.22
3.36
2.98
3.07
3.54
3.03
3.04
3.07
2.82
3.01
3.71
3.63
3.58
3.86
3.42
2.73
2.09
1.78
1.61
1.83
2.19
2.66
2.91
2.92
3.75
3.11
3.23
3.28
2.66
2.12
1.65
1.51
1.32
1.19
1.20
1.06
1.00
0.96
0.92
0.78
0.81
0.78
0.86
1.00
1.03
1.72
1.72
1.96
1.70
1.73
2.19
1.90
1.65
1.84
2.11
1.97
2.66
2.74
2.43
4.04
4.42
4.65
4.79
4.81
4.79
4.79
4.33
4.82
4.52
4.24
4.07
3.37
2.61
2.18
2.08
2.32
2.54
2.70
2.83
3.26
3.09
2.91
2.40
2.40
1.84
1.64
1.48
2.03
1.91
1.89
1.55
1.69
1.78
1.69
1.50
1.24
1.02
0.87
0.94
0.94
1.27
1.49
1.82
1.96
1.94
1.73
2.17
2.19
2.24
2.10
1.91
2.39
2.40
2.64
2.59
3.03
3.91
3.85
3.42
3.22
3.67
3.63
3.69
3.65
3.40
3.15
2.78
2.42
1.82
1.83
1.65
1.52
1.74
2.08
2.40
2.87
2.49
3.37
3.29
2.79
2.77
2.51
2.57
2.07
1.85
2.22
2.19
1.90
1.78
1.66
1.47
1.27
1.11
1.12
1.07
1.00
1.08
1.22
1.18
1.40
1.70
2.31
2.69
2.71
2.96
2.76
2.71
2.71
2.22
2.59
2.51
3.38
3.61
4.81
4.79
4.78
4.54
4.83
4.78
4.79
4.78
4.84
4.79
4.78
4.79
4.79
4.62
3.70
3.33
3.45
2.91
2.62
2.56
2.43
2.15
2.03
1.93
2.62
3.26
3.41
3.82
3.93
2.93
3.16
2.41
2.22
1.95
1.52
1.25
1.23
1.12
1.69
1.50
1.64
1.48
1.23
1.22
1.01
0.97
0.96
0.98
1.68
1.55
1.83
2.99
3.11
3.31
2.85
2.81
2.44
2.49
2.79
2.66
2.85
3.53
3.36
3.74
3.36
2.90
2.87
3.51
3.97
4.01
3.77
4.48
4.46
4.23
4.23
4.36
4.53
4.78
4.12
3.42
3.55
2.82
2.46
2.39
2.22
2.04
2.08
3.11
3.25
2.88
3.31
3.25
3.75
3.29
3.41
3.56
3.17
3.77
4.24
3.84
4.37
3.52
3.22
2.83
2.74
2.61
2.21
2.00
1.75
1.53
1.36
1.18
1.17
1.69
1.40
1.91
1.62
1.56
2.28
2.43
2.50
2.50
2.75
2.20
3.26
3.69
3.49
3.83
4.15
4.78
4.82
4.42
4.27
4.77
4.80
4.79
4.81
4.79
4.79
4.54
4.47
3.91
3.65
3.62
4.42
3.78
3.04
3.10
3.25
3.32
3.04
2.52
2.18
1.59
1.60
1.64
1.70
1.55
1.71
1.45
1.88
2.21
1.96
1.70
1.49
1.30
1.21
1.34
1.28
1.36
1.23
1.42
1.46
1.28
1.32
1.10
1.01
0.90
0.88
0.92
1.08
0.98
1.34
2.13
4.23
4.62
4.38
4.20
4.39
4.24
3.90
4.79
3.75
4.72
3.82
3.58
