0.60
0.69
0.66
0.68
0.77
0.66
0.85
1.31
1.86
2.47
3.15
3.75
4.11
3.62
3.13
3.23
3.21
2.93
3.11
2.98
2.52
2.24
2.05
1.74
1.61
1.82
1.78
2.38
2.83
3.67
4.24
4.05
3.38
2.81
2.41
2.78
2.22
1.78
1.53
1.28
1.03
1.03
1.09
1.18
1.22
1.26
1.35
1.25
1.31
1.13
1.25
1.11
1.87
1.66
1.75
1.63
2.28
2.19
2.34
2.13
2.21
2.61
3.00
3.46
3.58
3.75
3.75
3.23
3.11
3.03
2.64
2.50
2.68
2.81
2.43
1.96
2.11
2.06
1.82
1.53
1.53
1.67
2.20
2.06
2.22
2.12
2.40
2.61
2.38
2.15
2.54
1.89
1.79
1.64
1.48
1.33
1.30
1.28
1.21
1.11
1.09
1.06
1.21
1.41
1.71
2.29
2.78
2.43
2.25
2.17
2.32
1.93
2.28
2.12
2.55
3.13
3.20
3.39
3.36
3.30
4.74
4.76
4.30
4.63
4.15
3.57
3.17
2.86
2.48
2.03
1.81
1.80
2.04
2.76
3.30
3.37
3.80
3.63
3.20
2.71
2.20
1.72
1.52
1.37
1.66
1.76
1.52
1.31
1.25
1.12
1.18
1.17
1.09
1.23
1.37
1.67
2.07
2.06
2.04
2.35
2.46
2.43
2.18
2.11
2.42
2.52
2.69
3.56
3.38
3.52
3.31
3.51
3.27
3.59
3.45
2.86
3.46
3.37
2.78
2.20
2.21
1.84
1.54
1.45
1.51
1.47
2.06
3.29
3.55
3.52
3.37
3.24
3.28
2.93
2.30
1.80
1.65
1.56
1.34
1.93
1.62
1.63
1.36
1.25
1.03
1.06
1.12
1.21
1.54
1.90
2.20
2.15
2.82
2.79
2.89
2.85
3.16
3.11
3.36
4.19
4.56
4.82
4.80
4.38
4.06
4.32
4.52
4.62
4.35
4.09
3.45
3.23
2.44
2.45
2.19
1.90
1.69
2.00
2.22
2.14
2.83
2.96
2.63
3.12
3.33
3.25
2.74
2.53
2.25
2.00
2.14
2.28
1.96
1.65
1.58
1.24
1.40
1.32
1.22
1.33
1.28
1.32
1.94
2.07
2.41
2.23
3.04
2.96
2.82
2.70
2.92
2.20
2.60
2.82
3.17
4.28
3.63
3.05
2.66
3.16
4.07
4.06
3.97
3.65
3.83
3.68
3.39
2.67
2.32
1.87
1.81
1.83
1.80
2.11
2.14
2.68
2.92
3.66
4.25
4.02
4.28
4.05
3.54
2.83
2.51
2.00
2.27
2.11
2.36
2.17
2.17
1.87
1.73
1.57
1.32
1.38
1.32
1.46
1.54
1.77
1.85
2.50
2.66
3.29
3.15
3.25
3.31
3.52
3.85
4.84
4.78
4.80
4.77
4.79
4.79
4.79
4.78
4.79
4.79
4.30
4.07
3.36
2.51
2.31
2.26
2.07
2.19
2.14
2.21
2.78
2.60
3.07
3.45
3.23
3.62
3.34
3.15
3.05
2.70
2.59
2.47
2.14
1.83
1.89
1.71
1.74
1.83
1.99
1.89
1.99
2.03
2.19
2.64
2.54
2.86
2.54
2.85
2.88
3.29
3.46
3.57
3.73
4.42
4.77
4.82
4.80
4.48
4.78
4.80
4.78
4.84
4.78
4.78
4.77
4.82
4.69
4.77
4.79
4.16
3.33
2.88
2.74
2.19
2.15
1.84
1.74
2.00
2.04
2.65
2.83
3.22
3.20
2.99
2.77
2.89
2.38
2.04
2.19
1.94
1.78
2.07
1.71
1.60
1.51
1.51
1.55
1.55
1.86
2.54
2.88
3.24
3.09
3.16
2.67
2.93
2.82
3.61
3.40
3.03
3.66
3.77
4.26
4.13
4.54
4.79
4.44
4.20
4.73
4.62
4.80
4.39
4.40
4.77
4.35
3.76
2.99
2.72
2.67
2.33
2.12
2.09
2.25
2.03
2.05
2.24
2.23
3.14
3.60
4.21
4.39
4.41
4.67
4.77
4.77
4.80
4.79
4.78
3.81
3.07
3.05
2.98
2.76
2.39
2.46
2.83
2.65
1.99
1.54
1.47
1.14
1.15
1.05
1.00
0.94
1.30
1.82
2.22
2.43
2.54
2.31
2.05
1.92
3.09
2.78
2.90
3.04
3.23
4.26
4.82
4.80
4.77
4.78
4.79
4.80
4.79
4.79
4.79
4.82
4.78
4.82
4.78
4.79
4.78
4.15
3.85
3.95
3.83
3.04
2.71
2.40
1.99
1.94
1.90
2.10
2.29
2.71
3.22
4.12
4.14
3.74
3.66
3.27
3.21
2.99
2.58
2.24
2.40
1.84
1.92
1.86
1.55
1.70
1.54
1.62
1.35
1.19
1.18
1.17
1.16
1.31
1.28
1.69
1.73
1.78
2.13
2.28
3.14
3.50
3.63
3.19
3.16
2.69
2.80
2.36
