0.29
0.26
0.31
0.29
0.29
0.31
0.30
0.29
0.28
0.34
0.32
0.35
0.35
0.36
0.39
0.38
0.39
0.43
0.36
0.46
0.45
0.48
0.49
0.55
0.74
0.85
0.78
0.83
0.96
0.86
0.90
0.93
1.09
1.14
1.07
1.24
1.02
1.01
0.93
1.00
0.88
0.88
0.79
0.74
0.76
0.65
0.61
0.55
0.50
0.43
0.41
0.39
0.39
0.38
0.37
0.38
0.38
0.43
0.44
0.43
0.42
0.46
0.46
0.45
0.54
0.50
0.55
0.54
0.47
0.65
0.67
0.59
0.87
0.65
0.60
0.64
0.58
0.65
0.73
0.74
0.99
1.04
0.86
1.36
1.11
1.23
1.07
1.11
1.02
0.83
1.34
1.33
1.41
1.66
1.52
1.37
1.12
0.95
0.92
0.84
0.82
0.74
0.60
0.60
0.54
0.48
0.46
0.44
0.35
0.37
0.38
0.43
0.39
0.40
0.46
0.40
0.42
0.39
0.44
0.48
0.45
0.46
0.51
0.49
0.61
0.58
0.73
0.58
0.56
0.58
0.58
0.79
0.70
0.99
0.93
1.12
1.07
1.39
1.85
1.87
1.72
1.79
1.45
1.30
1.23
1.37
1.30
1.49
1.32
1.15
1.24
1.24
1.12
0.93
0.88
0.89
0.68
0.59
0.47
0.42
0.38
0.41
0.40
0.43
0.35
0.39
0.39
0.43
0.48
0.52
0.56
0.50
0.65
0.68
0.78
0.96
0.92
1.06
1.10
0.91
1.11
1.12
1.02
0.93
1.11
1.01
0.98
1.15
0.91
0.93
1.15
1.20
1.76
1.79
1.60
1.56
1.38
1.33
1.40
1.49
1.19
1.11
1.08
0.99
0.99
0.81
0.74
0.68
0.58
0.54
0.56
0.59
0.64
0.66
0.68
0.65
0.57
0.52
0.48
0.50
0.49
0.47
0.49
0.65
0.59
0.75
0.74
0.60
0.70
0.63
0.74
1.03
0.90
0.97
0.89
0.98
0.84
0.78
1.25
1.20
1.11
1.50
1.20
1.22
1.61
1.71
1.27
1.18
1.33
1.52
1.70
1.42
1.53
1.49
1.43
1.27
1.34
1.39
1.31
1.10
0.97
0.93
0.79
0.67
0.59
0.56
0.48
0.45
0.39
0.43
0.43
0.50
0.41
0.50
0.56
0.56
0.58
0.54
0.78
0.63
0.73
0.74
0.68
0.73
0.70
0.76
0.66
0.62
0.63
0.58
0.56
0.50
0.45
0.53
0.66
0.88
1.04
1.34
1.40
1.20
1.06
1.22
1.45
1.33
1.34
1.21
1.38
1.26
1.42
1.37
1.23
1.14
1.14
1.17
1.21
1.09
1.10
0.94
0.89
0.79
0.61
0.58
0.55
0.57
0.57
0.62
0.67
0.65
0.63
0.62
0.51
0.51
0.49
0.46
0.51
0.52
0.67
0.75
0.74
0.66
1.01
1.09
1.10
1.12
1.68
1.46
1.32
1.15
1.15
1.28
1.43
1.97
2.49
2.52
2.47
2.28
2.14
1.93
2.25
2.83
2.57
2.89
2.11
2.17
1.97
1.96
2.21
1.89
2.23
2.01
1.45
1.15
0.88
0.77
0.75
0.67
0.62
0.57
0.49
0.44
0.45
0.43
0.46
0.51
0.60
0.60
0.55
0.62
0.63
0.59
0.73
0.67
0.58
0.79
0.71
0.82
0.93
1.03
1.51
1.18
1.25
1.23
1.13
1.29
1.77
1.82
1.66
1.40
1.55
2.05
1.99
1.94
1.69
1.85
1.67
1.70
2.00
1.83
1.69
1.62
1.39
1.32
1.23
1.11
1.30
0.97
0.91
0.83
0.69
0.63
0.64
0.61
0.70
0.71
0.71
0.68
0.66
0.62
0.60
0.57
0.45
0.43
0.42
0.46
0.39
0.56
0.63
0.83
0.79
0.75
0.78
0.89
0.87
0.94
0.82
1.06
1.16
1.11
1.24
1.14
1.29
1.50
1.36
1.73
2.05
2.14
2.16
2.16
1.81
1.45
1.60
2.03
2.03
1.77
1.64
1.35
1.24
1.09
1.01
1.06
1.15
1.03
0.86
0.83
0.79
0.65
0.58
0.52
0.60
0.60
0.65
0.74
0.75
0.74
0.66
0.66
0.65
0.62
0.61
0.62
0.52
0.67
0.60
0.70
0.67
0.63
