0.58
0.70
1.57
1.78
2.31
3.18
3.70
3.22
3.11
2.95
3.01
3.39
3.34
2.93
3.11
2.75
2.45
1.86
1.52
1.54
1.71
1.61
1.89
1.99
2.56
2.51
2.90
3.11
3.28
3.35
4.23
3.73
2.85
2.85
2.54
2.24
1.70
1.60
1.57
1.67
1.75
1.81
1.58
1.28
1.12
0.98
1.04
1.33
1.19
1.65
1.49
1.83
2.78
2.44
2.25
2.35
3.02
2.72
2.55
2.38
2.52
2.57
2.49
2.18
2.34
2.15
1.84
1.84
1.75
1.85
2.02
2.18
2.38
2.83
3.44
3.26
3.19
2.98
2.71
2.19
2.06
1.91
1.91
2.06
1.82
1.68
1.44
1.33
1.26
1.08
1.06
1.12
1.09
1.39
1.26
2.09
1.96
2.23
2.30
3.15
3.36
3.61
3.12
3.72
3.33
3.32
3.12
2.89
3.44
3.84
3.45
3.21
2.69
2.73
2.49
2.12
1.76
1.98
2.14
2.74
3.37
3.87
3.26
3.02
2.72
2.54
2.83
2.50
2.78
2.09
1.87
1.92
2.11
2.11
2.01
1.56
1.29
1.21
1.09
1.24
1.21
1.58
1.56
1.72
2.03
2.29
2.19
2.32
2.34
2.74
3.76
4.56
4.69
4.27
3.59
3.41
3.11
3.23
2.89
2.89
2.57
2.33
2.44
2.17
1.96
1.66
1.55
1.80
2.72
3.47
3.41
3.18
3.17
3.59
3.62
3.36
2.63
2.50
2.40
2.30
2.10
2.05
1.96
1.98
1.73
1.49
1.26
1.18
1.20
1.36
1.59
1.74
1.74
2.23
2.06
2.51
2.52
2.96
3.12
3.73
3.82
3.70
3.67
3.27
3.50
3.59
4.76
4.84
4.79
4.78
4.77
3.75
3.67
3.30
2.86
2.69
2.44
2.25
2.13
2.52
2.24
3.04
3.31
4.08
4.58
4.16
3.87
3.11
2.82
2.43
2.29
2.20
2.02
1.78
2.02
1.84
1.74
1.41
1.22
1.20
1.09
1.30
1.65
1.55
2.56
2.19
2.48
1.97
2.43
1.96
2.09
2.92
2.72
2.99
3.14
3.26
3.98
4.16
4.53
4.79
4.80
4.19
3.57
3.37
3.12
3.06
2.59
2.39
2.23
2.17
2.26
2.77
3.10
4.39
3.82
4.53
4.80
4.80
4.80
4.80
4.53
4.32
3.84
3.29
3.50
3.08
2.84
2.25
1.83
1.89
1.75
1.47
1.60
1.52
1.66
1.67
1.87
2.14
2.41
2.91
2.78
2.66
2.78
2.85
2.65
2.83
3.15
3.57
4.15
4.69
4.26
4.68
4.03
4.30
4.09
4.78
4.69
4.18
3.63
3.31
2.85
2.44
2.17
2.18
2.23
2.61
2.43
3.68
3.74
3.89
4.08
4.58
4.77
3.63
4.79
4.79
4.18
4.78
4.51
4.45
3.68
3.23
2.80
2.72
2.57
2.39
2.13
1.75
1.65
1.52
1.34
1.22
1.29
1.21
1.70
1.81
2.05
2.15
1.99
2.83
3.10
2.95
3.29
3.83
3.59
3.81
3.85
4.37
4.41
4.08
4.06
3.98
4.35
4.68
4.78
4.79
4.78
4.83
4.80
4.58
4.56
3.85
3.57
3.25
3.00
2.64
2.54
2.24
1.99
1.62
1.51
1.62
1.85
1.60
1.52
2.01
2.50
2.79
2.68
2.38
2.79
3.03
2.89
3.18
3.19
2.70
2.55
2.08
2.22
1.89
2.41
2.10
2.21
1.94
1.96
1.60
1.60
1.54
1.92
1.88
1.96
2.05
2.39
2.29
2.46
2.93
3.08
3.41
3.51
3.36
3.30
4.72
4.64
4.42
4.43
4.34
4.59
4.02
3.87
4.39
3.87
3.76
3.68
3.49
2.96
2.35
2.09
1.96
2.07
2.78
2.65
2.57
3.26
3.59
3.46
3.93
4.10
3.47
3.60
4.61
4.78
4.74
3.63
3.11
2.66
2.49
2.32
2.49
1.87
2.00
1.63
1.64
1.52
1.67
1.41
1.29
1.25
1.42
1.38
1.63
2.10
1.66
2.09
1.80
2.01
2.06
2.33
2.28
2.57
2.60
2.89
