1.46
1.25
1.14
1.08
1.17
1.21
1.40
1.52
1.62
1.79
2.17
2.38
2.48
2.62
2.20
2.39
2.46
2.50
2.70
2.44
2.59
2.86
2.60
2.44
2.44
2.23
2.97
3.61
3.84
3.81
3.58
3.84
3.98
4.07
4.42
4.59
4.55
4.23
3.59
3.80
4.62
4.44
4.19
4.40
4.43
4.02
3.13
3.13
2.75
2.78
2.15
2.49
2.66
2.89
3.03
3.17
3.23
3.34
3.16
3.21
3.03
2.67
2.47
2.24
2.21
2.22
1.98
2.08
1.94
1.98
1.77
1.68
1.73
1.79
1.69
1.91
2.01
2.34
1.86
1.78
1.90
1.78
1.81
1.56
2.24
1.85
2.03
2.24
2.13
2.29
2.56
2.80
2.53
2.58
2.24
2.47
2.40
2.56
2.69
2.42
2.36
1.85
1.76
1.57
1.52
1.48
1.25
1.15
1.58
1.84
2.11
2.69
2.72
2.91
2.75
2.71
2.74
2.99
2.59
2.66
2.86
2.76
2.87
2.34
2.69
2.78
3.01
2.94
3.06
3.18
3.02
2.95
3.46
3.49
3.08
2.60
2.27
2.02
2.38
1.91
2.12
1.81
2.31
2.14
2.73
2.61
2.29
2.06
2.30
2.05
1.89
1.69
1.77
1.60
1.69
1.79
2.10
2.13
2.23
2.49
2.61
2.87
2.93
2.83
2.41
2.39
2.48
2.63
2.63
2.81
3.01
3.24
3.64
3.30
3.26
3.45
3.53
3.72
4.03
3.98
3.48
3.25
3.89
3.68
3.64
3.80
3.49
3.21
2.93
3.06
3.37
2.97
2.67
2.46
2.19
2.26
2.10
1.98
1.85
2.36
2.01
2.30
2.01
2.38
2.66
3.75
3.98
4.23
4.04
3.84
3.96
4.16
4.77
4.84
4.74
4.81
4.77
4.81
4.77
4.79
4.79
4.79
4.79
4.11
4.79
4.69
4.80
4.82
4.51
4.79
4.79
4.80
4.82
4.78
4.79
4.61
4.21
3.70
3.18
3.00
3.35
3.88
3.33
3.33
2.80
3.04
2.66
2.40
2.08
1.88
1.75
1.67
1.68
1.80
2.06
2.35
2.12
2.74
2.86
2.52
2.86
2.94
2.74
2.59
2.71
2.65
2.46
2.26
2.28
2.49
3.06
3.97
3.33
3.44
4.79
4.79
4.70
4.47
4.35
3.97
3.74
4.30
4.10
4.51
4.12
3.50
3.31
3.04
3.06
2.77
2.28
2.20
1.90
1.54
1.55
1.68
1.61
1.50
1.51
1.38
1.68
2.15
2.24
2.21
2.70
2.88
2.94
3.23
3.45
3.19
3.20
3.59
3.58
3.35
2.85
2.95
2.90
3.10
3.01
2.93
2.84
3.31
3.09
3.09
3.26
3.60
3.58
3.45
3.05
3.33
3.27
2.73
2.83
2.83
2.73
3.42
3.54
3.45
3.61
3.41
3.61
3.29
2.99
2.83
2.95
2.56
2.60
2.62
2.16
2.39
2.19
2.78
2.15
2.09
2.08
2.00
2.40
2.74
3.30
3.93
4.40
4.37
4.26
4.28
3.49
2.84
2.33
2.15
2.14
2.06
2.52
2.24
2.49
2.52
2.57
2.43
2.16
2.33
1.95
1.98
1.83
1.74
1.85
1.80
1.66
1.63
1.45
2.13
2.01
2.60
2.30
2.43
2.78
3.06
3.10
4.00
3.54
3.94
4.02
4.27
4.78
4.80
4.77
4.80
4.74
4.32
3.78
3.82
3.47
3.48
3.11
2.87
2.46
2.85
2.77
2.83
2.54
2.48
2.30
2.68
2.56
3.15
3.84
4.70
3.85
3.09
2.73
3.30
3.26
3.81
3.89
4.28
4.64
4.54
3.80
3.38
2.71
2.57
2.37
3.10
3.58
3.48
3.40
3.35
3.55
3.02
2.49
2.31
1.87
1.73
1.63
1.59
1.41
1.36
1.48
1.21
1.18
1.35
1.31
1.40
1.48
1.30
1.22
1.29
1.25
1.46
1.33
1.56
1.50
1.34
1.29
1.52
1.28
1.47
1.65
1.56
1.39
1.43
1.84
1.74
1.86
1.74
1.60
1.45
1.69
1.65
1.63
1.33
1.49
1.51
1.43
1.50
1.43
1.35
1.22
1.23
1.13
1.31
1.36
1.20
1.08
1.29
1.16
1.29
1.27
1.23
1.49
1.36
