0.83
0.88
1.06
1.52
1.90
2.01
2.03
1.99
2.24
2.58
2.36
2.39
2.08
2.04
2.03
1.89
1.91
1.61
1.34
1.27
1.18
1.12
1.02
1.30
1.29
1.49
1.96
2.11
2.08
2.31
2.36
3.34
3.10
4.07
3.83
3.91
3.69
3.17
3.91
4.79
4.67
4.21
4.12
3.76
3.29
3.31
3.04
2.92
2.36
2.57
2.36
2.67
2.94
2.84
2.95
3.16
3.37
3.44
3.10
3.83
3.64
3.12
2.87
3.00
2.93
2.70
2.61
3.05
2.57
2.57
2.79
2.76
3.04
3.03
2.75
2.89
3.09
2.54
2.59
2.48
2.05
2.13
2.08
1.94
1.90
1.81
1.80
1.82
1.87
2.52
2.70
2.27
2.28
2.53
2.71
2.80
2.70
3.16
3.16
2.70
2.63
3.33
3.59
3.67
3.98
3.49
2.99
2.93
2.99
3.27
2.81
2.49
2.22
2.00
1.74
1.61
1.56
1.56
1.62
2.14
2.49
2.83
3.05
3.75
3.53
3.31
4.26
4.40
4.78
4.64
3.98
4.34
3.98
4.53
4.80
4.77
4.67
4.80
4.79
4.79
4.79
4.79
4.81
4.80
4.81
4.78
4.79
4.78
4.84
4.79
4.78
4.77
4.82
4.79
4.79
4.79
4.80
4.80
4.82
4.80
4.77
4.82
4.80
4.81
4.77
4.81
4.77
4.79
4.79
4.51
4.41
3.62
3.80
3.15
2.95
2.91
3.32
2.92
3.18
2.61
3.40
2.66
2.68
2.48
2.34
2.54
2.32
2.13
1.90
1.78
1.65
1.56
1.50
1.65
1.78
1.87
1.93
1.89
2.22
2.29
2.61
2.46
2.56
2.57
3.00
2.92
3.31
3.24
3.56
4.04
4.43
4.77
4.57
4.02
4.03
3.96
4.12
3.79
3.54
3.66
3.41
4.28
4.34
3.84
2.83
2.86
2.64
2.34
2.20
2.17
2.14
2.07
1.66
1.43
1.52
1.34
1.32
1.41
1.30
1.36
1.68
1.70
1.45
1.54
1.50
1.30
1.37
1.64
1.76
1.92
1.85
1.89
2.41
2.32
2.71
2.52
3.17
3.15
2.77
3.03
2.75
2.65
2.37
2.45
2.62
2.69
2.57
2.56
2.25
2.30
2.77
2.76
3.38
3.73
3.48
3.96
3.94
3.75
3.87
3.65
3.87
4.21
4.15
4.37
4.08
3.73
3.75
3.70
4.11
4.65
4.74
4.16
4.55
4.78
4.79
4.80
4.77
4.79
4.79
4.78
4.80
4.79
4.79
4.78
4.41
4.79
4.80
4.78
4.80
4.74
4.80
4.77
4.69
4.27
3.90
3.48
3.85
3.56
4.02
3.81
3.27
3.48
3.57
3.34
3.23
2.88
2.99
2.83
3.24
2.74
3.28
2.84
2.76
2.48
2.46
2.09
2.44
2.26
2.28
2.11
2.39
2.41
2.59
2.65
2.79
2.67
2.76
2.98
2.72
2.70
2.65
2.68
2.39
2.55
3.05
3.11
2.99
2.62
2.52
2.52
2.68
2.44
2.59
2.60
2.55
2.58
2.34
2.78
3.21
3.11
3.18
2.93
2.57
2.42
2.34
2.26
2.27
2.30
2.34
2.51
2.34
2.31
2.20
2.23
2.16
1.83
1.72
1.81
1.63
1.56
1.56
1.59
1.70
1.70
2.20
2.27
2.37
2.52
2.23
2.20
1.93
1.89
1.84
1.95
1.91
1.96
1.91
1.90
1.67
1.60
1.78
1.64
1.59
1.49
1.67
1.70
1.52
1.44
1.32
1.19
1.32
1.31
1.37
1.55
1.60
1.91
1.68
1.56
1.54
1.58
1.49
1.70
1.78
1.78
1.72
1.61
1.49
1.67
1.74
1.56
1.58
1.69
1.46
1.55
1.37
1.40
1.52
1.54
1.57
1.52
1.40
1.61
1.88
1.76
1.67
2.02
1.75
1.52
1.62
1.45
1.73
1.65
1.72
1.67
1.52
1.38
1.38
1.21
1.11
1.23
1.14
1.32
1.11
1.28
1.43
1.24
1.30
1.26
1.25
1.29
1.41
1.59
1.93
1.84
1.74
1.70
1.53
1.40
1.68
2.18
2.18
2.32
2.09
1.97
1.91
1.79
2.51
3.18
4.15
4.22
3.85
4.23
3.90
4.79
4.80
4.27
4.80
4.49
4.80
4.09
3.73
3.36
2.77
2.97
2.43
2.00
1.88
2.01
2.74
2.23
2.45
2.03
2.19
2.31
2.39
2.12
2.28
2.09
2.09
1.94
1.98
2.11
2.28
2.15
2.61
2.11
1.78
1.62
1.64
1.90
1.67
1.75
1.70
1.34
1.29
1.49
1.30
1.35
1.12
1.19
1.27
1.15
1.11
1.46
1.24
1.24
1.24
1.45
1.26
1.62
1.33
1.64
1.92
1.66
1.57
1.57
1.80
1.63
1.64
1.91
1.89
1.98
1.91
2.42
2.13
2.25
2.45
2.37
2.75
2.27
2.06
1.92
2.43
2.33
2.64
2.75
2.66
2.56
2.48
2.45
1.96
1.74
1.76
1.70
1.41
1.74
1.49
1.37
1.56
1.45
