1.67
2.10
2.17
2.18
1.99
2.03
2.45
2.01
2.13
1.89
1.83
1.75
1.60
1.66
1.50
1.44
1.27
1.18
1.20
1.58
1.60
1.57
1.66
1.80
1.73
1.90
1.97
2.36
2.52
2.80
2.97
2.99
2.76
3.80
3.77
3.83
3.94
4.03
3.81
3.70
3.84
3.68
3.98
4.09
4.74
4.08
3.67
3.91
4.31
3.65
3.87
4.00
4.37
4.50
4.79
4.63
4.71
4.79
4.48
4.77
4.15
3.60
3.52
3.01
3.54
3.71
4.17
3.81
3.41
2.84
3.20
2.93
2.96
2.90
3.10
2.75
2.51
2.34
2.73
2.45
2.40
2.13
2.36
2.07
1.84
1.70
1.74
1.64
1.59
1.67
1.58
1.56
1.83
2.05
2.34
1.95
2.36
2.09
2.14
2.18
2.10
1.96
1.90
2.47
2.31
2.68
2.93
3.30
3.05
3.78
3.91
3.57
3.05
2.66
2.38
2.69
2.71
2.46
2.47
2.04
1.87
1.67
1.47
1.48
1.45
1.35
1.56
1.46
1.54
1.68
1.76
1.82
1.91
2.27
2.04
2.27
2.42
2.48
2.73
3.07
3.34
3.61
3.21
3.27
2.99
3.28
3.27
2.91
3.75
3.51
3.74
3.96
4.54
4.79
4.65
4.11
3.81
3.14
2.77
2.72
2.93
3.22
3.15
2.91
2.81
3.30
3.07
2.94
2.81
3.29
3.13
3.13
2.87
2.88
2.91
3.08
3.05
3.11
3.25
3.23
3.40
3.50
3.68
3.85
3.74
3.51
3.73
3.83
3.49
3.53
3.36
3.15
3.35
3.02
3.13
3.45
4.05
4.78
4.79
4.45
4.55
4.05
4.20
4.28
3.92
3.57
3.59
3.61
3.43
3.43
3.02
2.66
2.34
2.34
2.13
2.00
1.84
2.02
1.75
1.89
1.89
2.27
2.43
2.59
2.61
2.79
2.76
3.30
3.62
3.48
3.11
3.50
3.57
3.88
3.69
3.59
4.18
4.57
4.63
4.79
4.35
4.26
4.26
4.26
3.91
4.24
3.96
3.94
4.29
4.68
4.82
4.78
4.79
4.79
4.78
4.69
4.64
4.50
4.61
4.45
3.99
4.35
3.61
4.04
3.74
3.20
3.76
3.35
3.60
3.47
3.73
3.70
3.04
3.37
3.11
2.87
2.67
2.58
2.55
2.18
1.99
1.93
1.89
1.58
1.33
1.21
1.36
1.31
1.34
1.45
2.02
1.94
2.08
2.00
1.90
2.28
2.63
2.76
2.84
2.67
2.65
2.43
2.30
1.96
1.86
1.69
1.95
1.63
1.66
1.75
1.42
2.37
1.82
1.30
1.10
0.96
0.95
0.89
1.19
1.26
1.71
2.23
2.08
2.12
2.27
2.20
3.27
4.22
3.98
3.43
3.57
3.96
4.26
4.40
3.96
3.88
3.23
2.89
2.56
2.07
2.08
2.01
2.11
1.78
2.21
2.54
2.38
2.27
2.71
2.42
2.54
2.55
2.53
2.42
2.26
2.22
2.47
2.77
2.96
3.54
3.66
4.09
3.46
3.26
2.86
2.56
2.67
2.34
2.33
2.32
2.21
2.49
2.63
2.56
2.70
2.77
2.86
2.64
2.37
2.07
2.26
2.09
1.82
2.03
1.95
1.97
2.45
2.62
2.65
2.54
2.56
3.03
2.80
2.73
2.69
2.59
2.36
2.31
2.43
2.54
2.58
2.47
2.58
2.53
2.78
2.55
2.29
2.11
2.20
1.91
1.94
1.80
1.68
1.70
1.68
1.87
1.75
1.77
1.92
1.72
1.54
1.74
1.75
2.01
1.80
1.97
1.83
2.00
1.96
2.04
1.83
1.60
1.64
1.45
1.53
1.47
1.51
1.50
1.47
1.81
1.70
1.64
1.56
1.81
1.74
1.62
1.58
1.62
1.62
1.70
1.56
1.78
1.81
1.88
1.63
1.36
1.48
1.61
2.19
2.17
2.30
2.09
1.79
1.59
1.41
1.10
1.12
1.45
1.65
2.04
1.99
1.92
2.21
2.24
1.88
2.76
2.85
2.96
2.63
2.65
3.35
2.93
3.78
3.74
3.20
3.38
2.73
