1.26
1.49
1.50
1.92
2.06
2.42
2.69
2.95
3.63
3.35
3.84
3.54
4.17
3.93
3.44
3.26
2.99
3.29
3.57
3.84
3.73
4.09
4.59
4.77
4.77
4.57
4.44
3.60
4.16
4.30
4.33
4.13
3.91
3.93
4.08
4.39
4.36
4.39
4.51
4.82
4.71
4.46
3.73
3.62
3.56
3.60
3.54
3.36
2.89
2.96
2.80
2.87
2.81
3.04
2.93
2.87
2.50
2.45
2.15
1.99
1.90
1.83
1.73
1.75
1.58
1.49
1.44
1.36
1.43
1.55
1.48
2.04
1.97
2.13
1.99
2.19
2.06
2.19
1.92
2.11
1.96
2.04
1.99
2.11
2.18
2.28
2.67
2.84
2.88
2.62
2.92
3.27
3.24
3.10
3.30
3.07
2.79
2.60
2.15
1.90
1.62
1.60
1.37
1.34
1.47
1.88
1.74
1.80
1.72
2.03
2.46
2.78
3.02
2.93
2.80
2.63
2.67
2.77
2.85
2.66
2.65
2.61
2.83
2.74
2.83
3.41
3.67
3.55
3.74
3.08
3.08
2.93
2.54
2.55
2.51
2.70
3.31
3.18
3.35
3.35
3.63
3.44
3.61
3.41
3.20
2.70
2.61
2.30
2.42
2.41
2.55
2.26
2.09
1.97
1.93
1.78
1.83
1.88
2.06
1.95
2.06
1.95
2.23
2.03
2.20
2.14
2.18
2.44
2.31
2.46
2.42
2.23
2.67
2.59
2.66
2.55
2.38
2.41
2.62
2.63
3.06
3.18
2.75
2.58
2.39
2.17
2.25
1.99
1.80
1.58
1.57
1.63
1.95
1.70
1.93
1.96
2.20
2.77
2.38
2.47
2.32
2.72
2.80
2.97
3.39
3.08
3.01
2.58
2.73
2.61
3.04
3.56
3.63
3.22
2.95
2.76
2.63
3.13
3.01
2.82
2.75
2.73
2.57
3.08
2.69
2.51
2.34
2.69
2.44
3.31
2.75
2.85
3.14
3.14
3.16
3.13
3.13
2.46
2.26
2.16
2.33
3.64
3.28
3.12
2.83
2.53
2.53
2.30
2.29
2.69
2.23
2.26
2.20
2.02
1.66
1.63
1.45
1.38
1.31
1.34
1.52
1.77
1.90
1.88
2.04
2.93
2.87
3.10
2.21
2.33
2.44
2.87
2.98
2.77
2.34
1.88
1.89
1.78
1.98
2.29
2.39
2.23
2.18
2.43
2.42
2.66
2.68
3.26
2.90
2.53
2.61
3.15
3.77
4.35
4.20
3.97
3.94
3.78
3.30
2.68
2.39
2.43
2.65
2.98
2.84
2.80
2.26
2.16
1.97
2.11
1.94
1.58
1.85
1.87
2.17
1.98
1.95
1.88
1.99
1.98
1.81
1.84
1.70
2.00
2.37
1.99
2.08
2.23
2.33
2.31
2.02
1.96
1.78
1.50
1.79
1.97
1.94
1.67
1.58
1.89
1.71
1.68
1.74
1.81
1.71
1.72
1.81
1.87
1.97
2.04
1.88
1.85
1.97
1.96
2.17
2.15
2.09
2.04
2.17
2.18
2.73
2.25
2.30
2.27
2.29
2.38
2.57
2.32
2.46
2.53
2.20
1.89
1.98
1.75
1.65
1.40
1.48
1.44
1.47
1.61
1.46
1.46
1.76
1.61
1.88
1.89
2.07
2.41
2.69
2.21
2.32
2.87
2.58
2.42
1.96
1.94
