0.71
0.66
0.67
0.77
0.87
0.91
1.22
1.56
1.88
2.04
2.18
2.49
2.77
2.64
2.73
2.62
2.59
2.67
2.71
2.65
2.61
2.60
2.34
2.45
2.47
2.50
2.19
1.97
1.72
1.52
1.46
1.34
1.31
1.31
1.28
1.38
1.38
1.41
1.37
1.70
1.85
2.12
2.29
2.31
2.23
2.14
2.38
3.06
3.08
2.74
3.13
2.93
2.99
2.83
2.80
2.57
2.49
2.95
3.01
2.76
2.41
2.84
2.89
3.31
4.15
3.91
3.29
2.85
2.61
2.49
2.20
2.00
2.21
2.03
2.15
2.10
1.99
2.23
2.23
2.13
2.14
2.34
2.40
2.04
2.05
2.11
2.44
2.46
2.61
2.18
2.06
2.09
2.02
1.75
1.71
1.44
1.54
1.33
1.18
1.09
1.19
1.37
1.51
1.35
1.43
1.53
2.04
1.97
1.97
2.39
2.34
2.09
2.10
2.01
2.39
2.17
2.58
2.36
2.68
2.84
3.11
3.11
2.96
2.90
3.19
3.13
3.12
2.84
2.63
2.51
2.59
2.27
2.45
2.30
2.16
2.02
1.92
1.76
1.62
1.42
1.51
1.39
1.18
1.48
1.28
1.15
1.25
1.16
1.25
1.50
1.52
1.62
1.49
1.57
1.44
1.21
1.41
1.37
1.38
1.42
1.39
1.38
1.31
1.18
1.25
1.18
1.15
1.25
1.22
1.22
1.37
1.42
1.41
1.48
1.74
1.60
1.67
1.67
1.89
1.79
2.00
1.87
2.12
2.48
2.13
1.70
2.01
1.71
1.36
1.60
1.48
1.55
1.51
1.53
1.40
1.14
1.22
1.24
1.23
1.21
1.36
1.53
1.80
1.83
1.84
1.87
2.81
2.83
2.92
4.03
3.83
3.38
3.24
2.91
2.64
2.72
2.45
2.33
2.69
2.36
2.45
2.26
2.27
2.29
2.00
1.95
1.82
1.59
1.73
1.76
1.44
1.76
1.78
1.88
2.19
1.95
1.98
2.26
2.22
2.33
2.42
2.01
1.87
1.85
1.74
1.61
1.58
1.31
1.20
1.23
1.24
1.24
1.23
1.33
1.63
1.89
1.95
2.63
2.28
2.46
2.77
2.66
2.70
2.51
2.61
2.84
2.73
2.83
3.03
2.89
2.97
3.61
3.66
4.05
3.83
4.04
4.27
3.94
3.71
3.15
3.44
3.10
3.19
3.24
3.65
4.46
4.80
4.79
4.51
4.59
3.57
4.79
4.59
4.02
3.66
3.93
4.01
3.19
3.79
3.56
3.39
3.18
2.89
3.11
2.99
2.99
2.68
2.52
2.27
2.39
2.50
2.10
2.09
2.21
2.16
2.07
2.04
1.81
1.60
1.43
1.30
1.20
1.34
1.30
1.25
1.60
1.47
1.45
1.71
1.70
1.69
1.63
1.65
1.65
1.65
1.76
1.70
1.96
2.13
1.75
1.62
1.77
1.48
1.32
1.50
1.33
1.27
1.30
1.65
2.16
2.87
2.57
2.41
2.26
2.56
2.62
2.80
2.63
3.11
3.09
2.77
2.95
2.88
2.88
2.28
2.13
1.91
1.90
1.78
1.72
1.98
2.03
1.75
1.56
1.82
1.83
1.95
1.76
2.02
2.42
3.17
2.78
2.61
2.85
3.30
3.82
3.65
3.51
3.43
3.37
3.53
3.05
3.59
3.59
3.07
2.86
3.10
3.67
3.57
3.46
3.03
2.72
2.56
2.90
2.80
2.78
2.98
3.19
2.83
2.87
2.61
2.49
2.46
2.41
2.70
3.12
3.14
3.14
3.40
3.68
2.93
3.51
3.62
4.13
3.94
4.47
4.28
3.64
4.14
4.80
4.78
4.63
4.78
4.66
4.17
4.25
3.33
3.55
3.03
2.90
2.87
2.94
3.25
2.47
2.53
2.42
2.43
2.25
2.09
2.16
2.45
2.31
1.99
2.69
2.26
2.56
2.29
2.64
2.25
2.10
1.80
1.68
1.56
1.46
1.53
1.44
1.44
1.23
1.57
1.78
2.01
1.89
1.91
1.72
1.69
1.67
1.60
1.79
1.48
1.21
1.19
1.18
1.00
1.25
1.04
0.98
1.01
1.10
1.08
1.35
1.47
1.83
2.51
2.32
2.18
2.34
2.08
2.48
3.30
3.47
4.14
3.55
3.48
3.79
3.15
2.97
2.71
2.41
2.65
2.68
2.77
2.16
2.17
1.71
1.62
1.48
1.47
1.36
1.21
1.21
1.51
1.38
1.28
1.43
1.47
1.35
1.35
1.42
1.55
1.39
1.33
1.29
1.34
1.30
1.17
1.20
1.25
1.21
1.13
1.63
1.71
2.07
1.80
1.66
1.57
1.52
1.46
1.52
1.61
1.57
1.41
1.62
1.66
1.75
1.95
1.85
1.80
1.72
1.75
1.77
1.75
1.52
1.62
1.53
1.55
1.60
1.96
2.39
2.27
2.00
1.91
2.05
1.85
1.67
1.75
1.99
1.72
1.91
2.11
1.88
2.07
1.98
2.33
2.62
2.44
2.66
2.95
2.61
2.56
2.71
3.06
2.90
2.66
2.65
2.30
1.84
1.87
1.89
1.52
1.49
1.57
1.42
1.49
1.31
2.09
1.77
1.84
2.05
2.16
2.45
2.56
2.61
2.82
2.89
2.37
2.96
2.66
2.26
3.01
2.74
2.86
2.33
2.20
2.43
1.93
2.16
1.69
1.37
1.42
1.37
1.56
1.41
2.16
1.94
1.65
1.43
1.25
1.03
1.49
1.21
1.05
0.84
0.73
0.73
0.65
0.67
