1.03
0.99
1.12
1.29
1.63
1.70
1.73
2.37
2.44
2.60
2.93
3.20
3.30
2.78
2.74
2.27
2.49
2.51
2.43
2.92
2.88
2.58
2.83
2.25
3.41
3.24
3.25
3.70
3.70
3.38
4.61
4.79
4.72
4.31
4.29
3.56
3.28
3.18
4.28
3.94
4.59
4.79
4.35
4.38
4.55
3.77
3.79
3.47
2.81
2.70
2.23
2.39
1.91
1.67
1.97
2.21
1.67
1.96
1.89
1.96
1.82
1.71
2.44
1.94
2.02
1.81
2.02
1.89
2.25
2.45
2.45
2.61
2.26
2.81
3.47
3.38
3.62
3.06
2.86
2.80
2.43
2.63
2.37
2.91
2.84
3.68
3.50
4.27
4.30
4.79
3.91
3.82
3.59
4.14
4.31
3.72
4.33
4.80
4.75
4.79
4.80
4.84
4.62
4.78
4.77
4.34
3.87
3.73
4.07
4.04
4.51
4.16
3.74
3.44
4.76
4.73
3.71
3.69
3.57
2.74
2.47
2.04
1.79
1.58
1.66
1.68
1.59
1.37
1.68
1.73
1.70
1.70
1.62
1.48
1.52
1.75
1.76
1.65
1.79
1.64
1.68
2.08
2.68
2.33
2.89
2.68
2.73
2.67
2.95
3.26
3.22
3.33
3.16
3.04
3.29
3.31
3.31
3.50
3.54
3.80
3.50
3.01
2.96
3.36
4.35
3.60
3.43
3.39
3.57
4.40
4.06
4.50
4.76
4.80
4.79
4.79
4.77
4.63
4.79
4.76
4.42
4.47
4.54
4.49
4.10
3.34
2.98
2.87
3.02
2.43
2.19
1.95
2.15
1.81
1.66
1.62
1.91
2.03
2.15
1.98
2.15
1.86
2.02
2.04
2.56
2.24
2.00
2.24
2.26
2.23
2.03
2.21
2.21
2.66
2.19
2.31
2.11
2.01
2.22
2.23
2.50
2.28
2.05
2.17
1.98
2.15
2.42
2.07
2.82
3.47
3.88
3.69
4.80
4.37
4.57
4.78
4.80
4.77
4.84
4.55
4.53
4.77
4.80
4.79
4.77
4.78
4.79
4.79
4.79
4.80
4.25
4.34
4.01
4.10
3.76
3.69
3.71
3.37
3.15
3.05
2.70
2.31
2.10
1.92
1.83
1.92
1.86
2.25
1.82
1.99
1.96
1.98
2.04
2.51
2.26
1.94
2.77
2.48
2.50
2.78
2.48
2.47
2.62
2.66
2.62
2.84
2.77
2.73
3.10
3.07
2.92
3.67
4.78
4.79
4.78
4.82
4.67
4.60
4.77
4.82
4.80
4.78
4.77
4.80
4.79
4.77
4.78
4.67
4.80
4.82
4.79
4.77
4.80
4.78
4.81
4.78
4.77
4.34
4.02
3.58
3.37
3.03
2.46
2.36
2.27
2.74
2.24
2.10
1.66
2.11
1.78
1.83
1.75
2.04
2.21
1.96
1.99
2.34
1.93
1.95
2.09
2.39
2.03
2.49
2.29
2.23
3.09
3.70
2.93
3.12
4.42
4.37
3.81
3.58
3.07
2.99
2.66
2.53
3.48
4.22
4.82
4.73
4.53
4.02
4.79
4.80
4.79
4.79
4.78
4.80
4.79
4.76
4.77
4.82
4.77
4.82
4.78
4.78
4.78
4.84
4.80
4.78
4.79
4.79
3.94
3.43
2.89
2.79
2.87
2.75
2.65
2.39
2.50
2.54
2.53
2.25
2.06
3.23
2.47
2.48
2.22
2.68
2.32
2.08
1.88
1.74
1.66
2.36
2.68
2.25
2.50
2.22
1.88
1.85
1.80
2.27
2.08
1.89
1.95
1.89
2.28
2.24
2.37
2.30
2.98
4.50
4.62
4.53
4.79
4.10
4.46
4.01
4.37
4.80
4.79
4.78
4.82
4.73
4.36
4.35
4.79
4.78
4.78
4.78
4.80
4.79
4.82
4.80
4.80
4.79
4.77
4.82
3.74
3.44
3.15
3.04
2.70
2.50
2.43
2.49
2.17
2.10
2.36
1.89
2.01
1.97
2.16
3.17
2.83
2.83
2.45
2.31
2.07
2.08
2.29
2.20
2.31
2.39
2.61
2.40
2.60
2.77
3.00
2.37
3.67
2.79
3.41
3.55
3.45
4.13
3.96
3.64
4.08
4.30
4.53
4.77
4.77
4.79
4.79
4.79
4.79
4.57
4.05
4.79
4.66
4.48
3.97
3.70
3.62
3.04
3.70
4.35
4.82
4.79
4.76
4.77
4.80
4.79
4.82
4.80
4.76
4.75
4.13
4.05
3.14
2.55
2.27
1.97
1.88
1.74
1.57
2.11
1.82
2.00
2.34
2.03
2.10
2.12
2.21
2.20
2.70
2.66
2.98
2.76
3.65
3.71
3.04
2.71
2.87
2.55
2.20
2.50
2.84
3.80
3.09
3.87
3.55
3.40
2.69
2.34
1.87
1.89
1.92
1.51
1.79
2.05
1.59
1.33
1.27
1.68
1.44
1.39
1.43
1.23
1.77
1.68
1.92
1.93
1.77
1.66
1.72
1.72
1.60
1.60
1.57
1.53
1.59
1.60
1.43
1.23
1.23
1.09
1.22
1.08
0.93
0.84
0.83
0.80
0.80
0.84
1.00
1.14
1.11
0.98
0.86
0.82
0.77
0.70
0.65
0.62
0.53
0.54
0.53
0.54
