0.57
0.63
0.81
1.30
1.35
1.61
2.11
2.13
2.37
2.63
2.62
2.73
3.83
3.60
3.77
3.64
3.30
3.28
2.71
2.79
4.52
4.73
4.36
4.16
4.37
4.61
4.26
4.14
4.63
4.41
4.59
3.91
3.55
2.90
2.64
2.56
2.00
1.62
1.34
1.43
1.38
1.19
1.19
1.42
1.50
1.43
1.60
1.57
2.28
1.86
2.38
2.01
2.70
2.17
2.48
2.17
1.95
2.36
2.77
2.74
2.22
2.26
2.00
2.22
3.00
3.06
3.75
4.19
4.37
4.77
4.82
4.11
3.85
3.68
4.70
4.80
4.80
4.79
4.77
4.21
4.39
4.80
4.78
4.80
4.79
4.80
4.78
4.80
4.77
4.80
4.75
4.14
3.72
3.28
2.66
2.32
2.03
1.74
1.79
1.73
1.53
1.43
1.38
1.34
1.28
1.48
1.52
1.46
1.46
1.60
1.44
1.68
1.33
1.17
1.17
1.48
2.08
2.38
2.40
2.42
2.32
2.41
2.68
2.43
3.01
4.42
3.62
4.02
4.26
4.69
4.32
4.20
4.22
4.14
3.73
4.01
3.83
4.06
4.13
4.64
4.12
4.57
4.80
4.09
3.86
4.05
3.81
3.67
4.04
3.75
2.86
3.24
2.90
2.46
2.32
2.12
1.85
1.70
1.68
2.12
1.95
2.46
2.44
2.33
2.22
1.99
1.84
1.88
2.10
2.14
2.44
2.10
3.55
3.01
3.36
3.39
3.79
3.70
3.22
3.24
3.38
3.72
3.18
3.19
3.19
3.00
3.93
4.23
4.02
4.79
4.78
4.79
4.72
4.37
4.25
4.08
4.58
4.00
3.53
3.73
3.33
3.70
4.46
3.48
3.36
3.42
3.27
2.90
2.93
2.93
2.37
1.98
1.60
1.41
1.46
1.25
1.49
1.87
1.93
2.30
2.20
2.30
2.31
2.47
2.89
2.75
2.90
2.84
2.85
3.25
3.26
2.54
2.69
2.65
3.19
2.96
3.62
3.08
3.39
2.88
3.32
2.96
3.26
3.62
3.72
3.95
4.69
4.77
4.76
4.80
4.78
4.78
4.79
4.78
4.26
4.29
4.36
4.55
4.18
4.03
4.79
4.28
3.54
3.11
2.79
2.39
2.79
2.40
2.46
2.17
2.03
2.14
1.87
1.92
1.69
1.65
1.76
1.71
1.53
1.64
2.08
1.88
1.78
1.79
2.08
2.37
3.32
3.43
3.59
3.44
3.66
3.16
3.11
4.01
3.49
3.01
2.54
2.60
2.90
3.33
2.90
3.18
2.46
2.70
3.10
3.57
4.80
4.79
4.78
4.79
3.98
4.16
4.79
4.72
4.79
4.77
4.78
4.80
4.79
4.79
4.79
4.81
4.45
4.78
4.77
4.80
4.41
4.51
4.16
3.56
2.85
2.52
2.27
2.11
1.74
1.90
1.56
1.47
1.38
1.75
2.03
1.98
2.40
4.22
3.88
3.75
3.41
3.34
2.62
2.30
2.50
2.68
2.23
2.34
1.79
1.86
1.60
1.87
2.32
2.05
1.94
1.73
2.17
1.78
1.59
1.75
1.75
1.70
2.15
4.02
3.86
4.48
4.82
4.78
4.80
4.78
4.79
4.78
4.80
4.74
4.80
4.77
4.80
4.78
4.79
4.79
4.80
4.78
4.48
4.80
4.79
4.73
4.45
4.70
3.88
3.87
3.43
2.91
2.64
2.24
1.98
2.01
1.86
1.76
1.62
1.50
2.16
1.94
2.37
2.18
3.46
3.53
2.92
2.45
2.25
2.41
1.95
2.19
2.06
2.04
2.71
3.18
3.06
2.57
2.52
2.08
1.90
2.39
2.64
2.72
2.70
2.15
2.17
3.31
3.24
3.93
4.78
4.79
4.78
4.82
4.73
4.80
4.79
4.79
4.79
4.79
4.54
4.77
3.78
3.84
4.00
4.74
4.79
4.77
4.82
4.78
4.80
4.77
4.65
4.18
3.38
2.91
2.92
2.29
3.07
3.21
3.53
2.84
2.34
2.28
2.34
2.30
2.62
3.04
2.86
3.31
3.25
3.23
3.01
2.31
2.03
2.72
2.18
2.27
2.05
2.14
2.18
2.38
1.97
1.93
2.14
2.24
2.28
1.90
1.84
1.69
1.63
2.26
1.83
1.65
2.09
1.89
1.84
1.56
1.27
1.24
1.41
1.26
1.13
1.17
1.06
1.09
0.95
1.16
1.11
1.29
1.30
1.20
1.29
1.17
1.35
