0.53
0.49
0.52
0.51
0.54
0.49
0.51
0.50
0.53
0.53
0.52
0.52
0.55
0.58
0.64
0.62
0.57
0.79
0.78
0.81
0.80
0.80
1.00
1.05
1.40
1.52
2.01
2.41
2.19
3.07
3.29
3.27
4.18
4.78
4.79
4.48
4.37
4.78
4.80
4.79
4.79
4.77
4.61
4.64
3.94
4.07
4.51
3.68
4.25
4.29
4.18
3.54
3.50
3.42
3.34
3.27
2.88
2.61
2.28
2.02
1.76
1.66
1.72
1.46
1.87
1.91
2.37
2.08
1.74
1.92
1.89
2.03
1.94
2.24
2.55
2.36
2.54
1.91
2.12
2.03
2.05
2.31
2.33
2.17
2.42
2.37
2.13
2.36
2.59
2.68
2.28
2.71
3.10
3.24
3.46
3.79
3.53
2.90
2.75
3.25
3.59
3.51
3.25
2.81
2.87
3.54
3.55
3.43
3.07
3.70
4.03
3.49
3.28
2.84
2.67
2.23
2.19
2.11
1.71
1.62
1.46
1.44
1.42
1.33
1.69
2.02
2.29
2.05
2.12
1.89
1.88
1.89
1.79
2.01
1.56
1.90
1.75
2.19
2.03
2.02
2.42
2.34
2.75
2.72
2.46
2.43
2.29
2.89
3.81
3.90
3.61
3.66
3.60
3.29
3.76
2.89
2.51
2.55
3.15
4.11
4.80
4.80
4.80
4.77
4.43
4.10
4.19
4.20
3.44
3.04
2.55
2.28
2.43
2.27
1.95
1.66
1.90
1.75
1.47
1.44
1.47
1.78
2.16
2.46
2.72
2.36
2.33
2.52
2.75
4.15
3.76
3.48
3.27
3.05
3.49
3.46
3.22
3.69
3.01
2.83
2.96
2.81
3.38
3.30
4.18
4.78
4.84
4.70
4.02
4.70
4.16
4.80
4.79
4.79
4.65
4.79
4.79
4.80
3.89
4.77
4.53
4.48
4.76
3.60
2.88
2.96
2.86
3.17
2.80
2.57
2.10
2.27
1.74
1.57
1.48
1.76
2.19
2.31
2.61
2.61
3.03
3.19
4.29
4.07
3.79
4.71
4.65
4.03
4.24
3.53
3.47
3.77
2.88
2.63
2.75
3.06
3.10
4.66
4.78
4.82
4.79
4.79
4.78
4.53
4.78
4.78
4.38
3.63
3.40
3.64
3.23
3.35
2.89
2.57
2.90
2.72
3.35
3.08
2.87
2.65
2.87
2.69
2.41
2.71
2.55
2.59
2.17
2.06
2.00
2.41
2.08
2.59
2.42
2.59
2.28
2.28
2.29
2.91
2.70
2.61
2.77
2.37
2.63
2.47
3.21
3.51
3.83
3.55
3.41
3.11
2.76
2.76
2.96
3.24
3.04
3.27
3.06
4.26
4.80
4.80
4.80
4.78
4.78
4.77
4.80
4.80
4.77
4.12
3.30
2.94
3.19
4.34
4.32
3.84
3.17
3.17
3.15
3.85
3.41
4.19
4.18
3.55
3.37
3.20
2.66
2.40
2.31
2.52
2.36
2.67
2.67
2.94
3.22
2.90
2.56
2.30
3.25
2.87
2.68
2.71
3.09
3.05
2.91
2.92
3.21
3.25
3.40
4.05
3.44
3.86
3.88
3.04
3.14
3.28
3.59
4.79
4.78
4.81
4.79
4.79
4.78
4.84
4.78
4.06
3.64
4.51
4.79
4.79
4.79
4.80
4.80
4.79
4.81
4.79
4.79
4.26
4.00
3.84
3.67
2.74
2.94
3.54
4.38
3.92
4.03
3.46
3.93
4.74
3.61
3.00
3.00
2.37
2.33
2.39
2.59
2.22
2.60
3.11
3.69
3.98
4.13
3.86
3.51
3.32
3.04
3.70
3.30
4.20
3.57
4.79
4.24
3.54
3.90
3.31
3.00
2.75
3.92
3.39
3.79
4.79
4.80
4.79
4.79
4.79
4.79
4.79
4.78
3.88
4.17
3.87
3.30
3.27
3.33
3.75
3.71
3.55
3.26
3.01
3.66
3.48
3.36
3.27
3.91
3.31
3.07
3.16
4.70
4.69
4.79
4.79
4.80
4.80
4.80
4.78
4.79
3.98
4.34
3.51
3.36
2.92
2.75
3.22
4.51
4.77
4.43
3.95
3.11
2.83
2.39
1.88
3.24
4.27
3.66
4.72
4.79
4.81
3.76
3.30
2.51
1.96
1.83
1.72
1.79
1.75
1.66
1.63
2.12
1.62
1.44
1.51
1.78
1.64
1.37
1.47
1.37
