3.71
2.93
3.31
4.22
3.79
3.87
3.52
3.94
3.90
3.62
3.97
3.87
3.39
4.39
4.21
3.70
3.73
3.62
3.42
2.77
2.25
1.91
1.70
1.63
1.64
1.76
2.37
2.07
2.33
2.02
2.11
1.81
2.48
2.55
2.49
2.21
2.76
2.32
2.50
2.90
3.14
3.36
3.23
3.23
3.98
4.18
4.11
3.31
3.27
3.22
3.55
3.74
3.41
3.27
3.35
3.65
3.51
3.69
3.67
3.21
3.44
3.94
3.53
2.88
2.61
3.43
4.20
4.01
4.41
4.32
4.48
4.71
3.54
2.85
2.23
2.07
1.79
1.68
1.71
2.00
1.95
2.35
2.47
3.22
3.22
2.98
2.68
2.33
2.19
3.03
3.32
2.83
3.22
3.18
4.77
4.26
3.75
3.39
3.50
3.97
3.77
3.74
4.26
4.32
4.05
4.32
3.69
3.61
3.37
2.86
3.11
3.04
2.50
3.05
2.94
2.44
2.96
3.47
3.58
3.75
3.12
4.04
3.66
3.44
3.27
2.93
2.66
2.56
2.05
2.02
1.79
1.75
1.80
2.14
2.11
2.09
2.09
2.05
2.13
3.32
3.19
3.08
2.99
3.07
3.76
3.72
4.80
4.18
4.22
4.16
4.45
3.78
3.71
3.29
3.57
4.74
4.80
4.61
4.80
4.79
4.79
4.30
3.34
3.61
3.31
3.44
2.80
2.54
2.41
1.98
2.03
2.15
2.52
2.89
2.61
2.79
2.51
2.91
3.27
3.14
2.66
3.06
3.45
4.05
4.11
3.43
3.40
2.96
2.83
2.42
2.53
3.36
2.99
3.26
3.63
4.50
4.34
3.91
4.39
4.38
4.48
3.95
4.11
3.27
2.62
2.18
2.00
1.61
1.72
2.04
2.50
2.98
2.60
3.21
3.70
3.49
3.99
3.48
3.20
4.20
3.95
3.64
3.33
3.24
3.17
2.88
2.75
2.75
2.88
2.58
2.75
3.10
3.70
4.32
4.14
3.69
3.96
4.07
3.98
4.70
3.68
3.18
3.60
2.99
2.97
2.56
2.36
2.39
2.32
2.22
2.28
2.57
3.44
3.27
2.97
3.23
3.15
2.59
3.08
3.44
3.56
3.75
3.67
3.19
2.73
2.29
1.97
2.92
2.18
2.11
2.12
2.24
2.83
3.89
4.79
4.80
4.82
4.78
4.60
4.77
4.80
4.80
4.77
4.78
4.80
4.79
4.82
4.79
3.89
3.80
3.39
3.44
3.39
2.86
2.82
2.96
3.84
4.80
4.77
4.80
4.79
4.78
4.79
4.21
3.60
3.00
2.85
2.65
3.48
3.08
3.48
3.87
4.27
3.37
4.26
4.20
4.15
3.25
3.42
3.11
3.17
2.75
2.26
2.03
2.88
2.56
3.38
2.86
2.45
2.22
1.94
1.77
1.64
1.61
1.73
2.31
2.51
2.20
1.87
1.86
1.71
1.72
1.96
1.85
2.61
2.47
3.37
4.41
4.15
3.83
3.52
2.66
2.69
3.14
2.98
3.03
3.73
3.32
3.14
3.16
3.10
3.31
3.20
3.14
2.70
2.99
3.20
4.13
3.67
4.17
4.10
4.32
3.92
3.63
3.69
4.53
4.42
4.81
4.51
4.07
4.46
3.46
3.88
3.48
3.54
3.12
3.49
4.58
3.91
3.67
4.09
4.18
3.19
3.01
2.81
2.95
2.79
3.29
2.82
2.77
2.17
2.14
2.18
1.72
1.35
1.35
1.33
1.24
1.12
1.30
1.42
1.16
0.99
1.12
1.57
1.42
1.27
1.37
1.19
