0.62
0.52
0.54
0.62
0.74
0.63
0.64
0.58
0.57
0.76
0.81
0.99
1.30
1.99
2.28
2.67
2.80
2.83
2.34
2.18
2.92
2.67
2.78
3.02
3.18
2.91
2.41
2.39
2.45
2.13
1.72
1.60
1.86
1.72
1.93
1.67
1.55
1.42
1.19
0.97
0.94
0.95
0.95
0.81
0.75
0.69
0.70
0.78
0.71
0.76
0.77
0.74
0.67
1.03
0.97
1.07
1.05
0.88
0.97
1.19
1.48
1.27
1.21
1.52
1.44
1.23
1.06
0.90
1.39
1.25
1.34
1.90
1.57
1.82
1.59
2.10
1.94
1.70
1.65
1.77
1.57
1.50
1.41
1.60
1.34
1.29
1.34
1.38
1.53
1.34
1.31
1.56
1.30
1.16
1.27
1.02
0.94
0.96
0.87
0.73
0.76
0.76
0.65
0.67
0.64
0.62
0.49
0.53
0.57
0.54
0.52
0.83
0.70
0.68
0.67
0.60
0.69
0.75
0.84
0.89
0.96
1.03
1.07
1.03
1.14
1.05
0.88
0.88
0.80
1.05
0.97
0.96
1.14
1.46
1.18
1.23
1.20
1.91
1.77
1.75
1.97
1.82
1.82
1.85
1.56
1.69
1.95
1.62
1.82
1.71
1.95
1.71
2.21
2.13
2.06
2.04
2.08
1.83
1.83
1.76
1.67
1.75
1.49
1.37
1.24
1.03
0.84
0.80
0.78
0.70
0.68
0.68
0.63
0.68
0.62
0.60
0.74
0.63
0.64
0.70
0.82
0.73
0.73
0.81
0.84
0.88
0.88
0.87
1.04
1.10
1.37
1.28
1.15
1.13
1.16
1.30
1.23
2.15
2.63
2.62
2.40
2.82
2.39
2.22
1.83
1.90
1.70
1.59
2.11
2.60
2.67
2.22
2.10
2.28
2.13
1.89
1.92
1.68
1.87
1.63
1.46
1.36
1.11
1.23
1.21
1.02
0.98
1.05
0.86
0.88
0.76
0.68
0.65
0.60
0.60
0.59
0.58
0.57
0.63
0.59
0.58
0.59
0.67
0.95
1.00
0.88
0.98
0.94
1.06
1.06
1.08
1.30
1.05
1.16
1.56
1.30
1.63
1.50
1.62
1.66
1.63
1.92
1.96
3.00
2.45
2.42
2.98
2.88
2.81
2.62
3.06
2.71
2.68
3.06
2.78
2.70
2.62
2.20
1.93
1.69
1.51
1.40
1.25
1.30
1.18
1.26
1.02
1.02
1.00
0.93
0.86
0.72
0.70
0.63
0.62
0.58
0.55
0.51
0.53
0.56
0.82
0.91
1.08
1.15
0.87
1.04
1.08
1.56
1.37
1.56
1.61
1.40
1.39
1.06
1.50
1.40
1.61
2.21
2.48
2.45
2.70
3.28
3.60
3.88
3.48
3.89
4.41
3.71
3.74
3.26
2.82
2.68
2.91
2.77
2.67
2.36
1.87
1.47
1.64
1.52
1.40
1.25
1.43
1.23
1.02
0.91
0.94
0.86
0.73
0.73
0.63
0.66
0.68
0.79
0.74
0.90
0.81
0.82
1.17
1.19
1.37
1.33
1.30
1.12
1.40
1.17
1.58
1.23
1.59
1.28
1.38
1.35
1.41
1.61
2.41
2.52
3.01
3.00
2.78
2.13
2.57
2.11
2.38
2.67
3.71
4.35
3.65
3.25
2.96
2.84
2.46
1.98
1.81
1.46
1.17
0.97
1.09
1.09
1.11
1.05
1.05
1.04
0.91
0.78
0.72
0.73
0.72
0.88
1.09
1.24
0.96
0.97
0.84
0.92
0.87
0.93
0.82
1.01
1.17
1.13
1.15
1.20
1.37
1.16
1.42
1.25
1.87
2.02
2.30
2.32
2.36
1.93
2.26
2.78
3.00
3.84
3.75
3.57
3.67
4.17
3.79
3.25
3.21
3.46
2.76
3.58
3.68
3.60
2.78
2.93
2.49
2.48
2.29
1.81
1.56
1.19
1.04
0.98
0.84
0.71
0.75
0.75
0.78
0.87
0.86
0.82
0.93
0.84
0.83
0.86
0.82
0.88
1.05
1.25
1.29
1.25
1.13
1.08
1.15
1.40
1.38
1.09
0.93
1.18
1.05
1.32
1.16
1.46
1.22
0.99
1.03
1.20
1.60
1.76
1.51
1.46
1.61
1.90
2.80
2.76
2.41
2.32
2.35
2.50
3.32
3.35
3.48
2.72
2.44
2.70
2.54
2.13
1.83
1.86
1.68
1.39
1.37
1.13
1.12
1.15
1.25
1.25
1.24
1.25
1.05
0.90
0.84
0.74
0.63
0.73
0.98
1.75
1.54
1.45
1.13
1.09
0.96
1.16
1.22
1.29
1.16
1.37
1.25
1.79
1.44
1.41
1.35
1.93
1.74
1.75
2.18
2.11
2.26
2.24
2.09
2.32
2.30
2.03
1.95
2.26
2.97
2.84
3.36
3.17
3.81
3.30
3.72
4.16
3.83
3.37
2.75
2.93
2.67
2.29
1.94
1.80
1.69
1.50
1.33
1.66
1.37
1.19
0.97
0.92
0.76
0.83
0.76
0.76
0.74
