2.89
2.87
2.83
3.09
3.02
4.17
4.03
4.58
4.77
4.80
4.78
4.48
4.30
3.43
3.28
2.71
2.90
2.97
2.80
2.66
2.39
2.19
2.47
2.49
2.08
1.74
1.52
1.56
1.62
1.86
2.10
2.09
2.20
2.06
1.80
1.96
1.81
2.28
2.16
2.15
2.03
2.12
2.29
2.41
2.60
2.83
2.27
1.96
1.98
2.01
1.84
2.40
3.53
3.26
3.40
3.08
2.74
2.90
2.39
3.04
3.14
3.76
3.82
3.87
4.49
4.03
3.73
3.35
3.18
3.33
2.76
2.83
3.28
3.65
2.93
2.37
2.06
1.82
1.58
1.39
1.36
1.54
1.38
2.40
4.11
3.16
2.90
2.63
2.51
2.32
2.34
2.54
2.29
2.83
2.73
2.99
2.99
3.34
3.77
3.02
2.70
2.24
2.22
2.78
3.32
3.20
3.85
3.62
2.96
2.62
3.35
3.05
3.23
3.25
3.26
3.80
3.40
3.86
4.01
3.78
3.54
3.46
2.90
2.33
2.22
1.89
1.90
1.89
1.74
1.42
1.22
1.05
1.14
1.15
1.22
1.07
1.19
1.25
1.41
1.96
1.74
1.77
1.74
1.77
1.86
2.16
2.77
2.59
3.13
3.01
2.97
3.28
3.05
2.95
2.59
3.38
3.45
4.45
4.77
4.14
4.09
3.84
3.30
2.84
3.02
2.91
2.77
2.82
2.31
1.93
2.30
2.82
3.00
3.05
3.28
3.05
3.41
3.25
2.93
3.94
3.48
3.33
3.15
2.61
2.36
2.58
2.02
1.85
2.10
2.41
2.62
2.32
2.53
2.31
3.06
2.69
2.32
3.22
2.58
3.17
3.31
3.10
3.78
2.96
3.21
2.97
2.74
2.76
3.22
3.41
3.41
3.62
4.24
4.37
4.79
4.79
4.56
4.78
4.81
4.22
4.65
4.46
3.78
3.70
3.24
2.85
2.98
2.74
2.34
2.06
2.36
2.18
2.03
2.24
1.66
1.68
1.62
2.05
1.93
1.57
1.58
1.62
2.07
2.12
2.36
2.50
2.98
2.73
2.91
2.55
2.82
2.35
3.62
3.72
3.79
4.20
3.97
3.57
4.13
4.77
4.19
3.81
4.56
4.78
4.75
4.65
4.80
4.40
4.14
3.57
4.05
4.79
4.06
3.45
3.26
3.85
3.93
3.23
3.32
3.16
2.82
3.18
2.95
2.72
2.97
2.78
3.07
2.74
2.70
3.30
3.70
3.04
2.69
2.83
2.51
2.18
2.62
2.46
2.60
3.21
2.88
2.94
2.52
3.30
3.03
2.69
2.43
2.83
2.46
2.18
1.85
2.23
2.17
2.68
2.78
2.95
3.07
3.30
3.25
3.79
2.80
3.04
2.95
3.52
3.31
3.93
4.79
4.79
4.79
4.78
4.70
4.80
4.81
4.79
4.79
4.47
4.80
4.76
4.35
3.64
3.27
3.87
4.15
3.80
3.29
3.06
2.94
2.69
2.91
3.46
3.80
4.56
4.12
4.65
3.53
2.99
3.08
2.64
2.45
2.26
2.36
2.51
3.44
3.41
4.13
3.63
3.40
4.02
4.57
4.19
4.08
3.09
2.88
2.74
2.69
2.95
2.82
2.85
2.27
2.21
3.38
2.68
2.83
2.44
2.68
2.83
2.91
3.27
4.14
3.90
3.45
3.79
4.80
4.80
4.79
4.80
4.77
4.84
4.74
4.80
4.77
4.78
4.78
4.79
4.79
4.80
4.79
4.05
4.55
3.91
3.85
3.90
3.38
3.46
4.12
4.36
3.45
4.24
3.04
2.66
2.55
2.43
2.02
2.49
1.95
2.17
1.83
2.09
1.82
1.97
2.55
3.22
2.53
3.08
3.38
3.05
2.46
2.10
1.88
2.29
1.96
2.44
2.85
2.53
2.52
3.05
2.32
2.16
2.48
2.02
1.88
1.45
1.28
1.54
1.52
1.95
1.90
1.88
1.78
1.51
1.30
1.64
1.35
1.16
1.07
1.35
1.09
1.16
1.17
0.98
0.86
0.78
0.78
0.68
0.70
0.65
0.59
0.58
0.58
0.65
0.59
0.55
0.54
0.56
0.54
0.56
0.49
0.54
0.55
0.54
0.52
0.55
0.51
0.53
0.54
0.47
0.50
0.49
0.51
0.52
0.53
