0.48
0.45
0.48
0.49
0.52
0.52
0.58
0.59
0.66
0.62
0.58
0.51
0.54
0.54
0.49
0.50
0.43
0.49
0.51
0.49
0.48
0.49
0.50
0.47
0.47
0.48
0.50
0.47
0.48
0.50
0.49
0.50
0.48
0.48
0.47
0.63
0.73
0.75
0.88
0.93
1.24
1.57
1.66
2.39
2.51
2.80
3.55
3.04
3.26
3.42
3.62
3.14
3.34
3.68
4.20
3.72
3.80
4.18
4.29
4.03
4.09
3.34
3.26
3.94
3.52
3.83
3.00
2.83
2.82
2.61
2.55
2.62
2.49
2.13
1.87
1.54
1.31
1.28
1.64
2.23
2.01
2.44
2.64
2.63
2.08
2.73
3.21
2.83
3.40
3.14
2.62
2.37
2.23
2.14
2.27
2.94
2.83
2.83
2.54
2.65
2.86
2.27
2.12
2.15
2.58
2.72
3.60
4.07
3.75
3.60
3.43
3.04
2.82
3.52
3.69
3.61
3.11
2.84
2.70
3.40
3.52
3.34
3.30
3.34
3.28
3.07
2.92
2.91
2.48
2.07
1.88
1.65
1.59
1.47
1.66
1.68
1.77
1.83
1.70
1.70
1.87
1.65
1.52
1.61
1.93
1.80
1.66
1.71
1.81
2.37
2.24
2.12
2.01
2.35
2.80
2.20
2.11
2.39
2.32
2.56
2.30
3.22
2.93
3.70
3.60
3.63
3.86
4.00
4.60
4.79
4.01
3.66
3.89
4.37
4.12
4.11
3.70
3.50
3.03
2.94
2.83
3.68
3.46
3.59
3.16
3.47
3.27
3.10
2.80
2.99
2.85
2.40
2.89
2.40
1.94
1.56
1.30
1.23
1.33
1.67
1.64
1.79
2.13
2.61
2.63
2.80
3.14
3.04
2.74
2.64
2.28
2.46
2.87
2.37
2.47
2.84
2.30
2.76
2.63
2.40
2.61
2.30
3.08
2.80
2.57
2.28
1.81
1.63
1.79
2.60
2.80
3.35
3.20
3.27
4.13
4.80
4.79
4.79
4.79
4.81
4.79
4.80
4.51
4.84
3.77
3.08
3.27
3.22
3.72
3.63
3.79
3.65
3.36
3.46
3.27
3.57
4.37
3.44
3.60
2.81
2.40
2.39
2.22
2.34
1.81
1.77
1.52
1.68
1.76
2.27
2.24
3.04
3.37
3.34
2.58
2.82
2.23
2.38
2.10
2.30
2.40
2.34
2.24
2.15
2.28
2.20
2.14
2.10
2.63
2.44
2.29
2.31
2.01
2.02
2.29
2.02
2.19
2.36
2.42
2.24
2.05
1.89
2.03
3.42
2.98
4.35
3.80
4.71
3.69
4.06
4.69
4.80
4.50
4.80
4.78
4.56
4.78
4.80
4.81
4.83
4.71
4.34
4.19
4.55
4.80
4.68
4.70
4.40
4.17
3.76
4.36
4.63
4.82
4.61
4.82
4.34
3.62
3.85
3.83
3.20
3.00
2.83
2.68
2.41
1.98
2.11
2.03
1.82
1.86
3.07
2.92
2.77
3.51
2.91
2.98
2.24
3.21
2.42
1.92
2.11
2.21
2.28
2.76
2.80
3.85
3.03
2.54
2.37
2.62
2.74
2.47
2.82
3.06
3.13
3.36
2.85
2.38
2.02
1.69
1.58
1.33
1.36
1.51
1.40
1.48
1.72
1.61
1.67
1.31
1.20
1.02
0.93
0.84
0.81
0.76
0.70
0.67
0.52
0.56
0.61
0.60
0.56
0.53
0.48
0.51
0.52
0.48
0.49
0.50
0.49
0.50
0.50
0.55
0.51
0.53
0.54
0.52
0.55
0.51
0.50
0.51
0.52
0.51
0.51
0.47
0.50
0.52
0.48
0.50
0.50
0.50
0.47
0.48
