0.51
0.47
0.49
0.49
0.50
0.47
0.46
0.49
0.49
0.48
0.48
0.46
0.53
0.59
0.63
0.87
1.02
1.59
2.48
3.20
2.75
2.45
2.69
2.67
2.48
3.07
2.62
2.78
2.79
3.08
2.76
2.68
2.74
3.49
2.97
3.08
3.14
2.85
2.70
2.63
2.57
2.75
2.86
2.60
2.52
2.52
2.17
2.04
2.15
2.35
2.39
2.53
2.45
2.62
2.36
3.20
3.62
3.10
2.82
2.43
2.54
2.12
2.06
1.83
1.90
1.90
2.01
2.51
2.79
2.53
2.05
2.23
2.93
3.02
2.80
2.26
2.78
2.72
3.72
3.48
3.30
2.91
3.49
3.43
3.34
3.48
3.06
3.92
3.39
3.33
2.97
2.72
2.88
3.12
2.80
3.24
3.50
3.87
3.75
3.58
2.83
2.56
2.29
1.96
1.58
1.48
1.21
1.04
1.14
1.13
1.28
1.23
1.57
1.53
1.77
2.22
2.76
2.87
2.28
2.72
2.77
3.13
2.85
2.49
2.49
2.54
2.29
2.43
3.47
3.49
2.98
2.67
2.93
2.95
2.39
3.07
2.59
2.60
2.59
3.53
3.75
4.58
4.79
4.00
3.94
3.19
3.25
3.37
3.49
3.35
3.53
3.17
3.00
2.68
3.05
3.09
3.08
2.89
3.31
2.94
2.98
2.94
3.57
3.66
3.03
2.46
2.76
2.69
2.53
2.98
2.61
2.20
1.88
1.98
1.61
1.43
1.39
1.31
1.29
1.28
1.25
1.52
1.94
2.36
2.75
2.60
2.49
2.31
2.71
2.71
2.48
2.01
2.11
1.93
2.12
2.96
3.63
3.10
2.85
2.79
2.64
2.10
2.11
2.34
2.05
2.00
1.74
1.82
2.58
3.06
3.12
2.88
3.56
3.55
3.66
4.08
4.74
4.80
4.76
4.78
4.77
4.30
4.40
3.89
4.13
4.26
3.35
3.43
3.36
3.28
3.00
2.93
3.50
3.80
3.40
3.98
3.27
3.09
3.57
3.82
3.77
3.53
3.43
3.37
3.34
3.60
3.09
2.87
2.55
2.39
2.83
2.45
2.69
3.02
3.02
3.31
3.23
3.63
3.71
4.40
3.41
3.06
2.57
2.77
2.94
3.59
3.20
3.36
2.89
2.28
2.22
2.27
2.06
1.84
2.51
1.94
2.13
2.09
2.07
1.93
2.61
3.11
2.91
2.78
3.58
3.62
3.13
3.97
3.80
4.66
4.52
4.71
4.57
4.52
4.73
4.53
4.78
4.80
4.71
4.62
4.58
3.96
3.96
3.58
3.14
3.20
3.60
3.23
3.48
2.79
3.96
3.62
3.55
2.78
2.83
2.18
3.07
2.66
2.25
2.36
2.55
2.25
2.17
2.09
2.17
1.83
2.01
1.97
1.78
1.54
2.13
2.52
2.49
3.43
3.77
3.05
3.50
2.89
2.60
2.52
2.44
2.72
3.90
3.92
4.20
4.41
3.96
2.99
3.59
3.06
3.02
2.33
2.29
2.23
1.99
1.95
1.97
2.30
2.19
1.81
2.02
