0.47
0.49
0.49
0.47
0.48
0.55
0.58
0.62
0.68
0.93
1.14
1.47
1.63
1.62
1.99
2.59
2.69
2.39
2.65
3.26
3.26
2.93
2.77
2.86
2.49
2.04
1.95
2.47
2.74
3.29
4.13
3.26
3.39
3.33
2.83
2.94
2.58
2.64
2.90
3.13
3.35
3.61
3.60
3.18
3.42
3.22
3.11
2.66
2.57
2.13
1.87
2.22
2.67
2.49
2.93
2.81
3.40
3.26
3.08
2.99
2.96
2.75
2.67
3.03
3.08
2.41
2.31
2.16
2.72
3.04
3.63
3.39
3.17
3.32
3.04
3.30
2.98
3.03
3.52
3.88
3.64
3.67
3.21
3.49
3.38
3.36
2.83
2.67
2.61
2.20
2.62
2.71
3.04
2.99
3.44
3.28
2.90
2.70
2.77
2.28
2.37
2.66
3.26
2.77
2.77
3.17
3.05
3.04
2.98
2.47
2.62
2.74
2.91
2.46
2.42
2.40
2.18
2.13
2.17
2.34
2.13
2.05
2.12
2.04
2.33
2.09
2.56
3.05
2.80
3.11
3.18
2.76
2.64
2.88
3.57
4.13
4.75
4.61
4.16
3.76
3.70
3.79
3.45
3.03
2.80
2.79
2.43
2.41
2.78
3.48
3.22
3.63
3.57
3.49
3.16
3.63
3.28
2.92
2.81
2.35
2.88
3.00
2.97
3.01
3.29
2.99
3.19
3.26
2.93
3.39
3.21
3.28
3.44
3.63
3.69
4.21
4.35
4.42
4.79
4.78
4.54
4.38
3.62
3.91
3.02
2.62
2.53
1.97
2.37
2.23
2.40
2.83
3.24
2.97
3.59
3.30
3.11
3.05
3.46
3.73
3.05
2.70
2.85
2.40
2.01
2.47
2.69
3.06
2.90
3.38
2.81
2.60
2.84
2.93
3.00
2.82
2.92
2.83
2.90
3.55
4.11
4.23
4.13
4.11
4.80
4.01
4.11
3.62
3.68
4.57
4.04
3.22
3.43
4.79
4.56
4.80
4.79
4.80
4.60
4.01
3.65
3.23
3.61
3.52
3.36
3.71
4.28
4.23
3.97
3.49
3.76
4.02
4.56
4.25
3.95
4.19
4.35
4.32
4.37
4.02
4.10
3.14
2.60
2.74
2.32
2.25
2.41
3.48
3.45
3.20
3.39
2.98
3.02
3.34
2.91
2.92
2.87
2.48
2.74
2.46
2.33
1.99
2.33
2.01
2.41
3.27
3.46
3.06
3.52
3.13
3.00
2.76
2.96
2.81
2.99
2.72
2.67
2.12
2.14
2.21
2.04
2.10
2.10
2.02
2.30
2.84
4.04
4.79
4.77
4.77
4.79
4.80
4.79
4.76
4.79
4.80
4.80
4.80
4.79
4.16
3.26
3.40
3.38
3.08
3.69
3.89
4.55
4.46
4.39
4.41
4.37
4.05
4.04
3.31
3.70
3.66
3.71
3.47
3.68
4.05
4.80
4.74
4.80
4.77
4.57
3.95
3.48
2.96
2.61
2.97
2.78
3.02
2.99
3.00
2.64
2.53
3.31
3.16
2.86
2.26
2.55
2.41
3.31
2.54
2.89
4.43
4.46
4.75
4.03
3.15
2.71
2.43
2.19
2.22
1.97
2.02
2.27
1.91
2.21
1.94
2.23
1.91
1.82
1.74
2.09
2.07
2.23
2.69
2.84
2.31
2.32
1.96
1.98
1.91
1.39
1.06
1.12
1.02
0.79
0.70
0.66
0.57
0.62
0.51
0.50
0.51
0.51
0.51
0.48
0.49
0.51
0.53
0.44
0.50
0.50
0.52
0.47
