0.61
0.84
1.33
1.24
1.68
1.67
1.62
1.84
1.99
2.23
2.37
2.51
2.56
2.52
2.36
2.36
2.44
2.67
2.35
2.04
2.43
2.13
2.45
2.87
2.85
2.99
2.81
2.67
2.70
3.07
2.60
2.39
2.32
2.77
2.28
2.20
2.19
2.84
2.63
3.17
3.37
2.97
2.91
2.59
2.51
2.25
2.77
2.54
2.63
3.03
3.01
2.94
2.89
3.12
3.26
3.08
2.77
2.68
2.44
2.02
2.01
2.31
2.47
2.25
1.97
1.98
1.83
2.13
1.95
2.61
2.28
2.61
2.83
2.67
2.09
2.47
2.89
2.58
2.58
3.50
3.42
3.02
2.52
2.55
3.07
4.23
3.80
3.35
3.15
3.19
3.28
2.89
3.14
3.41
3.43
3.27
2.86
3.22
3.15
3.13
3.54
4.14
4.08
3.35
3.76
4.29
4.31
3.81
3.97
3.58
3.78
4.00
3.53
3.89
3.52
3.29
2.96
3.41
4.24
4.07
3.95
4.25
3.58
3.75
4.10
3.16
2.64
2.14
1.78
1.69
1.68
1.85
1.77
1.72
1.57
1.92
2.25
2.23
2.55
3.23
2.72
3.68
3.23
3.86
3.70
3.36
3.20
3.60
3.59
3.57
4.40
3.45
3.28
3.12
3.08
2.76
2.68
2.89
2.93
3.18
3.04
2.95
2.51
2.74
3.26
2.66
2.83
2.79
2.41
3.29
3.17
3.13
3.62
3.72
3.45
3.22
3.49
4.00
4.72
4.13
3.83
4.54
4.45
4.26
4.40
3.70
4.11
3.42
3.82
3.05
3.46
2.90
2.41
2.86
3.76
3.93
4.12
3.82
3.18
3.16
2.73
3.13
3.38
2.80
2.89
3.70
3.40
2.84
3.41
2.91
3.04
2.90
2.54
2.64
3.38
3.03
3.20
3.22
2.84
3.28
3.77
4.23
4.04
3.38
4.23
3.76
3.40
2.82
2.68
2.71
3.34
4.38
4.48
4.78
4.82
4.77
4.80
4.73
3.75
3.81
4.21
4.14
3.73
3.39
2.83
3.09
3.62
3.21
2.88
3.56
3.75
3.65
3.38
3.98
3.65
3.13
4.25
3.79
3.34
3.31
2.91
2.23
2.10
1.76
2.29
1.83
2.71
2.44
3.65
2.81
3.59
3.40
3.51
3.54
3.04
3.03
3.24
3.39
3.59
3.13
2.74
2.41
2.14
2.03
2.37
2.30
1.79
2.11
2.03
1.96
2.13
2.06
1.82
1.76
2.38
2.73
2.37
3.36
3.89
4.10
4.29
3.52
3.83
4.80
4.51
3.56
3.59
3.83
4.61
4.57
3.96
3.60
3.04
3.75
3.53
3.25
2.77
3.02
2.90
3.35
3.28
2.92
3.05
3.50
3.93
4.72
4.80
4.78
4.57
4.34
3.60
3.55
3.18
2.54
3.03
2.95
2.75
2.66
2.72
3.35
3.20
3.72
3.52
3.08
3.96
3.34
3.49
3.65
3.54
3.41
3.42
3.99
4.59
4.45
4.15
3.85
3.55
4.19
3.64
3.54
3.84
3.16
2.83
2.39
2.03
2.22
2.25
2.08
1.85
1.62
2.26
1.89
1.85
2.18
1.79
1.57
1.52
1.50
1.58
1.79
1.74
1.45
1.41
1.55
1.30
1.55
1.53
1.43
1.33
1.13
1.00
0.97
0.83
0.72
0.64
0.59
