0.46
0.55
0.67
0.76
1.06
1.22
1.58
1.84
1.90
2.37
2.51
2.64
2.86
2.97
3.43
2.76
2.46
2.01
2.28
2.54
3.01
3.48
3.16
2.61
2.83
2.66
2.41
2.54
2.61
3.45
3.11
2.69
2.90
2.88
2.63
2.31
2.02
1.92
1.76
1.87
2.44
2.31
2.02
2.11
2.16
2.31
2.64
2.73
2.79
3.02
2.92
2.72
3.18
3.17
3.04
2.47
2.25
1.97
1.92
1.82
1.66
1.83
1.85
1.65
1.75
1.93
1.96
2.02
2.22
2.89
3.05
3.43
3.10
3.10
2.72
2.68
2.42
2.58
2.25
2.72
2.78
2.90
2.56
2.40
2.95
2.36
2.73
2.61
2.85
3.19
2.63
3.01
2.90
2.95
2.58
3.14
2.83
2.59
2.33
1.88
1.62
1.47
1.34
1.21
1.48
2.13
2.66
2.72
2.78
3.09
3.64
3.23
3.04
3.19
3.02
3.05
2.78
2.90
3.66
3.46
3.51
2.98
2.85
2.80
2.69
2.45
2.39
2.87
2.66
2.77
2.21
2.84
3.74
3.71
3.04
3.62
4.05
4.80
4.58
4.18
3.40
3.18
3.00
3.11
2.57
2.38
2.58
2.89
2.60
2.08
2.01
2.46
2.59
2.92
3.31
3.05
3.34
2.86
2.75
2.40
2.29
2.26
2.22
1.82
1.82
2.16
2.03
1.91
2.11
2.08
2.88
2.95
2.71
2.69
3.49
3.81
4.22
3.38
3.66
3.90
4.36
4.29
3.75
3.44
2.81
2.67
2.36
2.44
2.12
2.22
2.08
1.73
2.67
2.02
1.93
1.79
2.11
2.63
2.72
3.05
3.53
3.64
3.08
3.69
3.92
3.08
2.89
3.19
3.52
4.62
3.87
3.39
2.85
3.01
2.39
3.02
3.40
2.94
3.18
2.67
3.02
4.10
3.77
3.73
3.64
3.27
3.62
4.50
4.40
3.59
4.08
4.02
3.71
4.38
4.60
4.26
3.49
3.05
2.76
2.15
1.90
1.83
1.91
2.17
2.24
2.89
2.57
2.61
2.81
3.06
3.10
3.82
4.44
3.64
3.44
3.27
3.96
4.10
4.57
4.12
3.36
2.71
2.57
2.26
2.16
2.28
2.99
2.81
2.92
2.51
2.29
2.18
2.58
3.01
3.16
3.49
3.56
4.19
4.80
4.79
4.79
4.77
4.82
4.67
4.14
4.01
3.48
3.98
3.81
4.65
4.53
4.21
3.63
3.17
3.05
3.17
3.41
4.19
3.47
3.43
3.46
3.62
3.24
3.64
3.38
4.23
4.49
4.01
3.82
3.33
3.83
4.25
4.63
4.82
4.46
4.35
4.44
4.79
4.79
4.79
4.79
4.44
4.03
3.70
3.99
4.77
4.55
4.59
4.01
4.72
4.41
3.91
3.55
2.99
2.76
2.57
2.49
2.80
2.57
3.22
2.83
3.81
3.55
4.20
3.45
3.01
2.95
3.08
2.92
2.94
2.91
3.27
3.95
4.53
4.39
4.57
4.43
4.35
3.52
2.93
2.79
2.30
1.82
1.54
1.28
1.37
1.29
1.27
1.23
1.25
1.06
1.08
1.06
1.24
0.98
1.06
0.90
0.84
0.77
0.78
0.76
0.71
0.72
0.70
0.74
0.71
0.73
0.73
0.72
0.68
0.68
0.66
0.63
0.64
0.62
0.61
