0.59
0.57
0.59
0.72
1.58
1.73
1.71
1.79
2.01
1.66
1.52
1.53
1.47
1.40
1.39
1.39
1.40
1.37
1.46
1.76
1.53
1.67
1.64
1.74
2.15
2.03
1.83
2.20
2.17
2.23
2.67
3.34
2.96
3.14
4.24
3.80
3.54
3.64
4.41
3.50
3.50
2.96
2.40
1.75
1.64
1.66
2.10
1.78
1.83
1.66
1.49
1.40
1.49
1.53
1.55
2.05
1.63
1.73
2.06
2.62
2.23
2.06
2.01
2.58
2.49
2.54
2.19
2.73
2.70
2.94
2.47
2.16
1.98
2.10
2.15
1.66
1.59
1.52
1.93
1.80
2.18
1.73
1.79
1.94
1.77
1.81
1.92
2.11
2.60
2.40
2.91
3.02
3.32
3.87
3.75
4.11
3.59
3.89
3.91
3.50
2.87
2.14
1.96
1.63
1.59
1.47
1.61
1.38
1.66
1.73
1.45
1.52
1.56
1.97
2.04
2.04
2.25
2.35
2.30
2.43
2.12
2.17
1.93
1.98
2.32
1.84
1.89
2.11
2.04
2.02
1.91
1.78
1.77
2.16
2.08
1.84
1.64
1.58
1.86
2.09
2.61
2.55
3.02
2.61
2.59
2.39
2.31
2.40
2.27
2.56
2.85
3.25
2.95
4.06
3.73
3.73
4.04
3.57
3.06
2.89
2.51
2.03
2.07
1.97
1.70
1.70
1.74
1.72
1.57
1.49
1.49
1.83
1.96
1.89
1.91
2.13
1.93
2.33
2.57
4.21
4.80
4.79
4.78
4.42
3.92
3.62
3.29
3.11
3.09
2.87
3.03
3.20
3.00
2.79
2.83
2.96
2.61
2.85
2.72
2.91
3.13
2.82
2.87
2.70
2.66
3.06
2.80
3.89
3.97
4.22
4.09
4.02
4.78
4.73
3.98
3.77
4.57
4.76
4.80
4.43
3.73
3.02
2.63
2.37
2.34
2.17
2.27
2.24
2.18
2.10
2.06
1.96
1.89
1.80
2.08
2.61
2.45
2.23
2.37
2.39
1.90
1.81
1.72
2.24
2.19
2.41
2.23
2.21
2.41
2.73
2.88
2.96
2.71
2.53
2.51
2.37
3.16
3.33
3.52
3.17
2.57
2.60
2.44
3.34
3.37
3.41
3.69
4.08
3.75
3.67
3.86
3.90
3.81
3.92
4.22
4.82
4.45
4.29
3.36
2.81
2.08
1.49
1.37
1.14
1.03
1.09
1.10
1.37
1.31
1.33
1.44
1.74
1.64
1.70
1.57
1.90
1.96
2.31
2.33
2.71
3.09
2.59
2.85
2.73
2.51
2.57
2.75
2.36
2.39
2.45
2.14
2.31
2.40
2.35
2.56
3.08
3.10
3.75
3.91
3.28
3.45
3.22
3.53
4.79
4.79
4.79
4.79
4.82
4.17
3.71
3.48
4.59
4.35
3.88
3.22
2.51
1.90
1.45
1.14
1.12
1.09
1.36
1.36
1.23
1.25
1.19
1.74
1.69
1.66
1.79
2.14
2.21
2.22
2.01
2.07
1.80
2.23
2.55
2.59
2.65
2.67
2.58
2.56
2.93
3.00
3.19
3.31
2.94
2.83
2.62
2.54
3.50
3.53
3.39
2.87
3.11
3.20
3.20
3.06
3.14
2.94
3.67
4.56
4.74
4.79
4.69
4.33
4.02
3.74
4.05
3.76
4.19
3.36
2.32
1.70
1.48
1.46
1.25
1.31
1.83
1.85
1.80
2.09
1.95
2.00
1.62
2.54
2.59
2.38
2.17
2.18
2.93
3.78
2.80
3.26
3.05
3.39
3.34
2.97
3.91
3.34
2.97
3.00
3.40
2.76
2.48
2.46
3.04
3.09
2.83
2.28
2.60
2.31
2.93
3.46
4.43
4.53
4.18
3.65
4.67
4.80
4.70
4.80
4.08
3.91
3.72
4.06
4.26
3.85
2.99
2.17
1.63
1.26
1.14
1.00
1.17
1.37
1.93
2.10
2.42
2.38
1.95
2.19
1.93
1.69
1.98
1.93
2.18
2.14
2.09
1.90
2.03
2.04
3.20
3.13
3.15
3.85
3.20
2.66
2.67
2.23
2.23
2.16
2.68
2.75
2.66
2.68
2.80
3.27
3.16
2.85
2.58
2.03
1.61
