2.26
2.17
2.21
2.20
2.24
2.73
2.98
3.26
3.16
3.46
3.28
2.89
2.84
3.08
3.21
3.40
3.73
3.31
3.05
2.35
1.81
1.61
1.39
1.44
1.41
1.60
1.53
1.41
1.51
1.36
1.29
1.34
1.24
1.20
1.15
1.44
1.25
1.66
1.64
2.01
1.68
1.72
1.91
1.72
1.65
1.82
2.00
1.74
1.96
2.17
2.42
2.07
2.19
1.92
2.17
2.51
2.88
2.89
2.35
3.52
3.39
2.95
2.97
3.41
3.21
3.13
3.04
3.74
3.42
3.50
4.02
4.37
3.97
3.08
3.00
2.20
1.98
1.85
1.62
1.44
1.44
1.56
1.88
1.94
1.62
1.30
1.30
1.31
1.83
1.95
1.86
2.22
2.02
1.77
1.73
1.69
1.96
2.28
2.07
1.88
1.96
2.38
2.18
2.12
1.82
1.61
1.49
1.92
1.84
2.19
2.34
2.11
2.33
2.46
2.74
2.50
2.64
3.48
4.21
3.63
3.76
4.62
4.04
3.43
4.14
4.10
4.65
4.13
4.79
4.40
3.94
2.99
2.45
2.10
1.90
2.04
2.00
2.03
1.63
1.58
1.79
1.88
2.16
2.18
2.33
1.99
2.11
2.53
2.13
2.05
2.00
2.14
1.89
1.75
1.86
1.95
2.38
2.45
2.74
2.44
2.32
2.04
2.03
2.06
2.29
2.80
2.60
2.17
2.52
2.67
3.74
3.40
3.07
3.24
3.17
3.11
3.39
3.87
3.38
3.90
4.09
4.02
4.77
4.77
3.91
4.79
4.75
4.61
3.47
3.27
2.37
1.90
1.58
1.47
1.63
1.56
2.56
2.31
2.43
2.81
2.88
3.03
3.74
3.22
2.83
2.87
2.67
2.39
2.07
2.31
2.51
2.59
2.54
2.76
2.64
2.33
2.12
1.89
1.94
1.90
1.89
1.87
2.05
2.83
2.63
2.19
2.32
2.75
2.92
3.26
4.05
3.59
3.47
3.44
4.56
4.77
4.77
4.79
4.79
4.78
4.79
4.77
4.62
4.09
2.88
2.17
1.58
1.42
1.30
1.28
1.42
1.65
1.59
1.58
1.55
2.37
2.14
2.31
2.66
2.79
2.34
1.90
1.56
1.86
1.75
1.94
2.13
1.78
1.69
1.64
1.58
1.47
1.93
1.54
1.76
1.82
2.04
1.56
2.00
1.94
2.48
2.61
2.33
2.85
2.49
3.19
2.96
3.44
3.73
3.50
3.50
4.13
4.20
3.97
4.54
4.79
4.78
4.79
4.16
3.99
3.13
2.39
1.87
1.61
1.83
2.15
2.21
2.60
2.44
2.67
2.71
2.58
2.44
2.25
2.24
2.34
2.03
2.24
2.02
1.62
2.14
2.50
2.45
2.09
2.43
2.26
2.00
2.22
1.96
2.56
2.22
2.45
2.17
2.54
2.43
2.73
3.08
3.00
2.88
4.15
3.40
3.41
3.47
4.22
4.12
4.54
4.35
4.82
4.67
4.71
4.12
4.82
4.78
4.80
4.77
4.66
4.79
4.78
4.79
3.95
3.33
2.90
2.18
1.94
1.67
1.57
1.66
2.68
2.87
2.43
2.23
2.29
2.67
2.74
2.45
2.35
1.89
1.97
1.70
1.72
1.98
2.38
2.44
3.04
2.85
3.73
2.72
2.47
1.96
2.47
1.97
1.78
2.83
3.57
3.26
2.82
2.84
2.45
3.35
3.02
2.68
2.37
2.67
2.52
2.64
2.41
2.52
2.12
1.93
2.18
