1.83
1.53
1.75
1.82
2.34
2.65
2.07
2.34
2.30
1.98
1.84
2.01
2.76
2.74
3.02
2.70
3.05
2.63
3.14
3.37
3.04
2.81
3.16
3.44
3.57
4.24
4.12
4.20
3.16
2.39
2.27
1.97
1.82
1.78
1.70
1.57
2.08
2.04
2.33
2.11
2.18
1.90
1.91
1.58
1.98
1.91
1.93
1.86
2.17
1.89
2.04
2.25
1.99
1.57
1.52
1.93
1.91
2.26
2.12
1.89
2.07
2.05
1.91
3.13
3.80
4.54
4.09
4.20
4.31
4.24
4.04
3.93
4.24
4.57
4.78
4.77
3.69
2.66
1.95
1.56
1.28
1.17
1.18
1.16
1.01
1.20
1.17
1.40
1.27
1.70
1.51
1.75
1.67
1.69
2.45
2.22
1.96
2.03
1.82
1.40
1.41
1.51
1.67
1.91
2.03
1.93
3.11
2.74
2.93
3.01
2.60
2.79
2.35
3.26
3.62
4.58
4.75
4.80
4.77
4.63
4.79
4.77
4.77
4.79
4.79
4.08
3.68
2.93
2.26
1.78
1.47
1.27
1.18
1.27
1.25
1.16
0.94
0.97
1.04
1.23
1.37
1.96
1.71
1.73
1.90
2.32
2.25
1.90
1.97
1.64
1.78
1.84
2.45
2.52
1.97
2.33
2.64
2.84
2.63
2.48
3.05
3.07
2.79
3.09
3.15
3.05
3.75
3.06
3.12
4.56
4.81
4.80
4.80
4.79
4.79
4.48
3.92
2.95
2.30
1.83
1.65
1.84
1.67
1.48
1.62
1.73
2.49
2.17
2.58
2.60
2.28
2.61
2.94
3.16
3.26
2.84
2.51
2.48
2.41
2.41
2.61
2.88
2.66
2.53
3.88
3.00
3.86
3.90
3.35
3.21
2.77
3.56
3.26
3.27
2.86
2.92
3.63
4.66
4.23
4.78
4.79
4.79
4.79
4.20
3.13
2.41
1.83
1.61
1.53
1.60
1.72
2.17
2.58
2.83
3.04
3.44
2.80
2.83
3.56
4.15
3.83
3.26
3.07
3.20
2.83
2.92
2.48
2.45
1.96
2.72
3.00
2.67
2.62
2.66
3.04
2.74
2.88
4.79
4.39
4.73
4.80
4.52
4.79
4.79
4.73
4.75
4.30
4.51
4.79
4.80
4.77
4.82
4.79
4.82
4.32
3.30
2.65
1.93
1.70
1.47
1.77
2.05
2.86
2.83
2.77
2.10
2.46
2.25
2.26
2.49
2.59
2.77
2.79
2.83
3.06
3.68
2.93
2.78
2.39
2.29
2.18
2.75
2.56
2.14
2.16
2.65
2.18
2.52
2.26
2.16
2.11
2.01
2.35
2.52
4.61
3.65
3.46
3.28
4.79
4.79
4.79
4.80
4.77
4.82
4.79
4.80
4.79
4.78
4.82
4.79
4.80
4.34
3.53
2.46
1.77
1.45
1.19
1.41
1.81
2.54
2.89
3.97
3.59
3.64
3.16
2.71
2.56
1.87
2.25
1.98
1.61
1.58
1.57
1.73
1.75
1.59
2.17
2.57
3.19
2.44
2.83
2.36
2.39
2.95
2.44
2.48
2.29
1.99
1.99
2.24
2.42
3.11
2.58
2.73
2.46
2.59
2.23
2.46
2.95
2.66
2.74
2.65
2.05
1.95
