0.89
1.02
1.17
1.09
1.41
1.51
1.35
1.16
1.65
1.71
1.68
1.58
1.41
1.58
1.75
2.49
2.15
2.71
2.52
2.45
2.45
2.39
2.14
2.40
2.04
2.05
2.37
2.79
2.86
3.22
3.33
3.31
2.84
3.08
3.70
3.32
3.69
4.15
4.61
4.41
4.14
2.87
2.10
1.74
1.37
1.70
1.72
1.49
2.11
2.99
2.81
2.28
2.10
2.19
1.99
1.94
1.94
1.86
1.74
1.80
2.03
1.98
1.86
1.65
1.74
1.45
1.35
1.34
1.23
1.24
1.39
1.39
1.28
2.04
2.05
2.23
2.72
3.12
3.16
2.79
2.58
2.86
2.40
3.04
3.45
3.55
3.72
3.67
4.57
4.73
4.79
4.50
4.33
3.58
2.73
1.98
1.46
1.44
1.35
1.49
1.62
1.62
1.68
1.81
2.07
2.47
2.09
2.23
2.10
1.76
2.08
2.22
3.21
2.78
2.70
3.08
3.14
3.21
2.74
2.39
1.87
1.91
1.98
1.93
2.30
2.47
3.15
2.67
2.24
2.45
2.90
2.92
3.60
3.30
3.72
3.22
3.93
4.76
4.79
4.79
4.79
4.79
4.75
4.20
3.42
3.04
2.24
1.70
1.48
1.52
1.65
1.98
2.14
1.91
3.14
3.06
2.91
2.44
2.97
2.95
2.57
3.25
2.71
2.92
2.77
2.48
2.40
2.26
2.75
2.99
2.43
2.11
2.33
2.08
2.15
2.65
2.90
3.02
3.54
3.66
3.31
3.04
2.69
2.76
2.92
3.81
4.01
4.80
4.78
4.79
4.79
4.84
4.27
4.11
4.30
4.83
4.42
3.29
2.83
2.17
2.14
2.73
3.45
3.09
3.19
3.78
3.37
3.64
3.57
3.77
3.13
3.00
2.84
3.59
3.30
4.07
3.31
3.63
3.32
4.03
4.64
4.50
3.95
3.75
3.96
4.32
3.84
3.53
4.14
4.00
4.60
4.81
4.77
4.81
4.75
4.80
4.18
3.83
3.63
4.22
4.40
3.95
4.35
4.80
4.79
4.76
4.82
4.00
3.23
2.64
2.56
3.32
4.12
4.25
3.67
4.77
4.82
4.77
4.80
4.62
4.79
4.79
4.71
4.13
3.39
3.43
3.84
3.72
4.02
3.42
4.26
4.39
4.00
4.25
4.10
3.96
3.83
3.25
2.99
3.04
3.22
2.75
2.90
2.60
3.05
3.10
3.14
4.54
4.80
4.79
4.83
4.78
4.79
4.78
4.59
4.79
4.77
4.77
4.80
4.65
4.57
4.79
4.74
4.79
4.79
4.81
4.18
3.35
2.78
2.48
2.39
3.03
4.22
4.30
3.76
3.82
3.70
4.10
3.66
4.49
4.67
3.94
3.13
3.14
3.21
2.77
3.29
3.42
2.59
2.89
2.55
2.27
2.08
2.00
2.18
2.22
1.94
2.04
2.59
2.64
2.27
2.64
2.19
2.11
2.57
2.91
2.83
2.28
2.98
2.68
2.99
2.67
2.87
2.66
3.71
3.32
3.73
3.48
4.28
4.74
4.78
4.79
4.79
4.74
4.80
4.82
4.80
4.79
4.79
4.78
4.80
4.57
3.37
2.44
1.81
1.82
1.59
2.15
2.30
2.87
2.69
3.10
2.98
2.65
2.82
3.09
2.95
2.42
1.93
2.08
1.79
2.09
2.70
2.84
2.98
2.78
3.05
2.52
2.95
3.66
3.17
3.70
3.39
3.48
3.18
3.56
3.40
3.35
3.40
3.01
3.06
2.69
2.85
2.58
