1.97
2.28
2.13
2.10
2.41
2.21
2.50
2.54
3.23
3.07
2.37
1.94
1.78
1.77
1.75
1.59
1.57
1.31
1.17
1.10
1.25
1.17
1.18
1.07
1.02
1.00
0.90
0.87
0.70
0.64
0.69
0.69
0.86
0.75
1.27
1.58
1.14
1.28
1.22
1.33
1.21
1.12
1.37
1.09
1.42
1.19
1.32
1.08
1.30
1.18
1.13
1.52
1.65
2.00
1.73
1.75
1.83
2.11
2.17
2.31
1.92
1.99
2.06
2.10
2.33
2.09
2.21
2.07
1.95
1.89
1.82
1.60
1.37
1.58
1.49
1.40
1.37
1.19
1.10
1.00
0.86
0.75
0.67
0.60
0.58
0.50
0.48
0.62
0.58
0.59
0.60
0.74
0.68
0.64
0.73
0.77
0.90
0.76
1.00
1.06
1.15
1.12
1.33
1.20
1.25
1.33
1.73
1.70
1.78
2.04
1.96
1.77
2.29
1.97
2.00
2.08
1.92
2.00
1.85
1.71
1.93
1.73
1.51
1.37
1.30
1.20
1.14
1.15
1.11
1.44
1.46
1.73
1.61
1.39
1.23
1.14
0.93
0.76
0.65
0.59
0.54
0.47
0.60
0.59
0.65
0.56
0.65
0.59
0.59
0.56
0.67
0.72
0.70
0.79
0.91
0.98
1.09
1.23
1.31
1.27
1.56
1.62
1.48
1.88
2.06
2.13
1.89
1.88
1.97
2.20
2.80
2.74
2.22
2.14
2.02
1.68
1.74
1.59
1.46
1.50
1.52
1.52
1.42
1.32
1.32
1.35
1.28
1.27
1.06
1.01
0.84
0.78
0.76
0.72
0.69
0.68
0.61
0.57
0.66
0.79
0.71
0.70
0.78
0.83
0.97
0.96
1.09
1.11
1.17
1.40
1.37
1.10
0.88
1.01
0.85
1.13
1.49
1.83
1.91
1.76
2.02
1.80
2.11
1.76
1.64
2.10
2.43
2.31
2.30
2.49
3.44
3.59
2.89
2.44
2.34
2.33
2.35
2.17
2.56
2.54
2.61
2.52
2.52
2.14
1.80
1.57
1.28
1.00
0.89
0.78
0.63
0.66
0.81
0.87
0.79
0.84
0.87
1.02
1.13
1.40
1.38
1.17
1.26
1.19
1.50
1.33
1.30
1.72
1.79
1.80
1.47
1.46
1.39
1.45
1.98
1.95
2.43
2.58
2.39
2.43
2.93
2.71
3.11
3.39
2.95
2.79
2.65
2.52
2.17
2.51
2.60
2.40
1.95
1.90
1.94
1.76
1.43
1.28
1.13
0.99
0.99
0.95
0.93
0.86
0.74
0.69
0.65
0.56
0.53
0.57
0.60
0.74
0.73
0.95
0.98
1.22
1.35
1.46
1.39
1.78
1.35
2.21
2.03
2.60
2.38
1.88
1.70
2.23
2.51
2.41
2.41
2.61
2.90
2.75
4.21
4.07
3.84
3.16
3.41
3.52
3.23
3.21
2.84
2.81
2.62
2.84
2.23
1.87
1.56
1.28
1.14
1.11
1.06
1.03
0.87
0.87
0.81
0.77
0.72
0.66
0.58
0.52
0.51
0.65
0.63
0.70
0.70
0.78
0.97
0.89
1.33
1.22
1.29
1.27
1.47
1.41
1.53
1.30
1.28
1.07
1.66
1.61
1.52
1.59
1.44
1.24
