0.69
0.86
1.08
1.61
1.76
2.14
1.90
1.64
1.53
1.92
2.08
1.86
1.56
1.90
1.97
2.80
2.76
2.86
2.48
2.17
1.95
2.22
2.21
2.73
2.76
3.00
4.20
3.88
4.43
4.79
4.77
4.81
4.07
3.97
3.22
2.81
2.19
1.86
2.04
1.71
2.47
3.28
3.62
3.15
2.76
2.50
2.55
2.39
2.01
2.03
2.24
1.78
2.04
1.70
1.96
1.67
1.62
1.54
1.39
1.83
1.71
1.88
1.64
1.47
1.76
1.57
1.39
1.68
1.79
1.82
2.23
2.23
2.74
2.72
2.64
2.94
2.83
2.52
2.85
3.54
3.36
4.79
4.79
4.82
4.74
4.26
4.70
4.78
4.82
4.79
4.36
4.03
2.92
2.39
1.93
1.85
2.07
2.01
1.98
2.01
1.89
1.79
1.71
1.95
1.67
2.19
2.28
2.40
2.49
2.22
2.14
2.09
1.94
1.96
1.58
1.51
1.30
1.65
1.83
2.07
1.81
2.41
2.39
2.52
2.48
3.02
3.15
3.11
3.44
3.09
3.03
4.17
3.82
4.37
4.82
4.79
4.78
4.77
4.79
4.77
4.79
4.79
3.69
2.65
2.00
1.52
1.24
1.43
1.52
1.65
1.90
2.32
2.24
2.43
2.69
2.52
2.19
2.03
1.93
1.91
1.86
1.87
2.26
2.22
2.60
2.96
2.54
2.31
2.31
2.03
1.98
2.03
2.06
2.44
3.32
3.28
3.00
3.55
2.66
3.23
3.42
3.33
3.74
4.79
4.77
4.82
4.65
4.82
4.78
4.79
4.74
4.84
3.72
2.75
2.08
1.85
1.79
2.01
1.88
2.31
2.06
2.44
2.90
2.76
3.42
3.81
3.05
3.19
3.33
3.35
2.83
2.86
3.18
3.66
3.44
3.00
2.50
3.14
3.06
2.79
3.38
3.50
3.11
3.56
3.36
4.74
4.74
3.93
3.87
3.67
4.16
4.70
3.84
3.89
3.92
3.60
3.83
3.16
4.79
4.36
4.15
3.84
3.58
3.43
2.79
2.53
2.75
2.77
2.57
2.84
2.68
2.88
2.96
3.70
4.26
4.36
4.03
3.74
3.99
4.29
4.79
4.42
4.57
4.26
3.28
3.13
3.16
2.93
2.60
3.07
3.05
3.59
4.42
4.78
4.77
4.80
4.79
4.78
4.79
4.72
4.35
4.80
4.22
4.46
4.78
4.77
4.80
4.75
4.80
4.77
4.01
3.85
3.62
3.11
3.24
3.14
2.82
2.63
3.08
3.57
3.65
4.59
4.33
4.43
4.79
4.82
4.78
4.79
4.79
4.84
4.54
4.73
3.72
3.75
3.73
3.61
3.25
3.14
2.74
2.50
2.68
2.56
2.53
2.94
2.83
2.61
2.77
2.67
2.58
2.49
2.30
2.03
2.25
3.01
3.19
3.18
3.93
3.86
4.06
4.79
4.78
4.80
4.79
4.80
4.80
4.60
4.77
4.40
4.18
3.81
3.96
3.91
4.80
4.33
4.79
3.55
3.00
2.80
2.70
2.67
2.48
3.52
3.18
3.05
3.70
3.80
4.73
4.54
4.80
4.62
4.39
3.84
3.05
3.37
2.96
2.65
3.06
2.68
2.46
2.28
2.24
2.59
2.40
3.07
2.53
2.36
2.00
2.12
1.96
2.66
2.62
2.29
2.39
2.20
2.64
2.16
2.12
2.20
1.78
