0.98
1.10
1.26
1.14
1.10
0.96
1.06
1.25
1.56
1.71
1.68
1.95
2.51
2.83
3.02
3.09
3.49
3.38
3.56
3.99
3.16
3.26
3.35
3.14
3.77
3.58
3.83
3.62
4.01
4.72
4.79
3.91
3.26
3.38
3.36
3.47
3.05
3.55
2.95
3.16
3.05
3.29
2.98
3.09
2.91
2.48
2.57
2.83
3.22
3.73
4.09
4.61
4.77
4.34
4.84
4.50
4.80
4.40
3.44
3.86
3.33
3.56
3.26
2.75
2.57
2.46
1.87
2.98
2.45
2.45
2.30
2.30
2.00
1.86
1.71
2.13
2.17
2.16
1.90
2.00
2.58
2.37
3.48
3.45
3.39
3.75
3.26
3.82
4.80
4.79
4.79
4.39
4.42
4.18
4.81
4.79
4.80
4.48
4.54
4.79
4.80
4.79
4.82
4.80
3.81
3.37
2.85
2.74
2.70
3.06
3.09
3.12
2.99
2.95
2.63
2.55
2.29
2.13
2.14
1.92
2.17
2.16
2.61
2.90
2.89
2.61
2.28
3.02
2.32
2.44
2.13
2.39
3.09
3.06
3.26
2.96
2.69
2.47
2.43
2.65
2.87
2.47
2.74
2.52
3.20
2.94
3.21
3.60
3.77
3.28
3.90
4.59
4.27
4.61
4.79
4.65
4.57
4.17
4.63
4.41
4.66
4.80
4.79
4.82
4.80
4.79
4.79
4.78
4.42
3.33
2.74
2.23
2.04
2.33
2.40
2.37
3.14
3.07
3.23
2.74
3.91
3.97
4.68
4.11
4.74
4.22
4.07
4.69
4.05
4.52
4.16
3.30
3.07
2.70
2.63
2.50
3.05
2.55
2.37
2.36
2.85
2.61
2.71
2.06
2.03
2.11
2.53
2.61
2.87
2.21
2.68
2.53
2.71
2.39
2.77
2.89
3.70
4.10
3.57
4.08
4.28
4.79
4.80
4.79
4.78
4.80
4.79
4.67
4.77
4.84
4.80
4.80
4.79
4.42
4.17
4.34
4.79
4.79
4.80
4.24
3.87
3.35
2.67
2.30
2.02
2.10
2.36
2.82
2.64
3.56
3.93
4.32
4.03
4.64
4.27
4.66
4.80
4.79
4.80
4.80
4.80
4.80
4.79
4.80
4.52
4.52
4.00
4.24
3.96
3.94
4.06
4.36
3.78
3.60
3.74
3.59
3.83
3.51
3.57
3.18
2.93
2.77
2.62
3.24
3.01
3.53
2.99
2.92
2.94
2.45
2.81
2.77
2.88
3.46
4.14
4.80
4.27
4.32
4.12
4.33
4.80
4.80
4.67
4.09
3.96
3.43
3.24
4.41
4.77
4.53
4.36
4.03
4.26
4.61
4.79
4.77
4.80
4.80
4.78
4.80
4.80
3.97
3.38
2.90
2.82
2.48
2.25
2.77
3.66
3.49
3.33
3.03
3.54
3.65
4.80
4.69
4.79
4.58
4.14
4.78
4.61
4.76
4.77
4.61
3.95
3.98
4.31
4.10
4.29
3.48
3.64
3.02
2.86
2.37
2.31
2.93
2.89
3.02
2.93
2.80
2.41
2.61
2.45
2.46
2.05
2.52
2.35
2.23
2.16
2.72
2.99
3.82
4.38
3.91
4.56
3.93
3.43
4.05
4.38
4.79
4.80
4.82
4.78
4.79
4.77
4.84
4.79
4.78
4.77
4.80
4.80
4.78
4.79
4.35
4.79
4.35
4.70
4.25
3.90
4.35
3.92
3.90
3.79
3.28
2.33
2.12
3.04
3.23
3.22
3.08
2.98
3.23
3.32
4.25
4.23
4.12
4.34
4.78
4.79
4.80
4.77
4.81
4.79
4.18
4.22
3.76
3.58
3.40
3.62
3.91
3.61
3.92
3.97
3.64
4.56
3.37
2.58
2.63
2.38
2.19
2.29
2.57
3.51
2.94
2.85
2.57
3.14
3.03
2.77
3.22
2.59
2.85
2.78
2.52
2.43
2.17
2.32
2.09
2.35
1.89
2.05
2.16
2.18
2.59
