0.69
0.65
0.65
0.65
0.83
0.93
1.30
1.54
1.36
1.43
1.97
2.82
3.49
3.24
2.88
2.62
2.71
2.79
2.97
3.55
4.13
3.75
4.75
4.66
3.81
4.65
4.79
4.33
3.39
3.26
2.94
2.67
2.90
3.62
4.28
4.27
4.05
4.09
3.70
3.31
3.43
3.39
3.17
2.58
2.37
2.15
2.71
2.74
3.64
4.14
3.29
3.07
3.46
4.27
4.26
4.77
4.54
3.70
4.31
4.79
4.18
4.07
3.67
3.31
2.96
3.06
4.16
3.53
4.13
3.71
3.20
3.17
2.76
3.16
3.26
3.04
2.83
2.98
2.35
2.88
2.51
2.61
2.93
3.05
3.57
3.49
3.71
3.88
3.29
3.31
3.29
3.37
3.52
3.97
4.25
4.57
3.69
4.24
3.82
4.39
4.44
4.07
4.02
3.96
4.69
3.40
2.49
2.24
1.88
1.96
2.28
2.41
3.67
4.79
4.79
4.28
4.13
4.25
4.07
3.60
3.21
2.89
2.71
3.23
2.93
2.88
2.85
3.63
3.24
3.37
2.90
3.98
3.62
3.00
2.78
2.69
2.83
2.44
2.29
2.31
2.45
2.25
2.34
1.94
2.08
2.55
2.68
3.53
3.80
3.87
3.55
4.06
3.88
3.97
3.74
4.62
4.07
3.68
3.77
3.62
4.17
4.37
4.60
4.80
4.78
4.81
4.78
4.79
4.78
4.84
4.79
4.80
4.78
4.80
4.41
3.50
3.42
3.21
3.30
3.52
3.54
3.69
3.36
4.80
4.56
4.65
4.80
4.77
4.83
4.79
4.42
4.77
4.80
4.51
4.08
4.05
3.72
3.22
3.49
3.44
3.84
3.46
3.59
4.43
4.03
4.06
3.34
3.04
3.03
3.31
3.51
4.01
3.43
2.83
2.93
3.68
4.51
4.75
4.49
4.14
3.74
3.43
3.92
3.52
2.99
2.98
3.44
4.20
3.61
3.52
3.48
3.42
3.26
4.14
3.79
3.48
2.80
2.56
2.75
3.37
3.50
3.74
3.60
3.43
3.09
3.08
2.93
2.32
2.01
2.83
3.75
4.79
3.99
3.89
4.50
4.79
4.80
4.38
4.35
4.30
4.47
4.79
4.66
4.32
4.61
4.64
4.50
4.77
4.82
4.74
4.65
4.68
4.43
4.80
4.78
4.79
4.72
4.80
4.79
4.80
4.59
3.98
4.78
3.93
4.78
4.79
4.59
4.29
3.43
4.04
3.67
3.28
2.82
3.17
3.17
2.88
2.86
3.88
3.98
4.77
4.70
4.59
4.08
4.18
4.67
4.62
4.26
3.91
3.22
2.96
2.50
2.45
3.26
2.76
3.56
4.30
4.66
4.64
4.30
3.83
3.67
4.19
4.13
3.91
3.76
4.82
4.79
4.41
3.83
3.24
3.98
3.72
3.21
3.43
3.93
3.42
2.96
3.31
3.67
3.29
2.97
2.47
2.20
2.20
2.64
2.28
2.62
3.50
3.61
3.14
4.11
3.91
4.47
4.78
4.78
4.19
4.18
4.80
4.79
4.80
4.79
4.80
4.65
4.71
4.54
4.67
3.52
4.06
3.89
3.94
3.61
4.69
4.40
4.12
3.84
3.94
3.79
3.75
3.26
3.49
4.03
4.08
3.87
3.77
3.37
3.83
3.76
4.20
3.93
3.65
3.67
3.50
3.21
3.03
3.50
3.15
3.39
3.15
3.76
3.44
3.43
3.81
3.69
4.43
4.80
4.39
4.61
4.48
4.80
4.80
4.74
4.80
4.79
4.82
4.77
4.79
4.79
4.49
3.82
4.48
4.79
4.43
4.41
3.91
4.80
4.66
4.01
3.69
4.06
3.86
3.22
2.94
3.36
3.91
4.03
4.46
3.84
4.23
4.54
4.67
4.42
3.78
4.79
4.80
4.77
4.69
4.79
4.80
4.78
4.79
4.77
4.83
4.72
4.60
4.77
4.02
4.28
4.00
4.80
4.78
4.80
4.77
4.82
4.63
4.80
4.78
4.49
4.54
3.46
2.76
2.83
2.67
2.50
3.01
2.75
2.91
2.76
2.41
2.14
1.96
2.13
2.36
2.86
2.20
2.96
2.81
2.80
3.36
3.34
3.32
3.15
2.63
2.36
1.96
2.09
1.71
1.93
1.86
1.82
1.45
1.43
1.26
1.02
0.87
0.73
0.66
0.60
0.60
0.60
0.59
0.59
0.63
0.65
0.71
0.76
0.78
0.86
0.85
0.87
0.84
0.97
