0.47
0.46
0.48
0.48
0.50
0.50
0.48
0.48
0.48
0.50
0.52
0.56
0.66
0.65
0.66
0.66
0.75
0.82
0.84
0.75
0.86
1.17
1.33
1.33
1.58
1.55
1.98
1.60
1.98
2.30
3.16
3.21
3.46
3.30
2.89
2.35
3.10
2.80
2.75
2.56
2.18
2.04
2.02
1.77
2.42
3.19
3.56
3.04
3.10
3.42
2.86
3.15
3.60
3.82
4.25
3.99
4.07
4.72
3.87
3.49
3.02
2.47
2.82
3.10
3.25
3.19
3.22
3.20
3.44
3.82
3.97
4.29
3.85
3.45
3.23
3.10
2.83
2.80
3.12
3.39
3.43
3.49
2.93
3.34
3.87
3.45
3.32
3.05
3.36
2.61
2.52
2.56
2.79
2.80
2.94
3.44
3.70
3.54
3.72
3.61
3.29
3.45
4.04
4.01
3.97
4.78
4.80
4.79
4.71
4.76
4.63
4.78
4.79
4.18
3.75
3.55
3.09
2.70
2.23
1.99
2.03
2.69
2.82
3.11
3.69
3.95
4.01
3.82
4.15
3.74
3.51
2.85
2.81
2.86
2.80
2.92
2.87
2.68
2.42
2.59
2.90
3.03
2.77
2.54
3.35
2.89
2.91
2.74
2.51
2.26
2.07
2.33
2.23
2.00
2.02
1.94
2.05
2.23
2.16
2.56
3.32
3.71
3.53
2.92
3.10
4.34
3.89
3.79
3.84
3.41
3.69
4.01
4.58
4.17
4.12
4.39
4.65
4.80
4.66
4.68
3.74
2.83
2.39
2.33
2.00
2.15
3.28
3.30
3.10
2.92
3.05
3.48
3.40
3.61
3.26
3.22
3.09
2.67
2.73
3.19
3.19
2.57
2.40
2.54
3.54
2.94
4.52
3.76
3.70
2.97
2.50
2.81
2.81
2.86
3.07
3.92
3.15
2.77
3.24
2.97
3.04
2.61
2.63
3.24
3.01
2.82
2.57
2.25
3.21
2.97
2.65
3.62
4.04
4.67
4.79
4.80
4.77
4.79
4.59
4.06
3.83
3.74
3.73
3.53
3.49
3.07
4.46
4.29
3.77
3.81
4.68
4.48
3.95
3.57
3.09
2.58
2.12
2.11
2.68
3.24
3.26
3.14
3.35
3.89
3.91
4.18
4.52
4.79
4.58
4.50
4.02
4.45
4.79
4.80
4.55
4.77
4.79
4.81
4.79
4.79
4.77
4.80
4.79
4.58
4.19
4.06
3.83
4.20
3.51
3.51
4.50
4.45
4.24
3.33
3.52
4.07
4.04
3.69
3.44
3.40
4.29
4.09
4.28
3.93
3.60
3.87
4.79
4.79
4.80
4.79
4.79
4.80
4.77
4.26
3.24
3.51
3.24
3.06
3.05
3.46
3.83
3.12
2.81
3.22
2.47
2.60
3.09
3.90
3.46
3.47
3.47
3.27
2.93
3.13
2.75
2.79
4.50
4.79
4.04
3.91
3.64
3.76
4.47
4.80
4.82
4.79
4.73
4.79
4.79
4.80
4.70
4.82
4.30
4.35
4.16
4.31
4.35
3.78
3.44
3.09
3.28
2.74
3.67
3.57
3.01
3.56
3.58
3.14
3.32
2.89
2.87
2.68
2.53
2.92
3.40
3.60
3.69
3.48
2.65
3.71
3.96
3.93
3.07
3.97
3.04
2.86
3.04
3.22
3.01
3.26
3.22
3.07
4.22
4.23
3.77
4.09
3.59
3.74
3.51
3.43
3.26
3.59
3.32
2.72
4.23
4.57
3.41
3.43
3.95
4.46
3.65
3.26
4.17
4.78
4.80
4.77
4.77
4.01
3.38
3.80
3.65
2.93
3.15
3.05
3.01
3.17
2.62
2.62
2.56
2.10
2.26
2.50
2.58
3.74
4.41
3.64
3.95
3.69
3.27
4.79
4.26
4.02
4.56
4.34
4.42
3.87
4.06
3.81
3.42
4.78
4.67
4.14
3.28
3.91
3.50
4.39
4.03
3.57
3.69
3.21
3.19
3.89
4.65
4.24
3.84
3.99
3.98
3.68
3.30
3.92
3.52
3.86
2.97
3.61
2.72
2.92
3.40
2.97
2.90
3.50
3.79
4.19
3.67
2.69
2.41
2.01
2.65
2.27
3.58
3.64
4.77
3.93
4.19
3.94
3.26
2.83
2.31
1.96
1.63
2.14
2.02
1.92
1.59
1.24
1.00
0.86
0.73
0.65
0.55
0.58
0.57
0.55
0.55
0.51
0.58
0.62
0.62
