0.47
0.47
0.46
0.49
0.47
0.48
0.50
0.47
0.47
0.50
0.48
0.64
0.63
1.00
1.28
1.45
1.74
1.62
1.64
1.72
1.56
1.91
1.75
1.93
2.28
2.46
1.94
2.51
2.84
2.82
2.47
2.42
2.55
2.50
2.09
2.59
2.60
2.81
3.55
2.69
2.46
2.90
2.47
2.48
2.34
2.38
3.15
2.87
2.95
3.48
3.11
3.53
4.06
4.27
3.79
3.88
3.70
3.64
3.57
3.92
3.57
3.12
3.55
3.83
4.16
3.66
3.55
3.28
3.08
3.04
3.49
3.49
3.35
3.24
2.64
2.43
2.16
2.36
2.89
2.54
2.64
2.58
2.74
2.66
2.77
2.61
2.75
3.03
2.76
3.55
4.10
3.23
3.24
3.97
4.66
4.80
4.48
4.16
4.05
3.71
3.72
4.52
4.78
4.84
4.79
4.78
4.77
4.54
4.37
3.64
2.93
2.52
2.79
2.69
3.62
3.36
3.67
3.81
4.09
3.86
3.55
3.20
3.05
3.11
2.62
2.36
2.48
2.23
2.61
2.43
2.62
2.50
2.35
3.14
3.17
3.36
2.96
2.64
2.28
2.39
3.30
3.17
2.93
2.38
2.43
2.34
2.27
2.04
2.67
3.08
3.26
3.29
2.80
3.09
3.07
3.94
3.78
3.53
3.75
3.88
4.79
4.80
4.70
4.77
4.76
4.77
4.80
4.77
3.81
3.26
4.07
4.57
3.61
4.44
4.37
4.04
3.46
3.08
2.39
2.09
1.98
1.86
2.67
2.86
3.31
3.90
4.14
4.10
3.69
3.44
3.73
4.04
3.74
3.29
3.92
3.80
4.13
4.03
4.33
4.31
4.09
3.62
4.53
4.48
4.13
4.68
3.83
4.21
3.89
3.91
3.55
3.90
3.26
3.78
3.23
3.14
2.95
2.83
2.91
2.47
2.88
3.21
2.95
3.36
3.69
3.69
3.93
3.78
3.72
4.21
4.65
4.11
4.01
4.78
4.79
4.06
4.30
4.79
4.07
3.88
4.30
3.73
3.97
3.71
3.64
3.68
3.52
3.06
2.92
2.44
2.76
3.00
2.90
3.84
3.89
4.19
3.37
3.84
3.43
3.80
3.48
3.48
3.33
3.19
3.40
4.49
3.95
3.70
4.60
3.86
3.25
4.65
3.63
4.20
3.44
3.40
3.60
3.60
3.83
3.74
3.16
4.55
4.15
3.82
3.92
4.07
4.80
4.66
4.32
4.79
4.80
4.80
4.80
4.80
4.79
4.79
4.79
4.80
4.79
4.79
4.77
4.65
4.80
4.78
4.79
4.49
4.80
4.82
4.65
4.14
4.48
4.13
4.68
4.11
3.59
2.88
2.43
2.68
2.91
2.96
2.62
3.75
4.72
4.69
4.35
4.20
4.34
4.22
3.98
4.60
4.82
4.80
4.72
4.70
4.78
4.81
4.35
4.22
4.71
4.28
3.93
4.23
3.73
3.66
3.58
3.99
4.35
4.59
4.79
4.81
3.75
3.85
3.95
3.52
3.39
3.90
3.17
3.06
3.05
2.64
2.66
3.15
3.46
3.03
3.24
4.46
3.97
4.79
4.78
4.79
4.78
4.78
4.18
3.51
3.87
4.47
4.77
4.81
4.78
4.13
3.50
3.87
3.97
4.58
4.43
4.80
4.80
4.82
4.42
3.63
3.44
3.04
3.47
3.91
4.10
4.04
4.84
4.44
3.84
3.71
4.59
4.77
4.71
4.79
4.75
4.79
4.79
4.79
4.80
4.79
4.81
4.81
4.79
4.80
4.80
4.81
4.50
4.80
4.69
4.02
4.53
4.71
4.77
4.73
4.80
4.81
4.26
3.64
3.36
2.75
2.82
2.64
3.14
2.71
2.31
2.36
2.19
2.78
3.58
3.31
3.19
3.39
3.12
3.12
2.85
3.75
3.08
3.91
3.27
3.31
3.01
3.11
2.57
2.27
2.34
2.62
2.34
2.11
1.83
1.70
1.66
1.59
1.59
1.52
1.52
1.42
1.44
1.46
