2.93
3.08
2.55
2.84
2.80
3.37
2.88
2.51
2.42
2.37
2.79
2.24
2.30
3.01
3.09
2.99
2.93
3.02
3.33
3.70
3.41
2.91
3.01
2.98
3.30
3.30
3.27
2.98
3.15
3.13
3.33
2.82
3.90
3.88
3.86
3.09
2.97
2.87
3.25
3.33
3.06
3.04
2.76
2.45
2.66
2.37
2.25
1.95
2.07
2.07
2.44
2.49
2.41
2.02
2.33
2.82
3.33
3.87
3.45
3.83
3.69
3.11
3.99
4.67
4.62
4.79
4.22
3.72
3.12
3.32
3.60
3.93
3.95
3.94
3.50
3.64
3.99
2.80
1.97
1.84
1.77
2.11
2.22
2.35
2.68
3.66
4.34
4.64
4.80
4.77
4.02
4.04
3.64
2.97
3.65
4.82
4.42
4.36
4.14
3.37
2.75
2.46
2.75
3.40
3.18
3.88
3.61
3.29
3.04
2.99
2.75
3.14
2.57
2.16
2.08
1.91
2.62
2.39
2.45
2.86
3.56
4.14
4.30
4.08
3.99
3.89
3.84
3.92
3.86
4.18
4.41
4.72
4.37
4.34
4.59
4.78
4.68
4.30
4.53
3.90
3.33
2.96
2.67
2.36
2.15
2.55
2.77
3.09
2.91
3.30
3.29
2.71
2.65
2.87
2.82
3.43
3.64
3.31
2.71
2.61
2.43
3.23
2.85
2.87
2.95
2.37
3.20
3.01
3.18
2.94
2.81
2.67
2.87
3.28
3.26
3.39
3.55
3.54
4.30
4.18
3.60
3.62
3.82
3.89
3.69
3.45
2.65
2.89
2.89
3.33
3.09
3.23
3.14
2.85
4.28
4.81
4.56
4.71
3.69
3.30
3.07
3.37
2.88
2.85
2.66
2.99
2.47
2.40
2.40
2.54
2.10
2.79
2.30
2.22
2.17
2.84
3.34
3.30
3.41
3.53
3.80
3.70
3.22
3.38
3.39
3.04
3.28
3.24
4.21
4.39
3.68
3.66
4.08
3.50
3.36
3.80
4.78
4.08
4.30
3.39
3.29
4.10
3.88
4.48
3.72
3.01
3.14
2.71
2.99
2.91
2.72
2.64
2.65
2.47
2.70
3.05
2.96
3.36
2.80
3.98
3.85
3.23
3.28
3.48
4.11
3.77
3.03
3.86
4.77
4.31
3.82
4.34
3.92
4.23
3.30
4.76
4.44
4.70
4.68
4.80
4.67
4.77
4.79
4.79
4.79
4.77
4.34
4.19
4.21
3.99
4.31
3.80
4.13
4.04
3.96
4.02
4.32
4.50
4.26
3.86
4.16
4.77
4.78
4.67
4.20
4.80
4.78
4.80
4.41
4.80
4.36
4.12
4.28
4.43
4.42
3.94
3.95
3.47
4.56
4.77
4.04
3.92
3.13
4.59
3.66
3.47
3.50
3.65
3.24
2.99
3.48
3.45
4.32
3.75
4.03
4.77
4.83
4.77
4.81
4.70
4.02
4.47
4.11
4.43
3.90
4.80
4.83
4.58
4.80
4.80
4.78
4.80
3.99
3.55
3.48
4.74
4.20
4.78
4.03
3.54
3.31
2.87
3.49
4.01
4.20
4.72
4.23
4.14
3.98
3.82
4.15
4.03
3.94
3.76
3.83
3.58
3.66
3.83
3.67
3.61
3.31
3.09
3.34
3.30
3.29
3.41
3.26
3.16
3.14
3.14
3.04
3.04
3.03
3.01
2.97
2.98
3.01
2.96
2.93
2.96
2.87
2.65
2.60
2.60
2.54
2.34
2.27
2.19
2.16
2.09
2.05
1.96
1.85
1.79
1.58
1.43
1.27
1.27
1.29
1.27
1.17
1.12
1.08
0.99
0.91
0.81
0.77
0.71
0.64
0.59
0.56
0.51
0.54
0.54
0.55
0.55
0.63
0.66
0.66
0.74
0.83
0.88
0.82
0.83
0.73
0.67
0.65
0.74
0.91
1.18
1.37
1.59
1.70
1.88
2.02
2.14
2.27
2.25
2.09
1.92
1.74
1.52
1.44
1.27
1.11
0.93
0.79
0.67
0.63
0.58
0.56
0.54
0.47
0.50
0.50
0.53
0.46
0.48
0.45
0.52
0.52
0.53
0.54
0.49
0.54
0.51
0.49
0.47
