0.31
0.33
0.33
0.41
0.41
0.54
0.54
0.89
1.73
2.07
2.11
2.63
2.56
2.43
2.24
2.34
1.90
2.39
2.48
2.53
2.53
2.88
2.61
2.50
2.36
2.08
1.80
1.75
1.64
1.38
1.26
1.12
0.82
0.87
0.67
0.70
0.66
0.70
0.68
0.78
0.78
0.73
0.69
0.89
1.31
1.23
1.20
1.03
0.98
1.00
1.01
0.96
1.04
1.10
1.09
1.12
1.14
1.10
1.10
1.02
1.23
1.87
1.86
1.94
1.82
2.37
3.47
3.31
2.76
2.61
2.43
2.54
2.32
2.56
2.25
2.13
1.95
1.74
1.63
1.28
1.08
0.97
0.93
0.74
0.64
0.61
0.57
0.54
0.48
0.45
0.43
0.46
0.61
0.73
0.82
0.93
1.37
1.31
1.41
1.09
1.36
1.11
1.04
1.12
1.28
1.38
1.26
1.20
1.19
1.09
1.12
0.92
1.44
1.75
2.24
2.41
2.91
3.40
3.56
3.59
3.04
3.16
3.36
3.36
3.10
3.02
2.82
2.64
2.01
2.00
1.95
1.79
1.58
1.77
1.61
1.23
1.06
0.84
0.72
0.71
0.60
0.57
0.57
0.47
0.48
0.53
0.61
0.62
0.76
0.90
1.40
1.66
1.77
1.53
1.52
1.46
1.33
1.53
1.54
1.47
1.52
1.50
1.45
1.66
1.56
1.51
1.20
1.56
1.77
2.76
2.64
2.79
2.45
2.40
2.41
2.74
3.08
2.88
2.61
2.79
2.93
2.33
2.53
2.22
1.78
1.49
1.29
1.31
1.13
1.13
0.94
0.75
0.63
0.61
0.55
0.57
0.51
0.50
0.59
0.71
0.73
1.25
1.35
1.40
1.96
1.60
1.76
1.52
1.46
1.53
1.57
2.24
1.83
2.34
3.87
3.74
3.43
3.17
3.17
3.95
3.85
4.26
3.47
3.24
3.30
3.61
3.57
3.68
3.28
3.22
2.37
2.15
2.01
1.93
1.64
1.36
1.27
1.31
1.02
1.10
1.08
0.89
0.70
0.65
0.63
0.59
0.71
0.79
0.89
0.97
1.03
1.05
1.18
1.28
1.11
1.17
1.10
1.16
1.47
1.20
1.13
1.44
1.94
1.74
2.37
2.83
2.49
3.18
3.50
3.26
3.31
3.87
4.10
3.74
4.04
4.17
3.98
4.27
3.41
3.24
2.86
2.78
2.46
2.06
2.82
2.37
2.36
1.83
1.84
1.63
1.53
1.27
1.25
1.23
1.19
1.19
1.30
1.11
1.16
1.06
0.94
0.97
1.06
1.20
1.41
1.61
1.58
1.29
1.71
1.67
1.48
1.42
1.43
1.29
1.14
1.19
1.80
1.98
2.52
3.63
3.27
3.26
3.32
3.61
4.07
3.81
4.29
4.29
3.51
3.21
2.77
2.52
3.29
3.66
3.99
3.69
3.62
3.18
3.32
2.50
2.40
1.79
1.61
1.39
1.14
1.12
0.97
0.95
1.00
1.04
1.15
1.31
1.35
1.23
1.47
1.64
1.40
1.51
1.47
1.63
1.93
2.18
1.95
1.89
2.02
1.84
1.77
2.05
1.95
2.16
2.21
1.67
1.35
1.98
1.65
1.43
1.52
1.78
2.08
3.08
3.28
3.98
4.34
3.75
3.90
4.21
4.34
4.63
4.50
3.61
3.79
3.38
2.93
2.44
2.70
2.68
2.91
3.03
2.34
2.27
1.91
2.19
1.67
1.66
1.54
1.30
1.12
1.00
1.00
0.94
0.92
0.94
1.16
1.04
1.06
1.09
1.09
1.27
1.34
1.70
1.37
1.45
1.51
1.43
1.47
1.74
1.74
1.96
1.63
2.36
2.24
2.06
1.58
1.78
1.42
1.58
1.25
1.91
2.59
2.09
2.76
3.04
3.41
4.18
3.65
3.62
3.62
3.63
3.46
3.52
3.65
3.79
3.47
4.02
3.93
4.14
3.72
2.87
2.43
1.88
1.47
1.60
1.31
1.21
1.16
1.21
0.92
0.85
0.89
0.80
0.74
0.70
0.66
0.61
0.83
0.98
1.56
1.47
1.24
1.18
1.32
1.19
1.15
1.08
1.08
1.36
1.37
1.73
1.67
1.74
1.47
1.43
1.17
1.15
1.35
1.34
1.38
1.31
1.74
2.09
2.52
2.95
3.51
4.04
4.52
4.79
4.78
4.77
4.21
3.55
3.48
3.23
3.08
2.88
2.59
2.10
1.59
1.51
1.33
1.09
1.04
0.95
0.89
0.91
0.84
0.81
0.70
0.65
0.66
0.70
0.73
0.99
0.94
0.85
0.78
0.71
0.69
0.63
0.69
0.86
0.99
1.08
1.02
1.09
1.19
0.99
0.96
1.10
1.20
1.12
1.38
1.28
1.51
1.43
2.33
2.70
2.78
3.29
3.19
3.58
3.19
3.26
3.51
4.51
3.62
3.67
3.76
3.49
3.34
2.63
2.20
1.82
1.69
1.48
1.49
1.35
1.18
1.07
1.16
1.21
0.99
0.88
0.83
0.74
0.63
0.60
0.65
0.65
0.59
0.56
0.55
0.48
0.65
0.75
1.31
2.26
1.93
2.09
1.92
1.88
1.88
1.50
1.70
1.67
1.51
1.44
1.30
1.56
1.63
2.15
1.66
1.61
1.44
1.34
1.07
0.89
0.80
0.77
0.57
0.49
