0.29
0.26
0.31
0.29
0.29
0.35
0.29
0.27
0.29
0.30
0.30
0.31
0.25
0.32
0.33
0.35
0.32
0.32
0.32
0.32
0.31
0.31
0.31
0.28
0.31
0.27
0.31
0.29
0.29
0.29
0.30
0.31
0.28
0.30
0.27
0.32
0.30
0.33
0.29
0.48
0.90
1.02
0.99
1.38
1.64
1.86
1.70
1.82
1.92
2.01
2.09
1.75
1.95
2.23
2.10
1.92
2.14
2.18
1.97
2.19
1.96
1.51
1.30
1.22
1.12
0.96
0.85
0.76
0.74
0.83
0.88
0.94
0.90
0.95
0.93
0.94
0.88
0.76
0.71
0.69
0.74
0.90
1.09
0.94
0.86
0.98
0.88
0.83
0.79
0.70
0.74
0.80
0.96
0.84
0.88
0.93
0.90
0.74
1.03
1.27
1.49
1.21
1.53
1.78
1.78
1.64
1.52
1.52
1.50
1.58
1.41
1.29
1.18
1.09
1.06
1.11
0.94
0.94
0.88
0.84
0.79
0.84
0.78
0.77
0.75
0.73
0.73
0.72
0.65
0.59
0.62
0.53
0.54
0.58
0.58
0.53
0.62
0.58
0.51
0.62
0.71
0.74
0.82
0.80
0.68
0.68
0.90
1.19
1.62
2.01
1.97
1.78
2.42
2.28
2.48
2.31
2.27
2.45
2.02
1.71
1.56
1.66
1.61
1.52
1.40
1.33
1.35
1.31
1.17
1.15
1.13
1.29
1.51
1.63
1.82
1.83
1.79
1.70
1.63
1.48
1.49
1.29
1.22
1.12
1.17
1.09
1.02
1.01
1.06
0.96
1.10
1.18
1.03
0.93
0.93
1.25
1.60
1.55
1.46
1.56
2.13
2.48
3.18
2.75
2.57
2.77
2.45
2.20
2.00
1.53
1.61
1.38
1.35
1.17
0.96
0.84
0.76
0.76
0.63
0.63
0.59
0.62
0.60
0.62
0.57
0.55
0.65
0.57
0.50
0.43
0.59
0.63
0.58
0.87
0.88
0.95
0.98
0.90
0.97
1.08
0.85
1.06
1.12
1.06
0.88
1.17
1.11
1.35
1.81
2.04
2.31
2.35
2.21
2.35
2.28
2.32
2.10
1.93
1.73
1.63
1.52
1.31
1.17
1.06
0.87
0.76
0.63
0.60
0.66
0.64
0.60
0.58
0.55
0.49
0.43
0.57
0.68
1.01
0.95
0.99
1.00
1.04
1.21
1.34
1.44
1.43
1.59
1.51
1.67
1.98
1.89
1.59
1.54
1.45
1.60
1.63
2.03
1.95
2.01
1.84
2.66
2.81
3.14
3.62
3.78
3.97
4.39
3.70
3.06
2.84
2.46
1.97
1.58
1.58
1.51
1.28
1.09
0.98
0.97
0.85
0.84
0.63
0.62
0.49
0.60
0.55
0.57
0.59
0.68
0.75
0.86
0.96
1.18
1.23
1.28
1.20
1.23
1.52
1.89
1.53
1.38
1.68
1.52
1.67
1.90
1.81
2.37
3.67
3.12
3.28
3.52
3.56
3.35
3.01
2.92
3.02
3.02
2.56
2.27
2.05
1.74
1.46
1.51
1.26
1.20
1.13
1.01
1.29
1.13
1.12
1.03
0.90
0.79
0.72
0.70
0.64
0.55
0.61
0.76
0.87
0.98
1.03
1.13
1.23
1.36
1.33
1.40
1.45
1.86
1.50
1.37
1.33
1.50
1.50
1.52
1.80
1.61
2.18
2.77
2.67
2.54
3.24
3.96
3.42
4.05
3.93
3.62
3.85
3.78
4.19
3.57
3.01
2.50
2.31
2.00
1.92
1.87
1.67
1.44
1.27
1.08
1.16
1.04
1.04
0.98
0.89
0.89
0.86
0.70
0.75
0.90
0.98
0.97
1.26
1.65
1.69
1.64
1.53
1.46
1.39
1.37
1.48
1.39
1.34
1.49
1.76
2.40
2.56
2.47
2.83
2.96
3.90
3.59
4.08
3.53
3.25
2.91
2.65
2.41
2.00
1.73
1.52
1.41
1.21
1.34
1.32
1.43
1.16
1.09
1.02
0.99
1.04
0.80
0.83
0.87
0.80
0.69
0.66
0.66
0.65
0.70
0.63
0.72
0.90
0.93
1.09
1.07
1.33
1.26
1.27
1.48
1.30
1.13
1.27
1.30
1.32
1.30
1.53
1.41
1.59
1.58
1.36
1.66
1.83
1.87
1.77
2.17
2.13
1.62
1.31
1.48
1.27
0.96
1.00
0.81
0.68
0.68
0.73
0.74
0.70
0.60
0.56
0.65
