0.96
1.04
1.09
0.99
0.97
0.97
0.94
0.89
0.90
0.88
0.97
0.94
0.84
0.90
0.89
0.88
0.87
0.90
0.89
0.88
0.87
0.86
0.87
0.79
0.87
0.89
0.86
0.86
0.88
0.82
1.08
1.00
0.91
0.86
0.80
0.87
0.81
0.78
0.72
0.77
0.78
0.75
0.75
0.67
0.67
0.63
0.69
0.66
0.75
0.74
0.77
0.78
0.82
0.87
0.83
0.83
0.80
0.83
0.87
0.84
0.82
0.83
0.86
0.87
0.87
0.86
0.83
0.85
0.86
0.86
0.87
0.85
0.87
0.84
0.86
0.85
0.82
0.81
0.76
0.75
0.74
0.74
0.76
0.74
0.74
0.76
0.71
0.73
0.73
0.76
0.77
0.80
0.80
0.85
0.85
0.87
0.88
0.82
0.84
0.80
0.87
0.86
0.87
0.88
0.88
0.89
0.84
0.82
0.79
0.82
0.83
0.86
0.86
0.87
0.87
0.86
0.83
0.80
0.76
0.76
0.78
0.77
0.74
0.70
0.74
0.76
0.74
0.73
0.75
0.79
0.82
0.84
0.83
0.84
0.84
0.85
0.87
0.88
0.83
0.86
0.86
0.86
0.83
0.87
0.89
0.88
0.90
0.91
0.91
0.85
0.87
0.88
0.87
0.84
0.94
0.97
0.89
0.88
0.88
0.84
0.78
0.82
0.85
0.91
0.86
0.86
0.83
0.85
0.85
0.82
0.81
0.78
0.78
0.83
0.89
0.84
0.87
0.87
0.90
0.87
0.88
0.91
0.86
0.95
0.88
0.91
0.88
0.89
0.88
0.89
0.86
0.87
0.91
0.85
0.91
0.90
0.94
0.87
0.93
0.90
0.88
0.82
0.81
0.87
0.83
0.84
0.81
0.87
0.81
0.87
0.83
0.85
0.85
0.85
0.84
0.84
0.86
0.89
0.87
0.86
0.90
0.91
0.90
0.90
0.90
0.89
0.88
0.87
0.86
0.93
0.88
0.93
0.89
0.87
1.02
0.94
0.94
0.98
1.04
0.97
0.96
0.87
0.85
0.84
0.85
0.84
0.80
0.78
0.76
0.72
0.71
0.81
0.75
0.82
0.85
0.85
0.80
0.81
0.80
0.85
0.85
0.86
0.88
0.84
0.89
0.85
0.86
0.82
0.84
0.84
0.89
0.87
0.87
0.89
0.81
0.87
0.88
0.89
0.87
0.87
0.85
0.98
0.89
0.88
0.87
0.84
0.89
0.82
0.84
0.77
0.77
0.75
0.77
0.76
0.78
0.80
0.83
0.80
0.82
0.85
0.80
0.85
0.87
0.89
0.91
0.85
0.87
0.87
0.89
0.87
0.91
0.86
0.89
0.93
0.92
0.88
0.90
0.86
0.90
1.02
1.04
0.98
0.92
0.90
0.90
0.91
0.90
0.87
0.87
0.85
0.82
0.80
0.86
0.80
0.84
0.85
0.86
0.87
0.85
0.86
0.84
0.88
0.86
0.89
0.83
0.83
0.85
0.89
0.98
0.89
0.86
0.89
0.89
0.90
0.92
0.87
0.90
0.88
0.90
0.87
0.87
0.87
0.94
0.92
0.89
0.90
0.87
0.93
0.87
0.89
0.92
0.85
0.86
0.84
0.82
0.82
0.85
0.73
0.79
0.83
0.87
0.80
0.84
0.87
0.84
0.85
0.88
0.92
0.89
0.92
0.93
0.96
0.90
0.89
0.90
0.90
0.91
0.88
0.87
0.88
0.88
0.90
0.93
0.88
0.89
0.87
0.90
0.89
0.94
0.95
0.89
0.93
0.92
0.89
