0.28
0.28
0.28
0.30
0.23
0.30
0.30
0.34
0.29
0.32
0.31
0.37
0.38
0.41
0.52
0.73
0.87
1.16
1.46
1.57
1.77
2.09
1.95
2.15
2.41
3.01
2.71
2.48
2.50
2.25
2.52
2.07
1.59
1.59
1.43
1.25
1.09
1.02
0.95
0.90
0.85
0.68
0.58
0.53
0.52
0.59
0.66
0.73
0.80
0.73
0.72
0.68
0.61
0.67
0.71
0.74
0.67
0.69
0.72
0.90
1.02
0.91
1.05
0.98
1.09
1.15
0.98
1.06
1.15
1.21
1.48
1.59
1.63
2.14
2.40
2.15
2.34
2.20
2.11
1.98
1.84
1.96
1.66
1.51
1.43
1.33
1.07
0.94
0.94
1.02
0.97
1.08
1.01
0.89
0.72
0.65
0.78
0.99
1.01
1.07
1.00
0.90
0.86
0.75
0.66
0.74
0.75
0.89
0.96
0.85
1.22
1.11
1.19
1.56
1.48
1.45
1.51
1.44
1.55
1.38
1.73
2.11
2.23
2.53
2.45
2.17
2.51
2.44
2.04
1.68
2.03
1.88
1.76
1.55
1.43
1.27
1.30
1.28
1.22
1.06
1.05
0.89
0.82
0.63
0.56
0.63
0.72
0.68
0.68
0.67
0.60
0.58
0.51
0.53
0.48
0.56
0.57
0.73
0.90
1.05
1.10
1.04
1.00
0.99
1.05
1.25
1.17
1.22
1.25
1.36
1.61
1.85
2.10
2.17
2.13
2.78
3.16
3.31
3.36
3.18
2.82
2.67
2.28
2.05
1.78
1.76
1.49
1.30
1.27
1.28
1.04
1.01
0.99
0.88
0.78
0.70
0.64
0.71
0.64
0.49
0.56
0.52
0.54
0.54
0.51
0.55
0.54
0.59
0.53
0.68
0.74
0.93
0.93
0.99
0.95
1.09
1.09
1.03
1.08
1.21
1.33
1.50
1.24
1.61
2.18
2.39
2.61
3.25
3.07
3.36
3.38
3.72
3.42
3.04
2.83
2.55
2.22
2.09
1.76
1.59
1.51
1.49
1.39
1.44
1.43
1.19
1.13
1.11
1.08
1.21
1.33
1.48
1.33
1.37
1.27
1.11
0.97
0.87
0.87
0.84
0.89
1.02
1.07
1.10
1.15
1.49
1.34
1.30
1.25
1.12
1.16
1.23
1.57
2.19
2.45
3.08
2.96
3.10
3.73
4.58
4.29
3.75
3.96
3.62
3.20
3.12
2.43
2.23
1.89
1.74
1.53
1.64
1.53
1.50
1.37
1.48
1.37
1.23
1.29
1.15
1.13
1.14
1.24
1.17
1.03
0.76
0.76
0.80
0.86
0.92
1.02
1.04
1.55
1.92
1.69
2.01
1.92
1.76
1.63
1.97
1.72
1.77
1.97
3.10
2.47
2.50
2.89
2.80
2.75
2.91
3.25
3.24
3.44
3.10
2.73
2.35
2.25
2.00
1.62
1.49
1.60
1.35
1.54
1.52
1.54
1.64
1.73
1.90
1.72
1.72
1.41
1.16
1.13
1.02
0.88
0.87
0.92
0.97
1.05
0.89
1.26
1.11
1.16
1.10
1.07
1.19
1.17
1.35
1.32
1.30
1.30
1.71
1.72
2.21
3.00
3.48
3.04
3.05
3.39
3.80
4.18
3.07
3.11
2.59
2.50
2.19
1.93
1.83
1.69
1.53
1.62
1.84
1.66
1.69
1.32
1.16
1.10
1.27
1.03
1.15
1.09
1.14
1.05
1.16
1.10
1.07
1.01
0.82
0.89
1.11
1.06
1.08
1.10
1.35
1.21
1.08
1.52
1.25
1.12
1.09
0.97
0.92
0.82
0.97
0.92
0.91
1.10
1.65
1.42
2.17
1.79
1.47
1.43
1.18
1.03
0.82
0.90
0.86
1.03
1.01
0.93
1.09
0.87
0.86
0.80
1.06
0.97
1.29
1.96
2.31
2.75
3.02
3.71
3.28
3.17
3.49
3.23
3.00
2.88
3.19
3.11
2.70
2.67
2.44
2.38
2.32
2.19
2.13
2.36
2.18
1.86
1.71
1.53
1.67
1.57
1.31
1.29
1.14
1.08
0.86
0.89
0.75
0.76
0.78
0.71
0.66
0.74
0.89
0.84
0.76
0.76
0.87
1.08
1.18
0.98
0.97
0.97
1.03
1.12
1.05
1.15
1.27
1.05
0.87
0.76
0.63
0.52
0.56
0.56
0.43
0.51
0.42
0.54
0.55
0.77
0.66
0.68
0.70
0.76
0.78
0.77
0.70
0.57
0.62
0.52
0.48
0.43
0.38
0.33
0.32
0.31
0.31
0.32
0.29
0.34
0.32
