0.30
0.26
0.27
0.34
0.34
0.36
0.43
0.44
0.44
0.65
0.73
0.73
0.78
0.74
0.78
0.82
0.87
0.87
0.80
0.69
0.69
0.75
0.71
0.63
0.60
0.80
0.92
0.88
0.89
0.88
0.98
1.03
1.06
1.09
1.20
1.30
1.41
1.49
1.49
1.49
1.65
1.64
1.63
1.60
1.52
1.48
1.34
1.30
1.21
1.17
1.10
1.01
0.96
0.82
0.83
0.77
0.76
0.64
0.59
0.56
0.53
0.54
0.54
0.47
0.45
0.43
0.43
0.45
0.54
0.61
0.70
0.85
0.86
0.78
0.81
0.86
0.92
0.98
1.05
0.88
0.82
0.81
0.86
0.79
0.77
0.78
0.75
0.84
0.75
0.78
0.77
0.75
0.79
0.78
0.73
0.65
0.68
0.74
0.70
0.76
0.79
0.74
0.78
0.72
0.67
0.59
0.54
0.53
0.48
0.44
0.45
0.44
0.39
0.42
0.36
0.46
0.39
0.40
0.41
0.36
0.41
0.41
0.41
0.34
0.39
0.41
0.43
0.49
0.52
0.57
0.50
0.45
0.54
0.57
0.60
0.80
1.03
1.08
1.10
1.13
0.92
0.84
0.89
0.91
0.77
0.79
0.82
0.68
0.69
0.69
0.72
0.80
0.84
0.80
0.87
0.83
0.78
0.67
0.72
0.86
0.72
0.71
0.75
0.74
0.77
0.69
0.67
0.62
0.61
0.49
0.45
0.42
0.43
0.38
0.41
0.31
0.39
0.39
0.36
0.32
0.36
0.33
0.37
0.38
0.41
0.36
0.31
0.38
0.33
0.39
0.35
0.33
0.41
0.40
0.43
0.41
0.46
0.41
0.49
0.45
0.46
0.46
0.46
0.50
0.55
0.62
1.11
1.14
1.02
1.12
1.15
1.01
1.09
1.30
1.36
1.15
0.96
0.81
0.72
0.81
0.78
0.76
0.72
0.70
0.88
0.77
0.77
0.85
0.88
0.93
0.91
0.88
0.96
0.96
0.87
0.93
0.83
0.83
0.71
0.68
0.56
0.53
0.46
0.42
0.41
0.38
0.40
0.38
0.41
0.35
0.37
0.35
0.37
0.37
0.35
0.34
0.33
0.43
0.40
0.47
0.43
0.51
0.49
0.58
0.57
0.54
0.48
0.47
0.54
0.56
0.58
0.98
0.93
1.11
1.07
0.96
0.93
0.87
1.03
1.03
0.95
0.92
1.10
1.03
0.88
0.80
0.78
0.69
0.69
0.66
0.61
0.59
0.65
0.75
0.83
0.80
0.84
0.79
0.86
0.86
0.86
0.86
0.82
0.74
0.70
0.61
0.52
0.48
0.39
0.38
0.39
0.35
0.35
0.37
0.41
0.35
0.37
0.36
0.36
0.31
0.36
0.45
0.46
0.49
0.42
0.58
0.51
0.47
0.50
0.50
0.48
0.47
0.45
0.47
0.55
0.78
0.99
0.98
0.93
0.84
0.82
0.75
0.80
0.90
1.00
0.95
0.82
0.70
0.67
0.65
0.68
0.59
0.72
0.84
0.89
0.87
0.86
0.94
0.82
0.90
0.96
0.94
0.94
1.04
1.04
0.92
0.84
0.71
0.69
0.60
0.52
0.50
0.47
0.45
0.37
0.43
0.45
0.43
0.35
0.42
0.46
0.43
0.42
0.39
0.38
0.35
0.44
0.49
0.46
0.63
0.86
0.79
0.84
0.64
0.62
0.59
0.50
0.69
0.86
1.06
0.86
1.02
1.03
1.01
0.98
0.99
0.98
0.79
0.78
0.84
0.72
0.65
0.65
0.66
0.64
0.73
0.66
0.75
0.76
0.77
0.82
0.94
0.74
