0.25
0.23
0.31
0.26
0.27
0.27
0.27
0.23
0.26
0.26
0.27
0.30
0.23
0.29
0.35
0.50
0.61
0.85
0.94
1.02
0.98
0.96
0.82
0.76
0.99
0.90
0.85
0.79
0.67
0.63
0.78
0.75
0.77
0.85
0.78
1.00
1.10
1.30
1.47
1.76
2.04
2.36
2.60
2.75
2.96
3.01
2.98
3.08
3.20
3.30
3.48
3.41
3.48
3.35
3.34
3.27
3.15
2.87
2.72
2.56
2.38
2.16
2.05
1.89
1.85
1.72
1.60
1.58
1.47
1.35
1.26
1.09
0.99
1.03
0.86
0.91
1.09
0.96
0.85
0.87
0.78
0.69
0.70
0.63
0.69
0.73
0.68
0.90
0.90
0.95
0.95
0.85
0.80
0.71
0.92
1.02
0.99
0.81
0.68
0.72
0.76
0.79
0.76
0.79
0.78
0.73
0.76
0.71
0.62
0.55
0.54
0.46
0.40
0.37
0.36
0.38
0.36
0.35
0.33
0.35
0.27
0.34
0.43
0.46
0.48
0.47
0.49
0.60
0.73
0.72
0.82
0.78
0.87
0.88
0.93
0.93
0.87
0.89
1.09
1.10
1.17
1.29
1.14
1.13
1.08
1.25
1.04
0.98
0.95
0.82
0.82
0.79
0.83
0.89
0.93
0.92
0.91
0.82
0.84
0.89
0.87
0.83
0.86
0.85
0.82
0.76
0.74
0.69
0.53
0.55
0.47
0.49
0.41
0.36
0.32
0.33
0.31
0.32
0.33
0.30
0.36
0.37
0.48
0.52
0.53
0.58
0.68
0.67
0.77
0.74
0.78
0.82
0.77
0.93
0.83
0.91
0.99
1.04
0.95
1.04
1.06
1.06
0.95
0.99
0.91
0.89
0.82
0.70
0.73
0.61
0.71
0.63
0.67
0.72
0.79
0.81
0.78
0.82
0.95
0.97
0.90
0.93
0.84
0.84
0.81
0.79
0.72
0.63
0.65
0.49
0.44
0.40
0.38
0.36
0.37
0.34
0.36
0.41
0.36
0.43
0.51
0.50
0.49
0.51
0.50
0.58
0.59
0.57
0.64
0.60
0.65
0.65
0.69
0.66
0.68
0.76
0.71
0.75
0.79
0.81
0.95
1.06
1.15
1.63
1.41
1.29
1.28
1.16
0.96
0.86
0.80
0.76
0.67
0.73
0.69
0.67
0.66
0.95
0.96
1.01
1.38
1.30
1.28
1.36
1.32
1.23
1.27
1.12
1.09
0.95
0.86
0.73
0.65
0.58
0.53
0.48
0.41
0.39
0.35
0.36
0.33
0.36
0.37
0.37
0.39
0.38
0.44
0.43
0.45
0.53
0.51
0.59
0.59
0.65
0.61
0.69
0.50
0.54
0.64
0.70
0.72
0.83
0.81
1.05
1.14
1.04
1.01
1.02
0.91
0.86
0.86
0.88
0.78
0.64
0.62
0.64
0.73
0.69
0.76
0.89
0.93
1.36
1.23
1.43
1.40
1.44
1.38
1.40
1.41
1.32
1.24
1.10
1.06
0.86
0.75
0.63
0.60
0.48
0.45
0.46
0.42
0.34
0.33
0.31
0.43
0.45
0.46
0.50
0.45
0.45
0.54
0.54
0.48
0.50
0.50
0.57
0.60
0.59
0.52
0.47
0.62
0.55
0.71
1.04
1.01
0.99
0.94
0.94
1.07
1.09
0.92
0.84
0.72
0.70
0.70
0.72
0.65
0.66
0.58
0.65
0.73
0.91
1.06
1.32
1.26
1.33
1.35
1.24
1.25
1.16
1.10
1.10
1.03
0.92
0.80
0.81
0.68
0.59
0.52
0.47
0.37
0.39
0.44
0.42
0.45
0.48
0.44
0.39
0.39
0.38
0.37
0.36
0.35
0.35
0.40
0.38
0.47
0.45
0.43
0.43
0.40
0.42
0.43
0.46
0.43
0.47
0.40
0.47
0.46
0.55
0.51
0.63
0.76
0.67
0.77
0.74
0.81
0.82
0.88
0.90
0.80
0.88
0.76
0.74
0.67
0.75
0.65
0.62
0.54
0.52
0.50
0.53
0.51
0.53
0.79
0.73
0.80
0.73
0.85
0.78
0.82
0.82
0.80
0.75
0.75
0.66
0.60
0.54
0.46
0.47
0.37
0.39
0.37
0.39
0.36
0.40
0.43
0.52
0.47
0.51
0.62
0.60
0.66
0.62
0.68
0.63
0.68
0.72
0.62
0.55
0.61
0.66
0.63
0.68
1.00
0.98
1.08
1.20
1.23
1.23
1.39
1.35
1.29
