1.24
1.25
1.03
1.17
1.23
1.09
1.09
0.87
0.78
0.66
0.61
0.74
0.66
0.69
0.92
0.79
0.88
1.06
0.85
1.01
0.92
0.81
0.69
0.60
0.51
0.48
0.49
0.42
0.45
0.43
0.46
0.45
0.43
0.48
0.47
0.54
0.57
0.56
0.55
0.73
0.60
1.29
0.96
0.75
0.73
0.65
0.57
0.69
0.82
0.83
0.87
0.97
0.85
0.84
0.79
0.73
0.83
0.78
0.63
0.57
0.63
0.72
0.92
1.50
1.50
1.47
1.34
1.28
1.07
0.99
0.96
0.92
0.83
0.71
0.63
0.63
0.56
0.53
0.47
0.43
0.43
0.43
0.42
0.36
0.36
0.43
0.48
0.45
0.45
0.44
0.43
0.43
0.54
0.64
0.63
0.69
0.79
1.05
0.93
0.84
1.23
0.92
1.21
1.15
0.96
0.74
0.78
0.64
0.77
1.02
1.09
1.11
1.39
1.42
1.54
1.60
1.66
1.53
1.33
1.23
1.09
0.89
0.78
0.75
0.62
0.62
0.51
0.55
0.50
0.44
0.49
0.41
0.44
0.41
0.43
0.39
0.43
0.65
0.51
0.57
0.51
0.52
0.48
0.51
0.49
0.55
0.47
0.55
0.67
0.77
0.85
0.84
0.98
1.01
0.99
0.85
0.81
0.75
0.94
0.84
0.78
0.75
0.69
0.66
0.62
0.58
0.60
0.70
0.68
0.81
0.76
0.69
0.64
0.59
0.60
0.53
0.46
0.50
0.43
0.41
0.40
0.40
0.39
0.38
0.41
0.38
0.41
0.42
0.41
0.43
0.43
0.45
0.45
0.46
0.41
0.43
0.40
0.48
0.54
0.53
0.75
0.73
0.89
1.15
1.34
1.13
1.36
1.30
1.19
1.16
1.12
1.06
0.93
0.78
0.81
0.78
1.04
0.98
1.05
1.09
0.92
1.19
0.99
0.84
0.83
0.73
0.61
0.52
0.47
0.48
0.57
0.51
0.54
0.48
0.44
0.43
0.45
0.43
0.43
0.41
0.47
0.44
0.48
0.55
0.52
0.53
0.51
0.58
0.53
0.62
0.50
0.55
0.97
0.98
0.96
1.48
1.62
1.41
1.48
1.50
1.22
0.93
0.80
0.68
0.74
0.81
0.67
0.84
0.90
1.05
1.37
1.21
1.17
1.15
1.00
0.87
0.76
0.63
0.80
0.67
0.60
0.49
0.46
0.39
0.41
0.42
0.44
0.40
0.38
0.39
0.39
0.39
0.39
0.45
0.39
0.50
0.54
0.64
0.56
0.56
0.61
0.56
0.66
0.60
0.69
0.78
1.02
1.09
1.56
1.52
1.56
1.51
1.26
1.03
1.02
0.84
0.82
0.92
1.11
1.00
0.90
0.93
1.15
1.31
1.35
1.33
1.62
1.65
1.42
1.27
1.05
0.92
0.82
0.68
0.63
0.48
0.62
0.72
0.62
0.50
0.48
0.46
0.48
0.43
0.47
0.51
0.43
0.58
0.62
0.59
0.60
0.59
0.54
0.60
0.55
0.65
0.71
0.64
0.96
0.85
1.16
1.25
1.76
1.96
2.32
2.26
1.99
1.50
1.33
1.25
1.02
1.22
1.10
1.05
0.91
0.81
0.65
0.63
0.84
0.93
1.01
1.09
1.40
1.40
1.18
1.03
1.08
0.98
0.90
0.75
0.70
0.59
0.52
0.50
0.54
0.49
0.52
0.49
0.45
0.56
0.50
0.58
0.47
0.62
0.66
0.66
0.59
0.51
0.53
0.60
0.67
0.68
0.70
0.59
0.78
0.91
1.09
1.15
1.42
1.83
2.01
1.90
1.48
1.52
1.27
1.10
1.06
0.98
0.70
0.68
0.63
0.60
0.57
0.68
0.65
0.70
0.76
0.78
0.64
0.68
0.62
0.52
0.54
0.46
0.49
0.47
0.50
0.45
0.43
0.54
0.51
0.50
0.45
0.48
0.48
0.52
0.53
0.54
0.52
0.63
0.72
0.64
0.62
0.52
0.58
0.49
0.63
0.58
0.69
0.66
0.67
0.64
0.57
0.70
1.23
1.49
1.56
1.56
1.24
1.42
1.26
1.22
1.27
1.38
1.25
1.07
1.18
1.03
0.91
1.08
0.98
0.90
0.89
0.83
0.82
0.80
0.92
0.76
0.65
0.62
0.56
0.65
0.53
0.57
0.60
0.50
0.47
0.45
0.52
0.48
0.46
0.47
0.43
0.47
0.57
0.60
0.65
0.63
0.68
0.75
0.88
0.75
0.88
0.79
0.66
0.70
0.73
0.69
0.74
0.62
0.64
0.51
0.55
0.53
0.51
0.51
0.57
0.52
0.54
0.58
0.51
0.49
0.47
0.48
0.48
0.44
0.43
0.39
0.40
0.36
0.39
0.39
0.40
0.41
0.42
0.43
0.42
0.40
0.40
0.39
0.41
0.43
0.45
0.49
0.47
0.53
0.56
0.58
0.55
0.55
0.52
0.53
0.50
0.48
0.49
0.43
0.52
0.47
0.52
0.49
0.49
0.49
0.54
0.54
0.53
0.56
0.52
0.64
0.60
0.62
0.58
0.60
0.60
0.63
0.63
0.65
0.66
0.64
0.68
0.66
0.74
0.68
0.73
0.71
0.75
0.72
0.69
0.68
0.63
0.69
0.62
0.59
0.55
0.55
0.58
0.60
0.56
0.55
0.52
0.50
0.52
0.44
0.45
0.39
0.41
0.41
0.39
0.35
0.37
0.34
0.33
0.31
0.31
0.27
0.26
0.31
0.25
0.29
0.27
0.28
0.29
0.26
0.27
0.27
0.28
0.32
0.33
0.37
0.39
0.48
0.46
0.41
0.43
0.38
0.37
0.35
0.33
0.39
0.35
0.37
0.31
0.39
0.33
0.33
0.33
0.33
0.32
0.31
0.30
0.31
0.31
0.26
0.33
0.31
0.33
0.29
0.33
0.37
0.32
0.30
0.32
0.31
