0.31
0.32
0.31
0.30
0.28
0.30
0.29
0.30
0.27
0.28
0.27
0.27
0.29
0.34
0.38
0.41
0.48
0.97
0.94
1.02
0.94
1.17
1.20
1.08
0.92
0.88
0.88
0.81
0.83
0.82
0.73
0.82
0.75
0.80
0.82
0.88
1.01
1.16
1.23
1.49
1.55
1.65
1.79
1.71
1.87
1.80
1.76
1.74
1.72
1.50
1.44
1.26
1.15
0.89
0.73
0.57
0.52
0.42
0.38
0.44
0.38
0.44
0.48
0.57
0.54
0.59
0.64
0.60
0.67
0.64
0.60
0.55
0.70
0.73
0.85
0.90
1.03
0.93
0.90
1.00
0.84
1.02
0.94
1.13
1.05
0.96
0.84
0.92
0.90
0.81
0.87
0.88
1.12
1.12
1.52
1.43
1.35
1.24
1.28
1.19
1.11
1.02
0.92
0.93
0.86
0.66
0.58
0.51
0.44
0.44
0.36
0.37
0.31
0.36
0.44
0.46
0.51
0.50
0.55
0.61
0.60
0.66
0.68
0.53
0.64
0.65
0.62
0.91
0.85
1.01
0.96
0.89
0.97
1.09
1.09
1.00
0.95
0.83
0.67
0.54
0.51
0.55
0.65
0.87
1.29
1.55
1.59
1.64
1.69
1.73
1.63
1.66
1.64
1.54
1.43
1.37
1.28
1.17
0.94
0.77
0.66
0.55
0.47
0.43
0.35
0.40
0.39
0.43
0.45
0.50
0.58
0.55
0.65
0.55
0.68
0.64
0.70
0.92
1.12
1.02
1.01
0.92
0.89
0.92
0.92
1.00
1.09
0.99
1.09
0.97
0.88
0.84
0.79
0.70
0.68
0.98
1.02
1.06
1.38
1.57
1.48
1.45
1.37
1.39
1.30
1.11
0.96
0.93
0.78
0.65
0.54
0.44
0.43
0.43
0.43
0.53
0.51
0.62
0.70
0.74
0.73
0.77
0.81
0.81
0.89
0.86
0.86
0.78
0.81
0.76
1.09
1.24
1.19
1.26
1.22
1.21
1.01
1.10
1.45
1.13
0.99
1.01
0.96
0.89
0.94
0.94
0.93
0.87
0.87
1.19
1.00
0.97
0.98
0.92
0.81
0.84
0.83
0.76
0.65
0.56
0.47
0.47
0.47
0.44
0.42
0.39
0.37
0.44
0.43
0.43
0.44
0.41
0.51
0.55
0.59
0.66
0.69
0.74
0.75
0.85
0.78
0.71
0.74
0.67
0.61
0.73
0.90
1.22
1.28
1.88
1.73
1.61
1.90
1.68
1.39
1.38
1.31
1.28
1.09
0.97
1.00
0.96
1.17
1.21
1.13
1.33
1.53
1.51
1.40
1.21
1.26
1.16
1.10
0.98
0.86
0.83
0.67
0.66
0.57
0.52
0.44
0.42
0.41
0.45
0.35
0.44
0.47
0.59
0.66
0.66
0.70
0.79
0.79
0.81
0.78
0.65
0.70
0.58
0.68
0.55
0.60
1.17
1.01
1.09
1.19
1.30
1.46
1.25
1.26
1.27
1.33
1.28
1.24
1.30
1.24
1.14
1.25
1.43
1.25
1.53
1.52
1.62
1.76
1.55
1.34
1.29
1.09
0.92
0.89
0.78
0.75
0.74
0.60
0.60
0.50
0.46
0.39
0.41
0.37
0.49
0.51
0.50
0.49
0.48
0.61
0.58
0.66
0.66
0.80
0.79
0.90
1.12
1.00
1.15
1.32
1.30
1.26
1.20
1.24
1.07
0.97
0.99
0.91
0.86
1.03
1.10
1.02
1.15
1.39
1.51
1.45
1.42
1.38
1.40
1.32
1.21
1.09
0.95
0.84
0.68
0.59
0.47
0.44
0.43
0.44
0.43
0.41
0.40
0.43
0.38
0.39
0.38
0.42
0.47
0.47
0.50
0.48
0.52
0.51
0.64
1.11
1.35
1.48
1.59
1.46
1.74
1.52
1.26
1.30
1.09
1.02
0.96
0.99
0.83
0.84
0.92
0.88
1.21
1.12
1.42
1.68
1.81
1.63
1.67
1.39
1.32
1.24
1.17
1.04
1.05
0.86
0.73
0.77
0.63
0.54
0.53
0.48
0.41
0.44
0.44
0.41
0.37
0.37
0.39
0.44
0.41
0.45
0.48
0.47
0.50
0.65
1.20
1.48
1.82
2.17
1.74
1.76
1.84
1.86
1.79
1.60
1.55
1.31
1.62
1.27
1.15
1.06
1.44
1.64
1.90
2.36
2.11
2.16
1.72
1.40
1.18
1.02
0.99
0.87
0.93
0.83
0.76
0.70
0.71
0.51
0.46
0.46
0.43
0.39
0.36
0.38
0.34
0.45
0.45
0.43
0.47
0.50
0.49
0.57
0.59
0.55
0.77
0.77
0.87
1.42
1.42
1.47
1.76
1.58
1.72
1.49
1.76
1.28
1.40
1.33
1.36
1.72
2.42
2.29
1.95
1.61
1.37
1.14
1.08
1.36
1.39
1.38
1.39
1.43
1.39
1.43
1.43
1.48
1.38
1.48
1.41
1.32
1.00
0.86
0.68
0.61
0.60
0.58
0.51
0.55
0.59
0.48
0.48
