0.40
0.41
0.50
0.59
0.67
0.66
0.59
0.59
0.55
0.65
0.66
0.79
0.73
1.04
1.09
1.03
0.96
1.20
1.24
1.18
1.21
1.11
1.32
1.10
1.11
1.08
1.05
1.02
0.92
0.89
0.95
0.93
0.98
0.82
0.74
0.81
0.93
1.04
1.09
1.16
1.28
1.19
1.24
1.05
0.90
0.79
0.70
0.63
0.60
0.59
0.55
0.55
0.69
0.60
0.57
0.49
0.44
0.46
0.43
0.44
0.35
0.50
0.74
1.09
1.36
1.25
1.35
1.40
1.32
1.08
0.95
1.10
1.03
1.01
1.13
0.86
0.83
0.83
1.00
1.39
1.52
1.37
1.55
1.44
1.42
1.28
1.22
1.25
1.17
1.12
0.94
0.84
0.65
0.71
0.57
0.56
0.55
0.55
0.54
0.53
0.65
0.64
0.66
0.74
0.66
0.61
0.59
0.56
0.56
0.58
0.52
0.84
0.97
1.57
1.28
1.29
1.28
1.18
1.66
1.74
1.39
1.22
1.12
1.03
0.91
0.99
1.04
0.94
1.05
1.05
1.19
1.17
1.16
1.13
1.08
0.96
0.91
0.77
0.61
0.58
0.57
0.60
0.58
0.58
0.64
0.67
0.63
0.70
0.68
0.73
0.69
0.74
0.77
0.71
0.64
0.60
0.60
0.56
0.71
0.62
1.23
1.54
1.49
1.56
1.45
1.48
1.70
1.64
1.75
1.61
1.35
1.30
1.02
1.12
1.20
1.16
1.05
1.43
1.67
1.71
1.49
1.30
1.20
1.11
1.03
0.96
0.89
0.73
0.62
0.72
0.69
0.66
0.66
0.64
0.69
0.75
0.73
0.68
0.74
0.79
0.76
0.80
0.69
0.71
0.74
0.70
0.73
0.69
0.73
0.59
0.68
0.86
1.20
1.17
1.27
1.41
1.77
2.03
2.01
1.80
1.77
1.54
1.37
1.15
1.17
1.05
1.13
1.07
1.09
1.41
1.40
1.32
1.59
1.55
1.66
1.41
1.32
1.33
1.23
1.11
0.96
0.84
0.78
0.59
0.56
0.54
0.54
0.48
0.55
0.55
0.58
0.63
0.59
0.60
0.59
0.62
0.75
0.71
0.63
0.73
0.93
1.29
1.40
1.15
1.31
1.75
1.54
1.32
1.42
1.42
1.38
1.41
1.42
1.21
1.19
0.97
1.19
1.17
1.08
1.34
1.52
1.48
1.50
1.51
1.20
1.12
1.04
0.95
0.87
0.88
0.72
0.81
0.68
0.78
0.70
0.61
0.60
0.56
0.51
0.60
0.73
0.61
0.69
0.60
0.62
0.64
0.56
0.55
0.67
0.70
0.53
1.03
1.03
1.37
1.38
1.59
1.83
2.63
2.29
2.13
2.26
1.93
1.59
1.66
1.54
1.46
1.29
1.16
1.42
1.52
1.30
1.49
1.54
1.50
1.79
1.82
1.72
1.64
1.55
1.53
1.32
1.20
0.98
0.84
0.69
0.69
0.60
0.71
0.63
0.78
0.80
0.70
0.93
1.07
0.93
1.01
0.74
0.72
0.62
0.63
0.64
0.57
0.74
0.84
0.94
1.61
1.77
2.70
2.91
2.62
2.71
2.28
2.48
2.40
2.36
2.05
2.01
1.78
1.45
1.39
1.37
1.61
1.50
1.84
1.65
1.54
1.31
1.15
1.12
0.99
0.97
0.84
0.74
0.65
0.78
0.73
0.76
0.65
0.65
0.58
0.64
0.60
0.63
0.62
0.60
0.69
0.71
0.74
0.94
1.08
0.84
0.91
0.69
0.97
0.95
1.21
1.43
1.52
1.90
1.72
2.58
2.39
2.16
1.79
1.71
1.51
1.51
1.14
1.12
0.98
1.00
0.97
0.93
1.21
1.32
1.30
1.53
1.49
1.27
1.09
1.19
1.25
1.17
1.23
1.21
1.15
1.00
0.84
0.69
0.59
0.60
0.55
0.54
0.42
0.43
0.48
0.52
0.68
0.66
1.18
1.42
1.01
0.86
0.67
0.70
0.75
1.63
1.84
1.68
1.81
1.52
1.65
1.35
1.46
1.68
1.63
1.30
1.33
1.23
1.14
1.20
1.17
1.01
1.09
1.16
1.04
0.93
0.75
0.74
0.78
0.78
0.72
0.65
0.95
0.88
0.80
0.72
0.68
0.55
0.53
0.52
0.53
0.44
0.53
0.63
0.56
0.51
0.55
0.68
0.63
0.74
0.63
0.62
0.51
0.44
0.46
0.57
0.61
0.51
0.73
0.63
0.92
0.86
0.93
0.78
0.60
0.60
0.50
0.50
0.55
0.55
0.48
0.44
0.39
0.37
0.37
0.36
0.33
0.37
0.42
0.41
0.44
0.47
0.49
0.51
0.55
