0.28
0.29
0.29
0.24
0.26
0.24
0.26
0.26
0.23
0.23
0.27
0.30
0.33
0.33
0.37
0.41
0.49
0.87
1.06
1.53
1.88
1.91
1.89
2.27
2.05
1.96
1.97
1.95
1.85
2.01
1.78
1.77
1.62
1.74
1.65
1.46
1.31
1.30
1.17
1.02
1.12
1.03
1.07
0.86
0.88
0.79
0.89
1.00
1.09
1.27
1.35
1.46
1.37
1.38
1.17
1.12
0.90
0.82
0.63
0.57
0.49
0.52
0.51
0.53
0.48
0.55
0.62
0.70
0.64
0.62
0.72
0.73
1.04
1.06
1.31
1.21
1.19
1.60
1.63
1.48
1.67
1.56
1.86
1.93
2.04
1.87
1.51
1.33
1.10
1.06
1.01
0.91
1.10
1.18
1.27
1.16
1.03
0.82
0.73
0.63
0.66
0.57
0.68
0.64
0.59
0.58
0.64
0.70
0.64
0.71
0.84
1.03
1.13
1.22
1.08
1.11
1.22
1.05
1.11
1.27
1.06
0.96
0.85
1.00
1.39
1.54
1.84
1.88
1.68
1.62
1.48
1.22
1.67
1.46
1.54
1.48
1.31
1.21
1.16
1.21
1.22
1.28
1.30
1.50
1.55
1.61
1.63
1.69
1.74
1.49
1.20
0.92
0.74
0.64
0.63
0.61
0.56
0.63
0.72
0.76
0.84
0.81
0.80
0.66
0.66
0.65
0.67
0.70
0.72
0.75
0.98
0.97
0.93
0.95
0.96
1.08
1.25
1.43
1.29
1.18
1.09
0.97
0.93
0.96
1.11
1.04
1.47
1.54
1.67
1.54
1.46
1.30
1.30
1.31
1.36
1.35
1.18
1.19
1.19
1.04
1.02
1.27
1.06
1.00
1.05
0.96
0.82
0.66
0.56
0.52
0.52
0.46
0.50
0.53
0.54
0.57
0.86
0.84
0.74
0.67
0.61
0.65
0.70
0.70
0.70
0.68
0.66
0.66
0.71
0.72
0.74
0.87
0.96
1.03
0.91
1.20
1.17
1.15
1.30
1.25
1.34
1.18
1.13
1.08
1.04
1.00
1.10
0.87
1.06
0.90
0.92
1.34
1.12
1.12
1.01
0.96
1.15
1.24
1.30
1.15
1.15
1.12
1.02
1.17
0.98
0.89
0.84
0.71
0.71
0.67
0.74
0.68
0.75
0.89
0.86
0.78
0.76
0.68
0.75
0.76
0.69
0.58
0.59
0.61
0.62
0.61
0.58
0.67
0.84
1.06
1.23
1.08
1.05
1.14
1.20
1.27
1.17
1.19
1.86
1.70
1.52
1.29
1.30
1.26
1.22
1.12
1.09
1.12
1.01
1.01
1.06
1.07
1.00
1.01
0.95
1.08
1.17
1.15
1.31
1.51
1.87
2.30
2.69
2.95
3.17
3.12
3.19
2.88
2.68
2.43
2.12
1.82
1.60
1.35
1.26
1.15
1.07
1.10
1.03
0.87
0.72
0.72
0.90
1.04
0.92
0.99
0.82
0.87
0.96
0.90
0.97
1.14
1.32
1.38
1.44
1.60
1.73
1.67
1.90
1.95
1.90
1.80
1.93
2.04
1.99
1.75
2.01
2.03
2.47
2.32
2.30
2.24
2.16
2.27
1.92
2.28
1.86
1.79
1.62
1.30
1.14
1.06
1.09
1.17
1.48
1.38
1.18
1.09
1.00
1.08
1.09
1.09
1.09
0.94
0.93
0.96
0.89
0.97
0.83
0.85
0.79
0.91
0.83
1.43
1.55
1.63
1.63
1.38
1.59
1.96
2.07
1.71
1.58
1.46
1.41
