0.29
0.30
0.31
0.31
0.31
0.31
0.32
0.35
0.30
0.31
0.31
0.29
0.29
0.31
0.30
0.31
0.32
0.40
0.67
1.15
1.36
1.53
1.53
1.49
1.65
1.57
1.40
1.44
1.36
1.43
1.33
1.27
1.16
1.24
1.10
1.09
0.98
0.97
0.97
1.09
0.97
0.90
0.92
0.87
1.05
0.92
1.00
0.99
0.89
0.81
0.77
0.78
0.75
0.70
0.74
0.87
0.90
0.93
0.92
0.87
0.86
0.84
0.95
0.87
1.03
1.06
1.06
1.18
1.18
1.15
1.05
1.03
0.95
0.87
0.95
0.77
0.85
0.83
0.92
1.12
1.20
1.21
1.41
1.54
1.47
1.38
1.20
1.27
1.49
1.27
1.04
1.07
1.01
0.94
0.76
0.99
0.82
0.70
0.88
0.83
0.78
0.63
0.53
0.52
0.58
0.55
0.61
0.80
0.79
0.79
0.81
0.73
0.68
0.67
0.62
0.64
0.56
0.59
0.57
0.81
0.79
0.81
0.80
0.75
0.79
0.76
0.83
0.96
0.95
0.91
0.87
1.06
1.05
1.25
1.29
1.81
1.80
1.60
1.36
1.43
1.46
1.29
1.16
1.13
1.14
1.31
1.17
1.11
1.06
0.99
1.03
1.26
1.36
1.33
1.29
1.36
1.56
1.35
1.21
1.15
1.05
1.05
0.97
0.95
1.05
0.93
0.95
0.86
0.73
0.82
0.69
0.76
0.69
0.80
0.76
0.84
0.80
0.76
0.83
0.74
0.91
0.82
0.88
0.83
1.03
1.31
1.49
1.48
1.54
1.62
1.98
2.16
1.68
1.71
1.66
1.34
1.44
1.30
1.33
1.37
1.19
1.20
1.01
1.06
1.20
1.08
1.04
1.08
0.91
1.02
1.34
1.20
1.20
0.92
0.96
0.93
1.03
1.16
1.22
1.23
1.31
1.32
1.47
1.38
1.17
1.11
1.02
0.97
0.81
1.01
0.97
1.34
1.15
1.33
1.32
1.14
1.17
1.06
1.06
1.23
1.38
1.54
1.97
2.25
2.82
2.61
2.19
2.33
2.01
1.78
1.81
1.86
2.07
1.84
1.60
1.57
1.29
1.27
1.09
0.91
1.07
1.14
1.08
1.02
1.03
1.03
0.98
1.09
1.09
1.42
1.66
1.92
2.06
2.34
2.29
2.22
2.08
1.94
1.84
1.75
1.66
1.49
1.75
1.60
1.57
1.46
1.31
1.26
1.23
1.40
1.35
1.25
1.39
1.75
2.07
2.38
2.32
1.97
1.81
1.87
1.63
1.59
1.58
1.46
1.48
1.56
1.40
1.20
1.20
1.12
1.00
1.13
1.18
1.08
0.91
0.70
0.71
0.86
0.87
0.99
0.93
1.24
1.17
1.16
1.30
1.20
1.21
1.10
1.00
0.99
0.96
0.95
1.04
0.95
1.17
0.96
1.15
1.00
0.82
1.00
0.88
1.12
1.25
1.44
1.29
1.25
1.65
1.54
1.56
1.92
1.95
1.79
2.05
1.81
1.67
1.75
1.65
1.52
1.35
1.47
1.29
1.17
1.03
1.01
1.09
1.25
1.16
1.14
0.96
0.94
0.81
0.81
0.88
0.97
1.08
1.16
1.04
0.99
1.04
0.93
0.96
1.09
0.98
1.07
1.17
1.20
1.18
1.29
1.83
1.71
1.41
1.39
1.34
1.29
1.59
1.52
1.50
1.75
1.78
1.92
1.73
1.57
1.59
1.87
2.12
1.82
1.88
1.97
1.86
1.64
2.06
2.07
2.12
1.83
1.64
1.91
1.65
1.37
1.26
1.49
1.44
1.37
1.20
0.96
0.86
0.78
0.73
0.77
0.81
0.84
1.01
1.02
1.30
1.21
1.21
1.09
1.05
0.99
1.05
1.15
1.26
1.30
1.27
1.09
1.15
1.39
2.16
2.11
1.88
2.18
2.04
2.02
2.08
2.43
2.75
2.70
3.15
3.85
3.50
3.47
3.37
2.74
3.06
2.75
2.41
2.30
1.97
1.90
1.56
1.49
1.31
1.17
1.04
0.97
0.84
0.66
0.66
0.55
0.55
0.50
0.61
0.72
0.73
0.93
0.82
0.89
0.84
0.78
0.72
0.76
0.80
0.73
0.63
0.89
0.91
0.78
0.73
0.94
0.90
1.02
1.14
1.02
1.09
0.84
0.87
0.71
1.24
1.23
1.42
1.93
1.67
1.99
2.20
2.24
2.47
2.20
1.70
1.60
1.20
1.05
1.12
1.36
1.53
1.53
1.77
1.88
1.84
1.83
1.71
1.41
1.72
1.17
0.91
0.66
0.60
0.66
0.66
0.75
0.63
0.75
0.66
0.80
0.90
0.98
1.22
1.13
1.05
1.18
1.34
1.38
2.03
2.12
2.21
1.68
1.49
1.25
1.30
