0.40
0.38
0.39
0.40
0.36
0.39
0.38
0.39
0.36
0.43
1.07
1.66
1.86
2.01
1.97
2.09
1.86
2.35
2.02
1.95
1.81
1.82
2.04
1.98
2.03
2.03
2.13
2.16
2.36
2.51
2.77
2.76
2.61
2.88
2.79
2.66
2.35
2.22
2.09
1.95
1.76
1.62
1.41
1.36
1.22
1.19
1.13
1.10
1.15
1.21
1.32
1.35
1.34
1.42
1.59
1.63
1.75
1.89
1.92
1.94
1.44
1.54
1.34
1.15
1.40
1.93
1.89
2.09
2.49
2.07
1.96
1.61
1.63
1.63
1.54
1.29
1.08
1.03
0.82
0.86
0.84
0.90
1.07
1.11
1.19
1.27
1.22
1.20
1.28
1.36
1.39
1.39
1.36
1.34
1.36
1.17
1.17
1.14
1.08
0.95
0.93
0.84
0.91
0.72
0.74
0.70
0.75
0.85
0.82
0.76
0.78
0.72
0.87
0.93
1.15
1.22
1.18
1.44
2.18
2.21
2.21
1.92
1.77
1.64
1.64
1.61
1.47
1.27
1.30
1.35
1.15
1.09
1.10
1.27
1.34
1.53
1.54
1.44
1.55
1.31
1.07
0.88
0.91
1.01
0.92
1.07
0.99
0.92
0.89
0.87
0.71
0.76
0.71
0.76
0.73
0.79
0.86
1.03
1.01
1.55
1.67
1.44
1.31
1.14
1.48
1.37
1.76
2.13
1.96
1.99
1.82
2.21
2.11
2.20
2.47
2.32
2.34
2.11
1.96
2.19
2.17
2.29
2.44
2.60
2.19
2.12
1.82
1.70
1.72
1.48
1.31
1.37
1.40
1.40
1.60
1.55
1.46
1.07
1.01
1.12
1.15
1.16
1.06
0.87
0.77
0.86
0.89
0.83
0.78
0.88
0.85
0.87
1.04
0.97
1.37
1.03
1.23
1.16
1.23
1.00
1.18
1.33
1.22
1.04
1.40
1.51
1.81
1.84
2.00
2.16
2.45
2.14
2.83
2.67
2.39
1.97
1.87
1.73
1.84
1.72
2.02
1.77
1.59
1.54
1.53
1.50
1.35
1.18
1.05
0.89
0.79
0.83
0.94
1.00
1.05
1.36
1.66
1.52
1.64
1.56
1.43
1.17
1.26
1.26
1.21
1.20
1.11
1.11
1.29
1.42
1.65
1.59
1.27
1.14
1.17
1.25
1.09
0.99
0.93
1.16
1.02
1.84
2.54
2.48
2.91
2.93
3.05
2.99
3.96
3.25
3.51
3.63
3.74
3.17
3.51
2.92
2.88
2.68
2.72
2.59
2.22
2.06
1.76
1.71
1.74
1.77
1.97
1.77
1.86
1.67
1.81
1.71
1.52
1.60
1.68
1.57
1.44
1.58
1.54
1.50
1.69
1.47
1.34
1.62
1.53
1.72
2.03
1.89
2.15
1.74
1.92
1.60
1.69
1.92
2.00
1.92
1.72
1.85
2.31
2.55
2.51
2.92
2.75
3.13
3.88
3.83
3.86
4.07
4.17
3.58
3.48
3.12
3.19
3.01
2.98
3.40
3.73
3.17
2.88
2.46
2.26
2.06
1.89
1.74
1.63
1.69
1.64
1.59
1.49
1.61
1.60
1.85
1.78
1.76
1.94
1.90
2.01
2.40
2.52
2.64
2.71
2.85
2.97
2.79
2.64
2.58
2.75
2.15
2.13
1.80
1.52
1.31
1.40
1.37
1.76
2.20
3.03
4.00
4.27
4.30
4.29
4.55
4.18
3.83
3.15
2.86
2.62
2.34
2.37
2.60
2.36
2.26
1.79
1.49
1.29
1.40
1.55
1.36
1.23
1.35
1.28
1.23
1.09
1.18
1.29
1.30
1.15
1.30
1.50
1.67
1.37
1.43
1.25
1.27
1.07
0.98
1.02
1.30
1.41
1.32
1.08
1.11
1.01
1.22
1.13
1.02
