0.26
0.25
0.27
0.27
0.27
0.28
0.29
0.29
0.28
0.32
0.28
0.31
0.27
0.30
0.36
0.44
0.98
1.19
1.13
1.33
1.57
2.23
2.08
1.77
2.00
2.06
1.84
1.53
1.42
1.42
1.37
1.46
1.27
1.17
1.05
1.01
0.98
0.88
0.84
1.02
1.28
1.37
1.54
1.69
1.62
1.58
1.29
1.07
0.95
1.03
0.91
1.09
1.13
1.00
0.89
0.81
0.76
0.66
0.64
0.60
0.55
0.62
0.59
0.65
0.67
0.76
0.73
0.78
0.81
0.95
0.87
0.93
1.00
1.31
1.43
1.74
2.07
2.09
1.84
2.01
1.73
1.65
1.61
1.35
1.35
1.37
1.51
1.44
1.75
1.94
2.16
2.12
2.25
2.21
2.53
2.67
2.57
2.30
2.02
1.76
1.52
1.45
1.26
1.25
1.18
1.13
1.02
0.97
0.76
0.76
0.77
0.70
0.67
0.66
0.62
0.63
0.54
0.55
0.67
0.72
0.91
0.85
0.90
0.85
0.99
1.18
1.41
1.71
1.69
1.58
1.59
1.43
1.29
1.41
1.67
1.66
1.64
1.44
1.46
1.32
1.28
1.41
1.62
1.76
2.16
2.10
2.16
1.86
1.68
1.46
1.34
1.14
1.04
1.17
1.09
0.90
0.86
0.83
0.76
0.68
0.63
0.81
0.79
0.75
0.96
1.02
0.96
0.87
0.91
0.98
1.01
1.08
1.46
1.44
1.68
1.77
1.97
1.67
1.48
1.57
1.51
1.49
1.46
1.50
1.32
1.21
1.43
1.40
1.34
1.35
1.33
1.54
1.68
1.72
1.74
1.80
1.64
1.51
1.36
1.39
1.35
1.35
1.49
1.59
1.51
1.54
1.40
1.43
1.12
1.02
0.87
0.81
1.03
1.07
1.16
1.34
1.18
1.12
1.09
0.95
1.02
1.40
1.46
1.44
2.15
2.65
2.76
2.49
2.09
1.85
1.95
1.73
1.62
1.58
1.91
2.42
2.53
2.17
2.00
1.67
1.51
1.30
1.27
1.24
1.15
1.03
0.87
0.71
0.79
0.77
1.22
1.27
1.46
1.41
1.54
1.30
1.18
0.91
0.87
0.93
1.04
1.53
1.30
1.48
1.23
1.10
0.84
0.91
0.91
1.04
1.30
1.54
1.62
1.73
1.96
2.17
2.36
2.13
2.50
2.55
2.70
2.43
2.42
2.02
1.71
1.99
1.72
1.65
1.49
1.41
1.26
0.94
0.80
0.71
0.77
0.82
0.81
0.79
0.81
1.19
1.25
1.28
1.27
1.16
1.19
1.22
1.25
1.34
1.34
1.32
1.29
1.51
1.44
1.62
1.55
1.70
1.59
1.58
1.19
1.23
1.20
1.35
1.81
1.58
2.12
2.53
2.42
2.86
2.39
2.11
1.89
1.95
2.18
2.39
3.52
3.64
3.74
3.43
3.42
3.42
2.70
2.29
2.51
1.89
1.61
1.35
1.07
0.93
0.79
0.76
0.77
0.77
0.88
1.02
1.03
1.13
1.18
1.13
1.18
1.13
1.28
1.16
1.51
1.29
1.67
1.53
1.99
1.47
1.73
1.35
1.36
1.09
1.09
0.90
1.35
1.26
1.12
1.51
1.38
1.81
1.89
2.33
2.30
2.33
2.29
2.22
2.24
1.94
2.28
2.16
2.28
2.20
2.00
2.30
2.07
1.92
2.15
1.91
2.00
1.75
1.64
1.51
1.35
1.07
0.97
0.76
0.67
0.71
0.78
0.77
0.87
0.99
0.96
0.90
0.85
0.89
0.72
1.72
1.95
2.51
2.67
2.33
2.78
2.45
1.97
2.21
2.27
1.84
2.16
1.82
2.18
2.16
2.15
2.23
1.95
1.55
1.54
1.13
1.19
1.11
0.93
0.84
1.24
1.50
1.11
0.90
0.82
0.75
0.80
0.72
0.73
0.58
0.43
0.39
0.39
0.37
0.35
0.33
0.32
0.32
0.31
0.28
0.28
0.23
0.26
0.25
