0.67
0.98
1.11
1.09
0.98
1.03
1.00
1.00
0.93
0.95
0.95
0.96
0.95
0.92
0.92
0.91
0.93
0.93
0.95
0.90
0.94
0.96
0.96
0.92
0.92
0.93
0.93
0.95
0.94
0.95
0.86
0.85
0.86
0.87
0.90
0.89
0.89
0.95
0.90
0.91
0.93
0.86
0.93
0.89
0.87
0.88
0.87
0.86
0.89
0.88
0.88
0.92
0.86
0.90
0.91
0.92
0.96
0.92
0.90
0.88
0.90
0.92
0.91
0.88
0.91
0.94
0.97
0.92
0.93
0.89
0.92
0.90
0.91
0.99
0.92
0.93
0.89
0.91
0.88
0.90
0.89
0.90
0.89
0.90
0.91
0.82
0.87
0.91
0.91
0.89
0.91
0.92
0.94
0.89
0.90
0.91
0.88
0.93
0.91
0.94
0.92
0.93
0.92
0.92
0.88
0.87
0.88
0.88
0.88
0.89
0.93
0.89
0.89
0.91
0.93
0.94
0.90
0.91
0.86
0.95
0.88
0.89
0.87
0.89
0.89
0.88
0.87
0.83
0.85
0.82
0.84
0.87
0.89
0.87
0.90
0.88
0.92
0.93
0.90
0.89
0.84
0.87
0.90
0.93
0.89
0.89
0.90
0.94
0.92
0.92
0.93
0.90
0.97
0.90
0.91
0.89
0.89
0.85
0.87
0.86
0.85
0.89
0.83
0.86
0.87
0.90
0.86
0.86
0.86
0.88
0.88
0.85
0.87
0.88
0.90
0.91
0.95
0.92
0.91
0.93
0.93
0.90
0.90
0.91
0.89
0.93
0.89
0.92
0.87
0.89
0.91
0.90
0.87
0.89
0.93
0.90
0.90
0.99
0.97
0.92
0.92
0.90
0.87
0.83
0.86
0.86
0.80
0.80
0.77
0.84
0.78
0.81
0.85
0.85
0.90
0.84
0.86
0.88
0.90
0.93
0.91
0.90
0.91
0.93
0.92
0.88
0.88
0.89
0.88
0.90
0.92
0.97
0.90
0.94
0.94
0.92
0.93
0.88
0.89
0.88
0.89
0.90
0.93
0.86
0.88
0.91
0.90
0.88
0.87
0.89
0.87
0.87
0.89
0.92
0.86
0.88
0.91
0.93
0.93
0.92
0.92
0.90
0.90
0.90
0.90
0.88
0.89
0.89
0.93
0.92
0.92
0.93
0.90
0.92
0.93
1.03
0.94
0.96
0.92
0.92
0.88
0.90
0.91
0.91
0.90
0.90
0.90
0.85
0.90
0.85
0.88
0.87
0.90
0.93
0.86
0.89
0.90
0.91
0.89
0.91
0.86
0.88
0.90
0.91
0.91
0.87
0.92
0.93
0.99
0.93
0.92
0.93
0.91
0.92
0.93
1.01
0.95
0.93
0.91
0.94
0.86
0.88
0.90
0.93
0.87
0.89
0.88
0.90
0.84
0.80
0.86
0.78
0.80
0.83
0.82
0.80
0.84
0.87
0.85
0.87
0.89
0.93
0.90
0.91
0.90
0.89
0.86
0.88
0.92
0.92
0.91
0.90
0.96
0.90
0.95
0.92
0.91
0.92
0.91
0.96
0.93
0.92
0.91
0.92
0.85
0.86
0.88
0.89
0.86
0.86
0.82
0.85
0.85
0.84
0.87
0.80
0.84
0.84
0.87
0.85
0.90
0.87
0.90
0.93
0.87
0.91
0.86
0.90
0.97
0.97
0.93
0.94
0.96
0.95
0.96
0.92
0.93
0.87
0.90
0.92
0.99
0.92
0.91
0.93
1.17
1.04
1.00
0.95
0.94
0.96
0.90
0.89
0.87
0.85
0.83
0.86
0.84
0.86
0.87
0.85
0.87
0.87
0.87
0.80
0.87
0.89
0.88
0.89
0.90
0.90
0.91
0.92
0.89
