0.29
0.30
0.30
0.33
0.27
0.34
0.35
0.33
0.33
0.44
0.46
0.47
0.50
0.60
1.02
1.09
1.21
1.03
1.28
1.66
1.85
1.75
1.69
1.68
2.12
2.10
2.30
2.18
2.29
2.35
1.92
2.02
2.11
2.57
2.56
2.46
2.22
1.77
1.44
1.48
1.37
1.16
0.92
0.83
0.81
0.69
0.57
0.50
0.49
0.55
0.65
0.70
1.03
1.18
1.52
1.62
1.65
1.58
1.52
1.44
1.31
1.17
1.07
0.98
0.79
0.82
0.76
0.76
0.72
0.92
1.02
1.09
1.07
0.87
0.98
0.98
0.99
0.96
1.03
1.53
1.79
1.42
1.39
1.48
1.72
1.74
1.65
1.83
1.79
1.78
1.56
1.31
1.36
1.44
1.43
1.62
1.63
1.50
1.41
1.30
1.09
1.08
1.06
1.14
1.09
0.99
0.95
1.14
1.17
1.31
1.32
1.25
1.10
0.96
0.97
0.84
0.78
0.79
0.76
0.83
0.81
0.81
0.82
0.88
1.00
1.09
1.13
1.46
1.54
1.82
1.86
1.51
1.35
1.23
1.30
1.50
1.34
1.36
1.28
1.22
1.38
1.43
1.69
1.84
1.64
1.73
1.69
1.63
1.48
1.30
1.17
1.04
0.99
1.13
1.21
1.18
1.49
1.46
1.45
1.30
1.20
1.13
0.98
0.87
0.90
0.86
0.86
0.97
1.01
1.03
1.17
1.00
1.00
1.15
1.23
1.30
1.21
1.47
2.17
2.51
2.64
2.68
2.40
2.01
1.78
1.48
1.48
1.64
1.81
1.83
1.96
1.90
1.83
1.80
1.85
1.64
1.44
1.24
1.06
0.89
0.75
0.75
0.79
0.85
0.86
0.90
0.91
0.87
0.98
0.97
1.09
0.92
0.90
0.94
1.02
0.97
1.00
1.38
1.35
1.66
1.86
2.25
2.45
2.83
3.07
3.25
3.17
3.09
3.06
3.21
3.18
3.26
3.01
3.24
2.62
2.31
2.12
2.19
2.32
2.41
2.17
2.01
2.87
2.94
3.06
3.21
3.00
2.78
2.53
2.09
1.81
1.46
1.17
0.88
0.78
1.02
1.24
1.15
1.15
1.36
1.45
1.54
1.29
1.12
0.98
0.95
0.95
0.89
0.96
0.95
1.10
1.04
1.29
1.42
1.69
1.53
1.92
2.10
2.50
2.61
2.83
2.62
2.82
2.46
2.39
2.30
2.68
2.28
2.25
2.04
1.82
1.94
2.34
2.72
2.73
2.82
3.04
3.06
2.73
2.18
1.65
1.34
1.72
2.17
2.62
2.96
3.21
3.30
3.34
2.82
2.32
1.98
1.64
1.33
1.30
1.54
1.61
1.33
1.42
1.27
1.20
1.04
0.97
0.99
1.22
1.37
1.46
1.72
1.83
2.05
2.10
2.28
2.13
1.74
1.88
1.69
1.86
2.00
2.42
2.62
2.64
2.66
2.49
2.39
2.33
2.11
2.25
1.90
1.40
1.09
0.95
0.94
0.90
0.93
0.79
0.98
1.18
1.18
1.01
0.95
0.95
1.02
1.01
1.05
1.21
1.38
1.35
1.24
1.72
1.48
1.35
1.69
1.53
1.27
1.44
1.77
2.01
2.17
2.03
2.61
3.23
3.83
3.44
3.36
2.88
2.27
2.35
2.60
2.76
2.48
2.34
2.21
2.97
2.85
2.63
2.37
2.54
2.81
2.74
2.21
2.10
1.80
1.50
1.23
1.06
0.99
0.85
0.82
0.81
0.86
0.95
0.83
0.84
0.83
0.82
1.09
1.25
1.75
2.00
2.11
2.40
2.61
2.83
2.34
1.99
1.63
1.44
1.38
1.51
1.52
2.64
3.25
3.71
3.99
3.95
3.22
3.07
2.37
2.73
2.65
3.18
3.13
3.37
3.42
3.10
3.39
3.14
3.58
3.33
3.11
2.89
2.34
2.08
1.67
1.46
1.13
0.94
0.74
0.66
0.65
0.53
0.51
0.59
0.60
0.72
0.66
0.69
0.73
0.86
0.80
0.79
0.78
0.74
0.87
0.87
0.87
0.81
1.03
1.27
1.61
1.64
1.54
1.42
1.30
1.21
1.29
1.07
1.36
1.20
1.46
1.22
1.17
1.01
1.06
0.94
0.94
0.99
1.15
1.20
1.24
1.23
1.18
1.09
1.05
0.81
0.72
0.60
0.77
0.63
0.53
