0.48
0.41
0.44
0.41
0.41
0.51
0.55
0.63
0.64
0.85
0.98
1.11
1.42
1.56
2.18
2.17
2.23
2.72
2.89
3.78
3.84
4.27
4.04
3.44
3.23
3.65
3.08
2.87
2.26
2.03
1.90
2.01
1.78
1.74
1.44
1.78
2.06
2.02
1.91
1.72
1.59
1.38
1.45
1.30
1.06
1.04
1.00
0.93
1.04
1.22
1.09
1.11
1.27
1.64
1.64
2.33
2.65
2.63
3.45
3.70
3.49
3.12
3.17
3.32
2.87
2.87
2.65
2.88
2.60
2.75
2.22
2.02
1.69
1.71
1.86
1.87
1.81
1.71
1.86
1.65
1.60
1.52
1.35
1.24
1.32
1.19
1.20
1.11
1.02
1.20
1.14
1.13
1.02
1.43
1.68
1.95
2.90
3.10
3.01
3.39
3.64
3.41
3.59
4.37
3.52
3.26
3.30
2.92
3.02
2.55
2.22
1.93
1.71
1.45
1.53
1.60
1.66
2.04
1.99
1.50
1.36
1.34
1.13
1.14
1.26
1.17
1.17
1.11
1.08
1.06
1.01
0.87
0.84
1.02
1.26
1.74
1.97
2.36
2.60
3.21
3.07
3.16
3.32
3.68
3.09
3.22
2.63
3.53
3.61
3.59
4.37
3.21
2.49
2.29
1.96
1.96
1.84
1.73
2.07
2.15
2.44
2.01
1.57
1.33
1.07
1.05
0.99
0.97
0.88
0.87
1.09
1.04
1.15
1.21
1.57
2.35
2.25
3.07
3.72
3.64
3.54
3.27
3.25
3.44
3.24
2.51
2.67
2.39
2.66
2.85
2.62
2.30
1.99
1.80
1.52
2.04
2.06
2.37
2.21
2.10
1.77
1.56
1.72
1.85
1.74
1.98
1.93
2.07
1.87
1.98
2.00
1.87
1.91
2.07
2.26
2.14
2.68
3.33
3.24
4.17
4.76
4.82
4.78
4.82
3.72
3.24
3.50
2.77
3.08
2.49
2.33
3.19
3.41
2.70
2.39
2.49
2.10
1.91
1.80
1.93
1.96
1.74
1.68
1.44
1.43
1.34
1.31
1.37
1.17
1.29
1.05
1.12
1.06
1.43
1.42
1.69
1.90
2.67
2.72
3.89
3.91
4.14
4.14
3.58
4.47
3.85
3.56
2.85
2.71
3.40
3.30
3.18
2.77
2.64
2.13
1.87
1.74
1.77
1.78
1.80
1.83
1.53
1.81
1.76
1.72
1.68
1.46
1.16
1.16
1.05
1.05
0.98
1.09
1.20
0.99
0.96
1.12
1.68
1.72
1.75
2.32
2.83
4.07
3.91
3.99
4.05
3.88
3.08
2.93
2.08
1.97
1.62
2.07
2.18
2.47
2.72
3.04
2.84
3.25
3.43
3.75
3.04
3.24
2.61
2.24
2.05
1.86
2.08
1.85
1.64
1.35
1.20
1.09
0.99
0.89
1.03
1.28
1.34
1.28
1.66
1.80
2.79
3.16
3.50
3.83
4.05
4.58
4.78
4.33
4.00
3.23
4.40
3.59
3.18
2.52
2.36
2.07
2.14
1.73
1.87
1.86
1.65
1.63
1.56
1.36
1.45
1.55
1.65
1.98
1.76
1.98
1.87
1.80
1.69
1.50
1.39
1.24
1.09
1.22
1.41
1.65
2.20
2.84
3.75
3.97
3.47
4.79
4.78
4.80
4.78
4.79
4.61
4.18
3.63
2.89
2.95
2.95
3.21
2.78
2.33
1.86
1.73
1.63
1.50
1.55
1.79
1.73
1.70
2.15
2.19
2.37
2.20
2.14
2.19
2.03
1.73
1.61
1.47
1.60
1.58
1.82
1.84
1.96
1.95
2.38
3.51
3.94
4.56
4.81
4.69
4.41
4.22
4.10
3.31
3.20
2.89
3.62
3.60
2.99
3.05
2.45
2.62
2.16
2.54
2.38
2.98
2.65
3.26
2.53
2.55
2.17
1.96
2.13
1.88
1.99
2.01
2.09
2.16
2.26
2.12
1.91
1.81
2.34
3.03
3.31
3.18
3.75
4.01
4.79
4.77
4.79
4.81
4.79
4.70
4.79
4.26
3.70
3.35
2.72
2.32
2.38
2.11
2.17
1.74
1.95
1.88
1.46
1.46
1.91
1.94
2.11
2.21
2.08
2.52
2.11
1.69
1.48
1.25
1.31
1.25
1.49
1.46
1.79
1.80
1.98
2.38
2.25
3.06
3.65
4.20
4.77
