0.49
0.47
0.52
0.40
0.39
0.40
0.40
0.37
0.47
0.67
0.79
0.80
0.71
0.98
0.92
1.24
1.53
1.88
2.11
2.49
3.08
3.23
3.62
3.81
4.14
4.17
4.52
4.02
4.37
3.80
3.39
2.75
2.54
2.18
2.02
1.83
1.47
1.46
1.23
1.22
1.65
1.63
2.00
1.84
1.77
1.77
1.48
1.41
1.34
1.31
1.22
1.09
0.95
0.84
0.70
0.71
0.65
0.73
0.74
0.79
0.77
0.76
1.03
1.50
1.85
2.11
1.96
1.95
2.61
3.22
2.72
2.72
2.23
2.04
2.41
1.91
1.53
1.24
1.24
1.24
1.13
1.14
1.41
1.34
1.33
1.19
1.62
1.63
1.50
1.46
1.49
1.43
1.25
1.13
1.03
1.01
0.83
0.84
0.87
0.77
0.81
0.92
1.09
1.36
1.70
2.16
2.45
3.01
3.92
4.38
4.30
4.00
3.92
4.35
3.95
3.76
3.41
3.56
3.58
2.88
2.87
2.52
2.25
1.80
1.60
1.30
1.41
1.58
1.50
1.74
1.26
1.32
1.24
1.04
0.97
0.82
0.67
0.54
0.47
0.52
0.59
0.56
0.80
0.89
0.79
0.87
0.88
1.29
1.57
1.59
2.06
2.76
3.86
4.78
4.56
4.56
4.28
4.01
4.50
4.28
3.60
3.36
2.79
2.76
2.48
2.21
2.18
2.22
2.20
1.95
2.03
2.14
1.90
2.38
2.31
2.17
2.12
1.72
1.35
1.15
1.01
0.78
0.80
0.74
0.65
0.71
0.71
1.02
0.91
0.94
1.15
1.61
1.71
2.07
2.81
2.94
3.57
3.48
3.08
3.34
2.95
2.85
2.88
3.24
2.80
3.48
3.84
3.18
2.26
2.29
1.90
1.67
1.59
1.72
1.47
1.46
1.77
1.49
1.91
1.87
1.91
1.76
1.55
1.35
1.34
1.17
1.01
0.90
0.96
1.05
0.99
1.21
1.28
1.91
2.18
2.50
2.94
3.97
4.69
4.13
4.65
4.47
3.88
4.38
3.77
4.19
3.30
3.16
2.87
2.78
2.66
2.12
1.89
1.68
1.30
1.61
1.46
1.52
1.86
1.74
1.71
1.54
1.30
1.27
1.20
1.27
1.43
1.27
1.39
1.43
1.56
1.46
1.49
1.46
1.47
1.69
1.63
2.33
2.74
3.04
3.38
3.65
3.94
3.77
3.25
3.58
3.70
4.02
3.53
3.73
3.51
3.63
3.61
3.30
3.23
3.22
2.93
2.48
2.42
2.31
2.31
2.06
2.55
2.10
2.00
1.86
1.50
1.77
1.50
1.24
1.37
1.10
1.10
1.26
1.22
1.20
1.08
1.13
1.62
2.29
2.77
3.94
4.81
4.78
4.78
4.78
4.79
4.79
4.77
4.80
4.65
4.15
4.33
4.78
4.46
3.98
4.02
3.54
3.48
3.18
3.21
3.30
3.11
2.60
2.65
2.50
2.67
2.80
2.55
2.04
2.04
1.57
1.22
1.07
0.90
0.92
1.09
1.43
1.55
1.84
1.71
1.92
2.04
2.08
2.11
2.63
3.15
3.65
3.76
3.92
4.48
4.78
4.76
4.80
4.79
4.77
4.78
3.94
3.14
2.61
2.67
2.47
3.20
2.95
2.60
2.67
2.57
3.81
3.19
2.76
3.09
3.24
3.08
2.73
2.72
2.48
2.17
2.05
2.05
1.77
1.54
1.36
1.33
1.65
1.70
1.58
1.52
1.41
1.37
1.87
1.84
2.11
2.58
2.49
3.69
4.01
4.47
4.27
4.77
4.79
4.50
3.77
4.11
3.17
3.86
3.05
3.45
3.24
2.75
3.89
3.12
3.04
3.14
3.50
2.99
3.10
2.83
2.72
2.36
1.96
1.60
1.81
1.62
1.65
1.55
1.42
1.64
1.59
1.55
1.52
1.22
1.45
1.41
1.38
1.51
1.87
2.17
2.49
2.76
3.37
3.87
4.21
4.59
4.78
4.79
4.78
4.79
4.78
4.79
4.30
4.42
4.25
4.68
4.74
4.28
4.58
4.31
3.63
3.39
3.56
3.22
3.27
2.66
2.48
2.38
2.22
1.97
2.01
1.77
1.90
1.90
2.13
2.14
2.14
2.18
2.19
2.16
2.15
2.05
1.99
1.97
1.85
1.76
1.68
1.64
1.45
1.46
1.36
1.38
1.10
1.04
1.01
0.93
0.87
1.01
1.13
1.14
1.19
1.24
1.34
1.47
1.47
1.45
1.45
1.40
1.31
1.28
1.19
1.09
1.07
