0.31
0.31
0.32
0.32
0.32
0.32
0.31
0.32
0.27
0.31
0.29
0.30
0.28
0.28
0.29
0.28
0.30
0.26
0.26
0.27
0.32
0.28
0.31
0.28
0.29
0.30
0.38
0.40
0.45
0.58
0.54
0.57
0.47
0.58
0.51
0.74
0.87
1.16
1.24
1.31
1.26
1.16
1.26
1.23
0.97
1.12
1.30
1.73
2.79
2.96
2.76
3.35
3.23
3.48
3.13
3.08
3.26
2.77
2.97
3.04
2.87
2.37
2.96
2.83
2.46
1.99
1.61
1.54
1.41
1.52
1.52
1.76
1.69
1.46
1.45
1.17
1.06
1.03
0.89
0.84
0.77
0.68
0.82
0.76
0.81
0.78
0.99
1.17
1.69
1.97
3.06
4.42
4.79
4.13
3.31
3.15
2.85
3.11
2.63
2.66
3.06
3.27
3.70
3.88
3.17
2.56
2.21
1.89
1.79
1.72
1.60
1.78
1.75
1.60
1.56
1.57
1.45
1.34
1.16
0.95
0.95
0.96
0.88
0.85
0.79
0.94
1.28
1.25
1.56
1.86
1.92
2.97
3.27
3.23
2.74
2.92
2.86
2.90
3.47
3.34
3.81
3.67
3.73
3.46
3.49
3.15
3.18
3.00
3.38
3.14
2.64
2.26
1.97
1.57
1.30
1.17
0.97
1.05
0.84
0.81
0.79
0.86
0.76
0.72
0.79
0.87
0.78
1.04
1.20
1.73
1.85
2.97
3.64
3.80
3.67
4.17
3.95
3.59
3.19
2.99
3.29
3.22
2.89
2.64
2.32
1.98
2.18
1.79
1.68
1.50
1.84
1.81
1.61
1.67
1.75
2.18
2.26
2.08
2.31
2.18
1.95
1.86
1.90
1.75
1.64
1.71
1.47
1.74
2.06
2.25
2.78
3.37
4.02
4.33
4.53
4.47
3.35
2.98
3.48
2.79
3.12
3.43
3.89
4.32
4.76
4.40
4.04
3.96
3.50
3.31
3.25
3.36
2.80
2.30
1.85
1.76
1.46
1.64
1.57
1.52
1.19
1.35
1.23
1.00
1.12
1.00
0.97
1.00
1.04
1.59
2.18
2.08
2.84
3.47
3.83
4.79
4.79
4.77
4.40
3.20
2.92
2.74
2.64
3.46
3.33
3.64
3.06
3.05
2.61
2.31
2.17
2.16
2.03
2.08
1.80
2.44
2.26
2.28
2.33
2.06
2.06
1.72
1.56
1.56
1.38
1.33
1.26
1.19
1.08
1.20
1.18
1.87
2.36
2.64
3.02
4.14
4.41
4.68
4.53
4.32
3.48
2.83
2.32
2.51
2.92
4.48
4.32
3.48
2.83
2.76
2.30
2.10
2.11
1.98
2.05
2.15
2.07
2.26
2.08
1.80
1.52
1.48
1.16
1.21
1.04
1.14
1.09
1.25
1.35
1.30
1.25
1.63
1.90
2.24
2.61
2.56
3.42
3.83
4.44
3.74
4.23
3.95
3.30
3.22
3.25
2.80
3.62
3.15
2.74
3.24
2.86
2.61
2.13
2.31
1.95
1.98
2.06
2.03
1.97
1.55
1.52
1.41
1.26
1.24
1.23
1.23
1.19
1.07
1.05
0.99
1.10
1.42
1.86
2.38
2.99
4.13
4.25
4.77
4.78
4.78
4.84
4.79
3.85
3.43
4.00
4.49
3.62
3.25
2.68
2.20
2.15
2.44
2.19
3.15
3.86
3.00
2.74
2.81
2.36
2.25
1.74
1.60
1.37
1.19
1.00
0.99
1.05
0.97
0.99
1.11
1.28
1.19
1.25
1.30
1.51
1.44
1.72
1.94
2.44
2.88
2.71
3.35
4.66
4.78
4.77
4.78
4.70
4.79
4.78
4.19
3.36
3.34
2.90
2.60
2.53
2.19
2.06
2.76
2.55
2.74
2.52
2.28
2.33
2.04
2.33
2.32
1.98
1.44
1.30
1.09
0.78
0.67
0.85
0.89
0.96
0.94
1.09
1.53
1.68
1.55
1.88
2.44
2.16
2.84
3.46
4.23
4.80
4.80
4.79
4.79
4.68
4.31
3.26
3.26
2.87
2.45
2.11
1.80
2.15
2.06
1.98
2.15
2.47
1.97
1.79
1.68
2.41
2.44
2.41
2.64
2.58
2.28
1.92
1.54
1.26
1.11
0.82
0.80
0.76
1.14
1.63
1.81
1.64
1.76
1.57
1.22
1.22
1.35
1.92
2.02
2.97
3.25
3.27
3.18
3.89
4.21
3.99
4.05
4.53
4.77
4.78
4.76
4.79
4.81
4.53
3.65
3.21
2.94
2.36
2.49
2.74
3.20
2.68
2.36
2.04
2.46
2.57
2.44
2.48
2.35
2.12
1.81
1.61
1.20
0.95
0.77
0.63
0.51
0.50
0.45
0.45
0.37
0.35
0.35
0.33
0.34
0.40
0.49
0.63
0.80
0.96
1.14
1.28
1.44
1.49
1.54
1.54
1.57
1.50
1.52
1.52
1.50
1.35
1.29
1.10
0.91
0.88
1.20
1.76
2.24
2.54
2.75
2.80
2.67
2.59
2.41
2.33
2.22
2.30
2.21
2.19
2.07
2.03
1.98
1.98
