0.37
0.41
0.49
0.72
0.92
1.15
1.22
1.44
1.43
1.77
1.61
1.30
1.13
1.15
1.11
1.56
2.02
2.73
3.08
3.78
3.77
4.18
4.81
4.79
4.78
4.79
4.36
4.07
4.73
3.95
3.43
3.40
3.30
3.04
2.84
2.75
2.35
2.41
2.06
1.96
1.59
1.63
1.53
1.47
1.38
1.33
1.24
1.58
1.58
1.41
1.28
1.05
0.97
0.85
0.83
0.89
0.82
0.94
0.97
0.82
0.85
1.01
1.13
1.29
1.61
2.36
2.73
3.01
3.50
3.45
3.00
3.06
4.13
3.54
3.58
3.44
3.54
3.46
3.24
3.32
2.83
2.45
2.28
2.61
2.61
2.71
2.91
2.64
2.66
2.72
3.05
2.82
2.64
2.29
1.86
1.73
1.37
1.09
1.42
1.49
1.55
1.82
1.89
1.95
2.01
2.00
2.25
2.06
1.98
2.02
2.18
2.46
2.85
2.73
2.83
2.87
3.38
3.92
4.03
3.44
3.94
3.44
3.05
3.04
2.92
2.82
2.61
2.20
1.99
2.17
1.88
1.96
2.03
2.00
2.04
2.31
2.22
1.88
1.47
1.29
1.07
1.15
1.43
1.52
1.49
1.63
1.70
1.56
1.78
1.61
1.77
1.89
1.78
1.62
1.67
1.90
2.22
2.43
2.75
3.18
4.35
4.56
4.78
4.44
4.25
4.61
3.40
3.26
2.61
2.82
2.61
2.25
2.01
2.16
2.20
2.11
2.16
1.84
1.96
2.13
2.29
2.65
2.50
1.98
1.78
1.32
1.17
1.03
1.00
1.16
1.47
1.47
1.80
1.82
1.94
1.95
1.90
1.75
1.81
1.74
2.05
2.41
2.20
2.59
3.39
3.36
3.57
3.98
4.40
4.76
3.83
3.23
2.97
3.23
3.25
3.15
3.08
2.65
2.82
2.91
2.78
3.05
2.77
2.94
2.61
2.53
2.55
2.66
2.67
2.22
1.66
1.35
1.17
0.96
0.79
0.83
0.88
1.03
1.53
1.87
1.89
2.06
2.14
2.06
2.06
2.27
2.22
2.44
2.87
3.66
3.88
4.35
4.30
4.23
4.02
4.56
3.99
4.61
4.08
4.08
3.23
2.83
2.51
3.03
2.92
2.23
2.08
2.49
2.67
2.98
2.81
3.00
2.85
2.66
2.64
2.86
2.96
2.67
2.17
1.74
1.43
1.21
1.13
1.31
1.43
1.58
1.41
1.52
1.55
1.57
1.39
1.43
1.48
1.58
1.32
1.48
2.00
2.30
2.46
3.19
3.25
3.84
4.61
4.79
4.78
4.78
4.78
4.46
4.24
3.63
3.04
2.82
2.65
3.71
3.69
3.62
3.56
3.04
3.34
3.48
3.06
3.12
2.86
3.16
2.54
2.30
3.33
3.19
2.99
2.82
2.71
2.37
2.24
1.92
1.65
1.52
1.39
1.33
1.32
1.28
1.04
1.13
1.36
1.36
1.32
1.22
1.29
1.38
1.84
2.62
3.21
2.86
3.34
3.57
3.94
4.47
4.78
4.00
4.49
3.78
3.88
3.15
2.82
2.63
2.53
2.23
2.29
2.25
2.67
2.79
3.00
3.06
3.08
3.15
3.06
2.78
2.30
2.37
1.85
1.93
1.81
1.99
1.92
1.87
1.84
1.61
1.44
1.49
1.55
1.37
1.33
1.34
1.46
1.25
1.31
1.36
1.38
1.33
1.32
1.73
2.00
2.75
2.80
3.54
3.33
4.78
4.79
4.77
4.80
4.78
4.79
4.77
4.84
4.79
4.77
3.89
3.51
3.76
3.23
3.89
3.44
3.46
3.37
3.39
2.71
2.54
2.29
2.12
2.61
2.50
3.23
3.74
3.25
3.31
3.05
2.61
2.51
2.05
1.82
1.43
1.24
1.07
0.96
0.78
0.65
0.56
