0.38
0.37
0.36
0.34
0.34
0.34
0.38
0.34
0.35
0.41
0.35
0.54
0.57
0.77
0.74
0.83
0.76
0.81
1.08
1.05
0.90
1.20
1.19
1.60
2.07
3.43
4.13
3.86
4.10
4.16
4.58
4.70
3.86
4.06
3.92
4.16
4.12
3.67
3.65
3.26
3.14
2.97
2.72
2.59
2.64
2.11
1.85
1.50
1.67
1.68
1.93
1.86
1.93
1.73
1.67
1.48
1.43
1.28
1.20
1.12
1.09
0.94
0.96
1.01
0.92
0.90
0.84
0.82
0.87
0.95
1.41
1.58
1.78
1.80
2.29
2.46
3.50
3.56
4.16
4.77
4.78
4.53
3.80
3.26
2.84
2.24
2.29
2.16
2.18
2.42
2.68
2.56
2.40
2.02
1.67
1.60
1.76
1.86
1.79
1.57
1.81
1.63
1.83
1.60
1.56
1.38
1.30
1.28
1.30
1.22
1.07
0.99
1.10
1.18
1.43
1.27
1.49
1.83
2.47
3.84
3.64
3.41
3.95
3.58
3.90
4.64
3.87
3.48
3.28
3.00
2.63
2.80
2.96
3.12
3.32
4.05
4.52
4.35
4.78
4.24
4.26
3.70
3.38
2.74
2.74
2.22
2.30
2.43
2.47
2.42
2.33
2.18
2.06
1.98
1.81
1.80
1.62
1.74
1.74
1.74
1.71
1.72
2.17
2.30
2.83
3.01
3.73
3.51
4.02
4.76
4.57
4.33
4.13
3.75
3.61
3.91
3.53
3.36
2.94
2.69
2.99
2.96
3.04
2.74
2.63
2.52
2.60
2.16
2.31
2.36
2.62
2.61
2.29
2.25
2.27
1.99
1.80
1.82
1.65
1.59
1.52
1.50
1.59
1.50
1.33
1.37
1.56
2.27
2.68
3.42
4.10
4.32
4.81
4.78
4.78
4.54
3.86
4.21
3.33
3.68
4.01
4.15
4.33
4.11
4.11
4.13
4.00
4.03
3.63
3.27
2.74
2.32
2.07
2.18
2.50
3.29
3.48
3.42
3.29
3.27
3.04
2.59
2.55
2.38
2.17
2.03
2.03
2.03
1.75
1.91
2.01
2.36
2.91
3.24
3.66
4.05
3.95
4.79
4.80
4.80
4.49
4.26
4.76
4.63
3.75
3.81
4.16
4.15
4.34
4.54
4.63
4.59
3.89
3.57
2.77
2.46
2.21
2.25
2.47
2.95
3.22
3.42
3.55
3.41
3.20
2.94
2.66
2.28
1.94
1.73
1.37
1.36
1.23
1.05
1.09
1.00
0.99
1.08
1.36
1.86
1.82
2.70
3.13
4.04
4.76
4.82
4.73
4.80
4.79
4.71
3.81
4.53
3.66
3.47
3.89
3.63
3.54
3.45
3.40
3.20
2.58
2.30
2.68
2.43
2.38
2.46
2.57
3.10
2.94
2.90
2.64
2.42
2.21
2.14
1.93
1.65
1.44
1.18
1.36
1.38
1.07
0.93
0.96
0.97
0.98
1.25
1.54
1.75
2.34
3.17
4.01
4.49
4.79
4.79
4.78
4.79
4.79
4.04
3.58
3.78
3.42
3.31
3.23
3.13
2.87
3.26
3.10
3.35
3.34
3.34
3.11
2.89
2.55
2.62
2.54
2.39
2.42
1.97
2.13
2.33
2.46
3.06
3.07
3.13
2.96
2.72
2.56
2.34
2.17
1.90
1.77
1.67
1.62
1.64
1.80
2.22
3.24
3.21
3.79
4.24
4.56
4.57
4.79
4.78
4.79
4.77
4.80
4.27
4.47
3.64
2.96
3.66
4.44
4.79
4.75
4.76
4.80
4.79
4.77
