0.39
0.43
0.50
0.43
0.39
0.44
0.43
0.52
0.59
1.07
1.41
2.18
1.89
2.35
2.10
1.81
1.53
1.21
1.25
1.41
1.38
1.16
1.03
0.99
1.16
1.27
2.14
1.72
1.49
1.57
1.44
1.18
1.26
1.18
1.00
0.92
1.01
0.95
0.91
0.85
0.76
0.63
0.68
0.67
0.73
0.79
0.81
0.95
1.00
1.16
1.05
1.10
1.17
1.09
1.23
1.88
2.06
2.49
2.19
1.90
1.84
1.72
1.70
1.66
1.48
1.33
1.02
1.12
1.21
1.68
1.53
1.67
1.67
1.69
1.56
1.62
1.62
1.56
1.31
1.11
0.94
0.95
0.95
1.04
1.13
1.03
1.07
1.15
0.87
0.73
0.67
0.63
0.79
0.88
0.83
1.03
1.11
1.22
1.30
1.28
1.84
1.78
1.64
1.81
2.02
2.11
1.69
1.57
1.48
1.47
1.22
1.01
0.89
0.78
0.73
1.17
1.22
1.32
1.59
1.52
1.34
1.32
1.22
1.05
0.99
0.89
0.83
0.82
0.74
0.63
0.67
0.72
0.81
0.73
0.65
0.64
0.61
0.69
0.83
0.97
1.02
0.98
0.92
1.09
1.39
1.22
1.33
1.46
1.61
1.47
1.83
1.95
2.32
2.10
2.14
1.67
1.55
1.31
1.36
1.35
1.48
1.36
1.27
1.06
1.03
0.97
0.97
0.84
0.70
0.67
0.60
0.62
0.62
0.60
0.54
0.55
0.56
0.64
0.83
1.04
1.38
1.28
1.25
1.68
1.63
1.83
2.94
3.58
3.15
2.75
2.55
2.34
2.54
2.17
1.76
1.43
1.19
1.09
1.06
1.05
1.10
1.07
0.95
0.87
0.86
0.75
0.64
0.75
0.65
0.79
0.82
0.87
1.00
0.82
0.69
0.57
0.56
0.70
0.84
0.83
0.93
1.02
1.23
1.23
1.15
1.34
1.68
2.11
2.69
2.56
2.46
2.20
2.52
2.17
2.06
1.81
1.47
1.29
1.27
1.45
1.37
1.38
1.15
1.05
0.89
0.85
0.89
0.72
0.73
0.63
0.78
0.82
0.85
0.80
0.91
0.86
0.80
0.93
0.92
1.06
1.25
1.40
1.29
1.27
1.26
1.12
1.22
1.17
1.19
1.99
1.84
1.81
1.71
1.69
1.83
1.64
1.48
1.70
1.70
1.51
1.36
1.16
0.97
1.07
1.22
1.11
1.10
0.97
0.91
0.82
0.96
0.81
0.81
0.69
0.64
0.71
0.88
0.84
0.84
0.96
0.82
0.77
0.63
0.68
0.82
0.75
0.96
0.98
1.19
1.04
0.98
1.06
1.33
1.65
1.66
1.72
2.23
2.15
2.64
2.46
2.82
2.82
2.31
2.04
1.66
1.49
1.14
1.21
1.45
1.35
1.40
1.14
0.96
1.03
0.90
0.89
0.79
0.69
0.77
0.65
0.84
0.89
1.08
1.02
0.99
0.86
0.70
0.60
0.66
0.97
0.82
0.97
1.23
1.20
0.93
0.87
0.92
0.93
1.09
1.35
1.89
2.54
2.56
2.61
2.31
2.10
1.92
1.85
2.12
1.74
1.51
1.36
1.56
1.62
1.55
1.59
1.64
1.50
1.20
1.19
0.94
1.01
0.86
0.92
0.84
1.25
1.08
1.19
1.14
1.02
0.98
0.80
0.64
0.64
0.67
0.94
0.99
1.14
1.13
0.99
1.04
1.21
1.62
2.00
2.20
2.02
2.24
2.17
2.67
2.83
3.67
2.86
2.58
2.79
2.34
1.85
1.62
1.68
2.19
1.90
1.70
1.68
1.54
1.25
0.95
1.02
0.77
0.78
0.67
0.85
1.04
1.30
1.25
1.22
1.05
0.84
0.70
0.68
0.93
1.22
1.58
1.52
1.52
1.59
1.98
1.91
1.96
2.11
2.47
2.31
2.31
2.73
2.21
2.16
1.64
1.39
1.32
1.98
2.10
2.15
2.05
1.92
1.82
1.46
1.28
1.07
1.00
0.88
0.88
0.71
0.68
0.99
1.10
1.15
1.10
0.86
0.73
0.59
0.60
0.80
0.69
0.89
1.02
1.26
1.87
1.93
2.72
2.27
3.04
3.49
2.79
2.56
2.45
2.04
1.96
1.96
2.18
1.74
1.74
1.52
1.63
1.96
2.06
2.26
2.24
1.92
1.81
1.41
1.29
1.12
0.99
0.95
0.98
1.30
1.05
0.97
1.17
1.07
1.30
1.21
1.03
0.94
0.77
1.06
0.86
0.91
1.02
1.15
1.51
1.29
1.27
1.29
1.33
1.37
1.32
1.25
1.09
0.99
0.92
