0.38
0.37
0.39
0.55
0.61
0.63
0.61
0.77
1.71
2.06
2.32
2.28
1.94
1.79
1.46
1.77
1.69
1.41
1.19
1.08
1.00
1.38
1.58
1.60
1.66
1.67
1.29
1.18
1.01
1.31
1.54
1.79
1.95
1.73
1.49
1.35
1.18
1.02
0.92
0.76
0.67
0.69
0.65
0.57
0.59
0.52
0.48
0.47
0.54
0.65
0.64
0.91
0.90
0.88
1.25
1.38
1.55
1.40
1.42
1.56
1.29
1.08
0.96
0.93
1.09
1.14
1.64
1.75
1.42
1.68
1.47
1.17
1.06
0.88
0.87
0.77
0.73
0.80
0.78
0.79
0.84
0.80
0.67
0.76
0.79
0.90
0.91
1.00
1.09
1.19
1.20
1.00
1.39
1.36
1.81
1.61
2.11
2.71
2.27
2.07
2.16
1.90
1.70
1.35
1.02
0.99
0.90
0.89
0.82
0.88
0.88
0.94
0.87
0.78
0.71
0.67
0.66
0.57
0.81
0.71
0.78
0.68
0.68
0.51
0.52
0.49
0.61
0.67
1.01
0.81
0.78
0.82
0.84
1.12
1.31
1.37
1.34
1.41
1.24
1.96
2.02
2.21
2.55
2.40
2.38
2.29
1.69
1.34
1.13
0.97
1.13
1.12
1.15
0.96
1.03
0.78
0.73
0.72
0.64
0.61
0.60
0.63
0.65
0.73
0.80
0.66
0.63
0.71
0.61
0.57
0.51
0.54
0.56
1.00
1.02
1.06
1.06
0.96
0.95
0.85
0.83
0.74
1.22
1.56
1.69
2.32
2.39
2.51
2.18
1.89
2.09
2.07
1.57
1.20
0.97
1.03
1.06
1.16
1.23
1.40
1.35
1.09
1.16
0.90
0.80
0.78
0.69
0.79
0.82
0.90
0.81
0.81
0.74
0.73
0.60
0.51
0.42
0.59
0.58
0.78
0.83
0.96
0.86
0.89
0.93
1.09
1.41
1.64
1.64
1.48
2.01
2.07
1.97
1.94
1.85
2.38
1.81
1.56
1.62
1.24
1.12
0.94
0.98
1.32
1.15
1.08
1.06
0.94
0.87
0.87
0.87
1.06
1.08
1.02
0.93
1.07
0.97
0.88
0.84
0.77
0.66
0.54
0.53
0.74
0.77
0.63
0.68
0.65
0.56
0.62
0.88
0.95
0.87
1.21
1.72
1.92
1.97
2.65
2.56
2.95
2.60
2.23
1.94
1.67
1.32
1.17
1.24
1.59
1.29
1.30
1.09
1.13
0.95
0.92
1.03
1.30
1.22
1.11
1.22
1.23
1.14
0.94
1.00
0.96
0.75
0.60
0.59
0.64
0.74
0.75
0.85
0.79
1.23
1.10
1.59
1.84
1.78
2.06
2.43
3.27
2.59
2.37
2.52
2.22
1.65
1.72
1.52
1.08
1.00
1.01
1.17
1.28
1.08
0.81
0.79
0.69
0.62
0.66
0.63
0.62
0.74
0.82
0.77
0.78
0.65
0.54
0.55
0.62
0.56
0.61
0.71
0.67
0.83
0.79
0.93
1.19
1.08
1.13
1.17
1.16
1.38
1.12
1.45
1.71
1.66
1.64
1.65
1.36
1.11
0.95
1.05
0.93
0.90
0.81
0.87
1.11
1.29
1.27
1.13
1.24
1.48
1.38
1.22
1.21
1.19
1.05
0.88
0.77
0.61
0.58
0.57
0.59
0.74
0.75
0.90
1.14
1.16
1.10
1.07
1.33
1.41
1.58
2.48
2.51
2.05
1.80
1.72
2.00
1.91
1.90
1.57
1.28
1.12
1.19
1.58
1.67
1.45
1.34
1.14
1.04
1.10
1.07
1.17
1.14
1.27
