0.35
0.32
0.45
0.47
0.40
0.38
0.43
0.48
0.55
0.82
0.92
1.14
1.29
1.38
1.31
1.43
1.33
1.46
1.49
1.90
1.76
1.53
1.28
1.18
1.20
1.24
1.52
1.43
1.34
1.30
1.23
1.05
0.90
0.98
0.98
0.86
0.76
0.74
0.69
0.65
0.62
0.70
0.68
0.67
0.60
0.52
0.44
0.45
0.86
0.91
0.92
1.14
1.03
0.93
0.99
0.83
0.92
0.92
0.86
0.98
1.09
1.25
1.69
2.15
2.02
1.84
1.67
1.51
1.28
1.23
0.99
0.99
0.89
1.11
1.14
0.93
0.89
0.70
0.81
0.70
0.71
0.86
0.89
0.72
0.72
0.90
0.99
0.99
0.82
0.82
0.63
0.56
0.53
0.50
0.67
0.91
0.87
0.85
0.93
0.90
1.06
1.06
1.22
1.28
1.53
1.89
2.54
2.34
2.08
1.98
1.92
2.17
2.83
2.57
2.27
1.88
1.42
1.20
1.57
1.49
1.52
1.52
1.34
1.19
1.09
0.86
0.87
0.82
0.96
0.96
0.97
0.84
0.89
0.91
0.80
0.57
0.59
0.52
0.50
0.55
0.64
0.73
0.77
0.79
0.77
0.85
0.87
1.05
1.11
1.09
1.30
1.72
1.91
2.01
1.92
2.21
2.17
2.15
1.61
1.36
1.14
0.94
0.93
0.91
1.19
1.02
0.95
0.93
1.02
0.95
0.93
0.91
1.29
1.05
1.05
1.05
1.10
1.02
0.96
0.86
0.63
0.58
0.51
0.56
0.67
0.69
0.78
1.00
0.97
0.87
1.21
1.56
1.56
1.41
2.23
2.17
1.81
1.85
2.73
2.28
1.96
1.85
1.52
1.18
0.99
1.05
1.30
1.22
1.04
1.08
0.99
0.86
0.87
0.75
0.67
0.66
0.65
0.76
0.72
0.70
0.76
0.73
0.68
0.62
0.53
0.54
0.62
0.73
0.73
0.69
0.70
0.82
0.73
0.80
1.11
1.22
1.34
1.30
2.70
2.28
2.59
2.35
2.12
1.71
1.38
1.13
1.05
1.04
0.91
0.92
1.13
1.27
1.16
1.02
1.09
0.98
0.96
0.89
0.98
1.00
1.17
1.01
1.09
1.03
1.01
0.94
0.78
0.65
0.58
0.51
0.61
0.83
0.70
0.79
0.66
0.79
1.68
1.43
1.35
1.45
1.50
1.88
1.72
2.22
2.00
2.02
1.95
1.88
1.52
1.60
1.29
1.20
1.02
1.02
1.23
1.51
1.53
1.35
1.15
1.35
1.27
1.28
1.42
1.28
1.02
0.89
1.19
1.18
1.06
1.08
1.03
0.80
0.67
0.58
0.57
0.65
0.78
0.99
1.33
1.19
1.52
1.27
1.36
1.54
1.52
1.40
1.96
2.71
2.92
2.25
2.02
1.98
2.04
1.74
1.79
1.44
1.29
1.13
1.14
1.41
1.38
1.43
1.52
1.36
1.20
1.01
0.97
0.86
0.90
0.74
0.93
0.93
0.96
0.89
0.81
0.71
0.61
0.52
0.53
0.61
0.86
0.93
0.83
0.95
1.01
1.04
1.01
1.24
1.12
1.34
1.34
2.58
2.13
2.03
2.52
2.51
2.98
2.82
2.17
2.15
1.71
1.33
1.32
1.21
1.23
1.20
1.07
1.01
0.80
0.72
0.65
0.77
0.71
0.69
0.78
0.89
0.85
0.74
0.59
0.61
0.50
0.56
0.56
0.59
0.79
1.03
1.04
0.95
0.81
0.95
1.01
1.22
1.52
1.90
2.23
2.17
2.44
2.17
2.22
2.36
1.88
1.48
1.27
1.14
0.98
0.92
1.49
1.69
1.35
1.16
1.07
0.89
0.94
0.73
0.82
0.74
0.92
0.79
0.76
0.68
0.68
0.61
0.52
0.46
0.49
1.07
1.01
0.96
1.15
1.17
1.38
1.54
1.70
1.52
1.59
1.87
2.07
2.12
2.00
2.03
2.11
1.73
1.94
1.70
1.38
1.23
1.21
1.56
1.63
1.64
1.50
1.39
1.14
0.98
0.89
0.77
0.91
0.80
0.82
0.81
0.87
0.93
0.89
0.97
0.81
0.72
0.58
0.52
0.76
0.74
0.83
1.06
1.06
1.51
1.73
1.54
1.41
1.41
1.33
1.36
1.64
1.53
1.96
1.90
1.89
2.15
2.56
2.17
2.20
1.96
1.76
1.57
1.46
1.40
1.33
1.68
1.58
1.38
1.35
1.09
1.09
