0.29
0.27
0.28
0.28
0.25
0.28
0.27
0.29
0.27
0.29
0.34
0.49
0.65
0.61
0.74
1.05
1.19
1.78
1.91
2.28
1.83
1.83
1.58
1.41
1.30
1.09
1.27
1.93
1.93
2.37
3.49
4.53
4.56
3.85
3.45
3.25
3.75
3.53
3.72
3.35
3.18
2.79
2.22
1.74
1.55
1.40
1.17
1.33
1.19
0.95
0.74
0.68
0.68
0.70
0.92
0.89
1.00
0.95
1.01
1.41
1.76
2.08
2.08
2.00
1.74
1.48
1.24
1.29
1.30
1.11
1.05
1.23
1.37
1.37
1.30
1.72
2.15
2.04
2.26
2.05
1.60
1.55
1.19
1.02
0.80
0.74
0.84
0.76
0.77
0.68
0.69
0.72
0.82
0.98
0.83
0.75
1.03
0.88
0.87
1.04
1.14
1.11
1.27
1.76
1.66
1.66
1.61
1.63
1.71
1.52
1.18
0.97
0.95
1.10
1.35
1.20
0.95
0.72
0.85
0.77
0.82
0.76
0.81
0.82
0.76
0.77
0.71
0.81
0.66
0.72
0.65
0.59
0.55
0.56
0.54
0.70
0.67
0.69
0.85
0.84
0.95
0.98
1.03
1.09
1.06
1.31
1.92
2.10
1.96
1.97
2.12
1.95
2.05
1.65
1.48
1.27
1.08
1.23
1.28
1.41
1.46
1.39
1.17
1.15
1.14
0.93
0.77
0.74
0.73
0.65
0.72
0.71
0.62
0.56
0.51
0.49
0.53
0.55
0.78
0.81
0.79
0.82
0.80
0.91
0.87
0.88
0.78
0.95
1.29
1.18
1.21
1.16
1.68
1.51
1.55
1.36
1.18
1.00
0.89
0.88
1.21
1.37
1.34
1.13
1.01
0.93
0.91
0.78
0.80
0.63
0.71
0.72
0.70
0.70
0.68
0.66
0.65
0.61
0.46
0.42
0.41
0.41
0.60
0.66
0.79
0.70
0.77
1.01
1.10
0.90
0.80
0.76
0.73
1.46
1.44
1.67
1.57
1.32
1.55
1.54
1.10
1.06
1.08
1.07
1.01
1.32
1.74
1.46
1.30
1.32
1.15
1.03
0.81
0.73
0.67
0.65
0.75
0.79
0.86
0.67
0.70
0.73
0.61
0.62
0.47
0.43
0.49
0.53
0.61
0.68
0.59
0.93
0.81
0.74
0.77
1.02
1.15
1.01
1.37
1.36
1.39
1.48
1.60
1.77
1.71
1.43
1.34
1.11
1.14
1.03
1.23
1.27
1.19
1.29
1.07
0.96
0.94
0.91
0.90
0.78
0.68
0.73
0.81
0.78
0.92
0.88
0.81
0.81
0.71
0.67
0.65
0.64
0.78
0.86
0.97
0.94
1.08
0.90
1.26
1.06
0.91
1.02
0.94
1.34
1.65
1.57
2.09
1.99
1.63
1.42
1.27
1.11
0.93
1.03
1.52
1.51
1.26
1.51
1.24
1.01
0.90
0.71
0.88
0.77
0.91
0.74
1.15
1.75
1.58
1.30
1.00
0.75
0.73
0.69
1.03
1.37
1.61
1.43
1.14
1.22
0.96
0.89
0.94
1.08
0.95
1.33
1.30
2.04
2.58
2.49
3.39
3.28
3.38
3.10
3.29
3.02
2.37
1.99
1.74
1.51
1.45
1.55
1.65
1.61
2.10
1.98
1.84
1.50
1.43
1.19
1.11
0.99
0.93
0.95
0.76
0.73
0.84
0.82
0.72
0.65
0.66
0.68
0.81
1.04
0.95
1.13
1.38
1.23
1.07
1.01
1.19
1.28
1.31
1.52
1.50
1.88
1.50
1.49
1.50
1.45
1.08
1.55
1.58
2.07
1.57
1.24
1.13
1.17
1.61
1.42
1.74
1.53
1.40
1.48
1.24
1.15
0.97
0.86
0.87
0.88
0.85
0.89
0.92
0.97
0.83
0.76
0.61
0.51
0.56
0.66
0.56
0.73
0.70
0.75
