0.65
0.88
0.96
0.94
0.92
0.86
0.81
0.77
0.75
0.89
0.76
0.70
0.68
0.67
0.65
0.62
0.64
0.58
0.63
0.61
0.55
0.50
0.58
0.58
0.56
0.63
0.61
0.81
1.05
1.19
1.37
1.38
1.16
1.27
1.13
1.12
1.07
1.02
0.97
1.09
1.01
1.03
0.88
0.83
0.67
0.73
0.67
0.63
0.74
0.67
0.72
0.80
0.79
0.82
0.79
0.80
0.83
0.75
0.79
0.66
0.70
0.76
0.83
0.74
0.78
0.80
0.83
0.84
0.96
0.97
1.07
0.90
0.87
1.01
1.09
1.09
1.22
1.06
0.87
0.90
0.74
0.77
0.72
0.90
1.16
1.14
1.01
0.99
1.00
0.92
0.77
0.84
0.77
0.83
0.88
0.88
0.87
0.76
0.76
0.82
0.79
0.80
0.79
0.82
0.81
0.82
0.89
0.84
0.90
1.07
1.03
1.06
1.13
1.08
1.07
0.93
0.79
0.77
0.72
0.81
0.90
1.08
1.12
1.12
1.01
0.78
0.79
0.66
0.64
0.68
0.59
0.71
0.95
0.89
0.83
0.89
0.79
0.83
0.85
0.86
0.87
0.86
0.89
0.83
0.85
0.80
0.82
0.76
1.01
0.93
0.96
0.95
1.22
1.15
1.05
1.00
1.05
1.21
1.17
1.06
0.89
1.20
0.99
1.09
1.11
1.21
1.06
0.82
0.89
0.74
0.78
0.70
0.78
0.88
0.93
0.87
0.83
0.84
0.84
0.81
0.79
0.83
0.78
0.75
0.70
0.76
0.79
0.75
0.80
0.77
0.89
0.93
0.98
0.94
0.86
0.84
0.77
0.67
0.75
0.70
0.68
0.65
0.80
0.80
0.87
0.87
0.70
0.65
0.62
0.55
0.56
0.67
0.69
0.81
0.79
0.81
0.85
0.84
0.82
0.80
0.77
0.74
0.78
0.77
0.79
0.84
0.83
0.82
0.81
0.86
0.82
0.81
0.77
1.35
1.11
1.01
1.02
0.87
0.74
0.68
0.60
0.51
0.59
0.55
0.54
0.52
0.55
0.63
0.61
0.58
0.70
0.71
0.70
0.73
0.72
0.72
0.66
0.74
0.77
0.77
0.82
0.77
0.78
0.78
0.78
0.78
0.80
0.74
0.82
0.93
0.87
0.87
0.94
0.88
0.79
0.71
0.70
0.68
0.70
0.68
0.65
0.62
0.60
0.65
0.61
0.58
0.57
0.57
0.55
0.57
0.65
0.72
0.73
0.85
0.83
0.79
0.73
0.72
0.73
0.76
0.77
0.83
0.81
0.86
0.79
0.83
0.87
0.88
0.82
0.77
0.78
0.85
0.97
0.89
0.90
0.86
0.88
0.84
0.84
0.82
0.85
0.82
0.81
0.76
0.94
1.15
1.25
1.51
1.48
1.38
1.09
0.87
0.76
0.75
0.83
1.00
0.98
0.98
1.01
0.94
0.86
0.84
0.84
0.81
0.87
0.87
0.83
0.78
0.84
0.85
0.84
0.82
0.80
0.75
0.72
0.80
0.80
0.94
1.23
1.16
1.28
1.08
1.09
0.95
0.91
0.87
0.76
0.74
0.71
0.78
0.82
0.81
0.78
0.68
0.63
0.56
0.56
0.55
0.53
0.66
0.73
0.82
0.79
0.79
0.77
0.77
0.78
0.78
0.76
0.70
0.78
0.74
0.80
0.79
0.78
0.76
0.80
0.76
0.74
0.74
0.78
0.94
0.89
0.89
0.81
0.82
0.80
0.78
0.77
0.69
0.68
0.65
0.68
0.69
0.72
0.71
0.76
0.74
0.77
0.73
0.72
0.78
0.78
0.79
0.82
0.84
0.81
0.89
0.84
0.84
0.82
0.86
0.90
0.89
0.89
0.90
0.93
0.87
0.89
0.89
0.95
0.94
