0.58
0.83
1.09
1.09
1.03
1.57
1.89
1.86
1.66
1.56
1.62
1.41
1.32
1.46
1.78
1.92
2.54
3.49
2.87
2.59
2.35
2.51
2.88
3.05
2.85
3.03
2.75
2.70
2.37
2.41
2.28
2.23
2.05
1.95
1.80
1.57
1.41
1.17
1.07
0.86
0.85
0.63
0.61
0.73
0.86
1.69
1.85
1.93
1.94
1.89
1.99
1.68
2.02
1.97
1.88
2.26
1.83
1.54
1.33
1.73
1.79
1.87
1.83
1.87
1.64
1.45
1.22
1.50
1.41
1.42
1.36
1.29
1.41
1.44
1.27
1.13
0.91
0.71
0.67
0.73
0.80
0.77
0.93
1.06
1.24
1.20
1.19
1.21
1.15
1.15
1.14
1.09
1.08
1.70
1.82
1.68
1.70
1.69
1.57
1.43
1.20
1.15
0.97
0.82
0.82
0.87
1.59
1.65
1.95
1.37
1.60
1.24
1.24
1.00
1.09
1.23
1.31
1.35
1.50
1.58
1.34
1.06
0.98
0.93
0.86
0.80
0.80
0.85
0.83
0.87
0.81
0.82
0.85
0.91
0.83
0.76
1.07
1.47
1.59
1.44
1.64
1.36
1.20
1.30
1.39
1.41
1.33
1.19
1.00
0.96
1.11
1.57
2.35
2.25
1.92
1.96
1.62
1.78
1.95
2.26
2.21
2.17
1.90
1.78
1.63
1.66
1.71
1.79
1.54
1.50
1.28
1.09
0.90
0.81
0.65
0.57
0.56
0.45
0.40
0.51
0.51
0.51
0.75
0.77
0.96
0.93
1.19
1.19
1.23
1.28
2.05
1.94
1.82
1.52
1.24
1.09
1.27
1.34
1.37
1.41
1.46
1.30
1.22
1.14
1.01
0.81
0.89
1.00
1.05
0.94
1.00
1.00
0.94
0.92
0.77
0.70
0.53
0.45
0.60
0.63
0.63
0.57
0.50
0.52
0.63
0.68
0.79
1.10
1.14
1.06
1.28
1.31
1.36
1.31
1.62
1.30
1.09
0.95
0.82
0.81
0.83
0.82
0.84
1.05
0.86
0.93
0.85
0.74
0.85
0.83
0.98
0.99
0.98
0.87
0.78
0.76
0.75
0.70
0.63
0.53
0.47
0.46
0.54
0.54
0.71
0.77
0.99
1.13
1.13
1.54
1.36
1.45
1.57
1.64
1.53
2.14
1.93
1.82
1.63
1.50
1.25
1.10
1.01
0.86
0.75
0.90
1.16
1.14
1.02
0.87
0.88
0.87
1.07
1.00
1.03
1.00
0.86
0.89
0.94
1.19
1.29
1.30
1.03
0.92
0.78
0.91
0.78
0.88
0.95
0.97
0.96
1.04
0.95
1.05
1.12
1.02
0.85
0.94
1.11
1.07
1.31
1.33
1.25
1.36
1.18
1.07
1.00
1.01
0.84
0.79
1.12
1.25
1.30
2.00
2.55
2.16
1.72
1.41
1.35
1.31
1.42
1.21
1.14
0.86
1.00
1.01
1.17
1.21
1.23
1.24
1.09
0.96
0.79
0.71
0.63
0.63
0.60
0.82
0.91
1.15
1.30
1.39
1.33
1.27
1.36
1.58
1.49
1.96
1.81
1.63
1.47
1.42
1.57
1.29
1.03
0.95
0.91
0.94
1.03
0.99
1.07
0.97
0.94
1.06
0.91
0.89
0.93
1.01
0.90
0.97
0.97
0.99
0.89
1.18
1.08
1.05
0.92
0.80
0.87
0.78
0.88
0.87
0.89
0.90
1.15
1.10
0.92
1.06
1.06
1.03
1.03
1.30
1.91
1.99
2.02
3.13
2.83
2.79
2.12
1.81
1.46
1.29
1.21
1.22
1.51
1.82
1.80
1.56
1.65
1.75
1.37
1.19
1.19
1.04
1.27
1.12
1.14
1.23
1.48
1.52
1.41
1.16
0.94
0.86
0.94
2.88
2.18
1.94
1.92
1.82
1.77
1.66
1.38
1.53
1.52
1.63
1.79
1.85
1.83
1.92
2.08
1.56
1.41
1.14
1.16
1.16
1.08
0.90
1.03
1.00
1.15
1.33
1.13
1.12
0.98
0.90
0.91
1.03
1.16
1.18
1.12
1.22
1.14
1.28
1.35
1.37
1.18
1.01
0.78
0.68
0.68
0.67
0.81
0.88
0.84
0.86
0.90
0.87
1.10
1.01
1.07
1.29
1.10
1.56
1.73
1.71
1.82
1.49
1.26
1.42
1.23
1.61
1.57
1.74
1.69
1.43
1.12
1.02
0.93
1.07
1.47
1.96
1.85
1.70
1.41
1.15
1.13
1.43
1.41
1.73
1.69
1.56
1.41
1.29
1.34
1.13
1.17
1.34
1.24
1.08
1.00
0.76
0.69
0.69
0.84
0.99
1.03
1.15
1.16
1.27
1.18
1.19
1.13
