0.28
0.27
0.33
0.29
0.30
0.29
0.30
0.39
0.52
0.75
0.96
1.37
1.59
1.74
1.46
1.49
1.66
1.68
2.70
2.68
2.32
2.25
2.54
2.33
1.81
1.48
1.99
1.94
2.55
2.37
2.87
2.55
2.04
1.93
1.78
1.43
1.27
1.30
1.27
1.20
1.22
1.18
1.15
1.04
1.29
1.09
1.15
0.91
0.79
0.64
0.65
0.54
0.70
0.72
0.74
0.78
0.86
0.87
0.98
1.37
1.25
1.55
1.80
2.41
2.80
2.58
2.39
2.32
1.96
1.41
1.30
1.37
1.30
1.28
1.43
1.14
0.92
0.94
0.85
0.74
1.01
0.85
0.82
0.66
0.63
0.78
0.83
0.86
0.94
0.86
0.75
0.62
0.77
0.84
1.14
1.00
0.91
0.98
1.01
1.12
1.17
1.21
1.50
1.24
1.96
2.27
1.96
2.40
2.77
2.34
2.23
2.22
1.94
1.63
1.61
1.83
1.58
1.59
1.28
1.20
1.06
1.00
1.21
1.34
1.49
1.63
1.49
1.61
1.62
1.60
1.70
1.94
1.89
1.59
1.32
1.15
0.94
0.82
0.76
0.80
0.75
0.89
0.79
0.76
0.92
0.87
1.02
1.13
1.02
1.14
1.17
1.25
1.89
2.00
1.87
2.57
2.44
2.38
2.36
2.25
1.96
1.62
1.58
1.52
1.20
1.14
0.88
0.85
0.86
1.27
1.57
1.47
1.31
1.31
1.17
1.03
1.10
1.42
1.29
0.99
0.86
0.84
0.69
1.12
1.22
1.32
1.07
1.26
1.07
1.24
1.19
0.97
0.91
1.33
1.32
1.69
1.86
1.86
2.59
1.94
2.71
2.69
2.53
2.45
3.04
3.04
2.67
2.01
1.70
1.74
1.91
1.61
1.67
1.51
1.41
1.38
1.25
1.10
0.98
1.36
1.26
1.46
1.24
1.12
1.31
1.15
0.98
0.80
0.65
0.71
0.90
1.08
0.98
0.94
1.09
1.56
1.21
1.78
2.10
1.96
2.62
2.64
3.01
3.17
3.14
4.34
4.37
4.20
3.43
3.83
3.55
3.06
2.52
1.89
1.50
1.89
1.60
1.34
1.20
1.19
1.15
0.96
1.00
1.03
1.11
1.42
1.56
1.44
1.27
1.34
1.59
1.57
1.43
1.06
0.95
0.81
1.08
0.89
0.99
1.04
0.88
0.84
0.88
0.98
1.22
1.48
2.34
2.31
2.34
2.32
2.20
2.14
2.74
2.65
2.61
2.67
2.43
1.98
1.61
1.51
1.37
1.78
1.59
1.33
1.18
0.98
0.88
0.75
0.72
0.80
0.99
0.87
0.94
1.41
1.39
1.51
1.26
1.05
0.78
0.84
0.98
1.03
1.14
1.07
1.26
1.40
1.48
1.71
1.66
1.70
1.52
1.36
1.82
2.50
2.77
3.29
3.04
2.78
2.69
2.71
2.52
2.35
1.70
1.42
1.51
1.58
1.31
1.71
1.74
1.58
1.46
1.38
1.36
1.14
1.35
1.18
1.20
1.36
1.37
1.34
1.26
1.11
0.97
0.75
0.68
0.63
1.04
1.29
1.16
1.29
1.34
1.20
1.40
1.54
1.50
1.80
2.00
2.51
2.68
2.25
2.73
3.35
3.53
4.07
3.69
3.24
2.52
2.09
2.09
2.65
2.32
2.09
1.99
1.74
1.64
2.21
2.32
1.81
1.58
1.52
1.66
1.65
1.44
1.34
1.47
1.44
1.90
1.62
1.33
1.02
0.83
0.79
0.86
1.10
1.11
1.52
1.42
1.18
1.35
1.34
1.78
1.98
2.14
2.55
2.37
2.55
2.68
2.58
2.31
2.12
2.24
1.80
1.58
1.91
2.12
1.80
1.51
1.93
1.71
1.40
1.21
1.18
0.98
1.02
1.14
1.14
1.35
1.34
1.14
1.07
0.96
0.70
0.80
0.72
0.79
0.85
1.20
1.52
1.40
1.60
1.46
1.36
1.41
