0.34
0.38
0.52
0.65
0.67
0.76
0.86
1.22
1.40
2.07
2.01
1.92
1.82
1.89
2.03
1.73
1.34
1.17
1.12
1.27
1.19
1.15
1.45
1.11
0.84
0.72
0.66
0.87
0.90
1.03
1.19
1.00
0.95
0.87
0.89
0.82
0.82
0.70
0.58
0.55
0.55
1.11
0.97
1.08
1.13
0.91
0.81
0.78
0.97
0.99
1.83
2.01
2.16
2.35
2.44
2.20
1.94
1.87
1.64
1.49
1.59
1.74
1.83
1.53
1.23
1.06
1.06
1.05
1.04
1.19
1.35
1.50
2.06
2.35
2.41
2.17
2.19
1.95
2.09
1.97
1.47
1.27
0.97
0.92
0.87
0.89
0.92
1.18
1.33
1.39
1.68
1.65
1.85
1.63
1.76
2.25
2.73
2.74
2.89
2.38
2.01
2.03
1.75
1.41
1.51
1.84
1.63
1.77
2.09
1.88
1.99
1.73
1.96
1.65
1.44
1.51
1.27
1.14
1.00
0.95
1.02
0.98
1.20
1.04
1.02
0.84
0.72
0.67
0.78
1.11
1.11
1.17
1.29
1.22
1.35
1.51
1.69
1.37
1.56
1.65
1.55
1.40
1.54
1.90
2.20
2.24
2.13
1.82
1.49
1.25
1.15
1.34
1.33
1.46
1.20
1.04
0.88
0.97
1.03
1.05
1.09
1.05
0.90
0.94
0.91
0.92
0.93
0.99
1.08
1.06
1.32
1.08
0.78
0.74
0.76
0.78
0.67
0.67
0.73
0.76
0.87
0.76
1.22
1.02
1.36
1.66
1.69
1.95
2.27
2.10
2.92
2.87
3.12
3.04
2.58
1.98
1.79
1.68
1.88
1.82
1.44
1.04
1.11
1.07
1.55
1.34
1.37
1.15
1.10
1.05
0.97
1.02
0.86
0.89
0.89
0.84
0.88
0.88
0.90
0.73
0.70
1.06
1.58
2.04
2.01
2.10
2.29
1.80
1.83
1.97
3.02
2.66
2.95
3.32
3.46
3.84
4.05
3.82
3.31
3.29
2.78
2.47
1.90
1.46
1.29
1.16
1.04
1.32
1.06
1.20
1.12
1.22
1.55
1.65
1.61
1.31
1.28
1.22
1.66
1.28
1.34
1.14
0.98
0.83
0.71
0.58
0.63
0.70
0.83
1.07
0.84
0.95
1.13
1.21
1.37
1.30
1.21
1.77
2.96
3.51
3.28
3.63
3.89
3.60
3.85
3.49
4.21
4.29
3.53
3.00
2.33
2.27
2.05
1.68
1.51
1.19
1.36
1.18
0.95
0.77
0.81
0.87
1.07
1.05
1.27
1.53
1.63
1.78
1.96
1.72
1.73
1.41
1.22
1.02
0.87
0.80
1.11
0.95
0.88
0.76
0.82
0.86
0.94
0.87
1.01
1.23
2.14
2.42
2.34
2.09
2.55
2.71
2.47
2.56
2.63
2.27
2.02
1.73
1.95
2.24
2.21
1.82
1.47
1.12
0.86
0.82
0.76
0.93
1.01
1.64
2.87
2.88
2.30
1.88
2.18
1.97
1.93
1.81
1.47
1.32
1.06
0.89
0.97
1.27
1.18
1.25
1.15
1.10
1.20
1.02
1.09
1.15
1.33
1.53
1.88
2.37
2.95
3.86
3.53
4.24
3.96
3.75
3.59
2.93
2.27
1.81
1.83
1.79
2.01
1.88
1.66
1.34
1.35
1.22
1.67
1.43
1.07
0.98
0.92
0.90
0.86
0.92
1.10
1.19
1.16
1.07
0.93
0.87
0.72
0.63
0.72
0.85
0.83
1.15
1.14
1.23
1.14
1.35
1.37
1.95
2.56
2.22
2.46
2.75
2.93
3.37
3.41
3.37
3.52
3.26
2.91
2.60
2.16
1.71
1.68
1.49
1.53
1.36
1.40
1.21
1.12
1.14
1.16
1.12
1.21
1.15
0.98
1.31
1.35
1.46
1.14
0.95
0.99
1.02
0.87
0.82
0.78
0.82
0.77
0.81
1.23
1.41
1.70
1.85
1.51
1.36
1.41
2.19
2.66
2.77
3.38
3.93
3.69
3.78
3.67
4.10
4.29
4.18
3.57
2.79
2.37
2.45
2.79
2.96
