0.63
0.65
1.13
1.02
1.23
1.53
1.55
1.57
1.71
1.68
1.57
1.39
1.15
1.29
1.51
2.31
2.30
1.80
1.73
1.59
1.45
1.42
1.51
2.05
2.59
3.29
3.70
3.70
3.55
3.29
2.75
2.52
2.17
2.07
2.00
1.81
1.61
1.25
1.08
0.96
0.78
0.70
0.70
0.65
0.68
1.06
1.17
1.04
1.06
0.92
0.94
1.75
2.01
2.29
2.38
2.51
2.30
2.29
2.29
2.15
1.88
1.82
1.80
1.74
1.74
1.80
1.52
1.42
1.25
1.13
1.11
1.30
1.49
1.51
1.49
1.38
1.39
1.30
1.17
1.19
1.33
1.26
0.95
0.90
0.77
0.73
0.69
0.71
0.63
0.63
0.58
0.62
0.52
0.60
0.64
0.94
1.30
1.57
1.53
1.84
2.10
2.37
2.74
2.43
2.69
2.59
2.57
1.86
1.74
1.91
2.39
2.24
1.75
1.45
1.25
1.45
1.21
1.08
1.39
2.25
2.03
1.65
1.22
1.17
0.95
1.05
0.90
1.22
1.10
1.12
0.88
0.77
0.65
0.56
0.61
0.65
0.70
0.79
0.73
0.75
0.77
0.77
0.75
0.98
1.20
1.27
2.35
2.43
3.08
2.75
2.68
2.61
2.19
2.08
1.65
1.42
1.28
1.65
1.73
1.89
1.46
1.31
1.29
1.62
2.42
2.02
1.48
1.12
1.21
1.13
1.07
1.06
0.93
0.90
0.82
0.79
0.80
0.70
0.61
0.60
0.63
0.93
0.82
0.85
0.80
0.77
0.62
0.60
1.52
1.81
2.11
2.42
2.63
2.43
2.45
2.60
2.72
2.55
2.31
1.96
1.77
1.77
1.44
1.73
1.41
1.19
1.00
0.90
1.03
1.37
1.56
1.55
1.42
1.46
1.23
1.17
1.07
0.93
0.96
0.87
1.02
0.90
0.83
0.72
0.62
0.61
1.07
0.81
0.82
0.78
0.75
0.66
0.88
1.12
1.24
1.17
2.27
2.49
2.69
2.55
2.65
2.94
2.45
2.22
1.87
1.83
1.52
2.17
2.40
2.57
1.97
1.46
1.42
1.49
1.32
1.33
1.12
1.09
1.08
1.03
1.03
1.15
1.38
1.12
1.50
1.27
1.59
1.23
1.09
0.87
0.83
0.87
0.85
0.87
1.11
0.96
1.03
1.19
1.16
1.07
1.74
2.46
2.52
2.63
2.59
2.63
2.88
3.46
3.52
3.06
2.79
2.38
1.79
1.71
2.10
3.22
2.98
2.26
1.64
1.17
0.97
1.07
1.05
0.91
0.91
0.73
0.83
0.72
0.71
0.67
0.90
0.86
0.98
0.98
0.96
0.84
0.72
0.66
0.73
0.67
0.60
0.53
0.57
0.57
0.57
0.73
0.73
1.01
1.16
1.66
2.10
3.01
3.38
3.90
4.09
4.26
4.13
3.14
2.42
1.98
1.99
1.73
1.68
1.64
2.03
1.58
1.32
1.25
2.01
1.74
1.50
1.23
1.09
1.39
1.73
2.07
2.02
1.90
1.56
1.54
1.29
1.00
1.00
0.83
0.66
0.69
0.80
1.01
1.10
1.03
1.34
1.30
1.26
1.32
1.53
1.86
2.20
3.02
2.94
3.54
3.51
3.94
3.84
3.24
2.95
2.56
1.97
1.91
2.26
2.43
2.22
2.05
1.74
1.54
1.48
1.34
1.08
1.07
1.25
1.31
1.82
1.86
2.11
1.95
1.83
1.63
1.25
1.16
0.91
0.75
0.64
0.62
0.88
0.81
0.94
0.85
0.72
0.97
1.09
1.58
1.67
1.97
2.30
2.94
3.23
3.03
3.66
3.47
3.24
2.96
2.97
2.70
2.48
1.99
1.86
1.86
2.06
2.37
1.73
1.45
1.35
1.21
1.00
0.90
0.87
0.79
0.80
1.21
1.52
1.31
1.91
1.67
2.06
1.68
1.45
1.12
1.02
1.57
1.31
1.26
1.25
1.09
1.37
1.58
1.55
1.61
1.68
2.62
2.77
2.76
2.31
2.39
2.70
3.38
3.26
3.00
2.25
2.10
1.86
2.17
2.70
2.61
2.00
1.64
1.35
1.13
0.94
0.83
0.86
0.74
0.77
0.94
0.96
0.96
1.09
1.14
1.07
1.25
1.30
1.22
1.03
0.78
0.71
0.86
