0.71
0.60
0.56
0.45
0.43
0.40
0.43
0.62
0.55
0.63
1.06
1.32
1.22
1.16
1.30
1.74
2.21
2.91
3.41
3.13
2.79
2.68
2.32
1.98
1.65
1.67
1.85
1.96
2.38
2.52
3.03
3.05
3.29
3.29
3.98
4.20
4.78
4.77
4.78
4.79
4.78
4.78
4.78
4.77
4.78
4.78
4.64
4.18
3.62
3.32
2.87
2.45
2.15
1.82
1.52
1.25
1.14
1.03
0.86
0.84
0.97
1.13
0.90
0.86
1.15
2.11
3.07
3.36
4.02
3.89
4.14
4.36
4.43
3.45
2.85
2.35
1.87
1.64
1.61
2.20
2.23
1.88
1.68
1.76
1.64
1.54
1.73
1.80
1.75
1.97
1.58
1.47
1.09
1.00
0.87
0.85
1.02
0.92
0.98
1.13
0.99
1.06
1.39
1.41
1.90
2.00
1.95
1.86
1.91
1.94
1.66
1.60
1.30
1.33
1.72
1.40
2.12
1.97
2.39
3.36
3.87
3.91
3.69
3.51
3.23
2.82
2.48
1.93
1.93
1.67
2.06
2.66
2.26
1.71
1.46
1.34
1.44
1.57
1.66
1.84
1.52
1.75
1.52
1.40
1.50
1.39
1.16
1.14
1.11
1.18
1.00
0.79
0.76
0.95
1.01
1.09
1.44
1.33
1.15
1.16
0.96
1.07
1.38
2.07
2.27
2.62
2.70
3.54
4.08
4.30
4.18
3.85
3.76
3.31
2.57
2.40
1.83
1.74
1.84
2.22
2.56
2.41
2.30
1.53
1.38
1.50
1.48
1.43
1.68
1.52
1.49
1.39
1.53
1.33
1.50
1.40
1.50
1.40
1.16
0.93
1.00
1.15
1.04
1.18
1.26
1.14
1.07
0.99
1.08
0.93
0.73
0.78
1.10
1.41
1.89
2.50
2.89
3.78
4.56
4.76
4.54
3.45
2.82
2.28
1.95
1.88
1.79
2.07
2.66
2.90
3.31
2.52
2.09
1.88
1.64
1.81
1.61
1.45
1.34
1.30
1.18
1.08
0.90
1.01
1.05
1.25
1.34
1.04
0.90
0.79
0.89
0.86
0.83
1.01
1.09
1.65
1.30
1.19
1.31
1.20
1.68
2.62
3.62
3.34
4.44
4.78
4.80
4.19
3.55
3.78
2.76
2.26
2.09
2.44
2.38
2.34
2.23
2.01
1.74
1.56
1.72
1.65
1.63
1.70
1.77
1.98
1.80
1.72
1.40
1.96
1.53
1.46
1.27
1.26
1.03
1.00
0.85
0.81
0.84
0.90
1.15
0.95
0.86
1.21
1.03
1.64
2.22
2.08
2.83
2.88
3.41
4.08
4.14
4.58
4.53
4.10
3.55
3.19
2.66
2.37
2.41
2.30
3.04
2.98
2.95
2.81
3.04
2.15
1.78
1.57
1.54
1.59
1.48
1.56
1.64
1.94
2.06
1.90
2.12
2.28
1.91
1.96
1.63
1.29
1.29
1.24
1.11
1.26
1.43
1.34
1.28
1.16
1.17
1.10
1.17
1.69
2.60
2.92
3.42
4.10
4.13
4.82
4.77
4.19
4.45
4.49
3.67
3.32
2.67
1.98
1.76
2.06
2.48
2.30
2.16
1.64
1.41
1.23
1.25
1.05
1.14
1.09
1.16
1.16
1.02
1.00
1.38
1.38
1.56
1.30
1.14
1.00
0.98
1.04
1.09
1.06
1.02
1.16
1.48
1.41
1.16
1.17
1.50
1.59
2.24
3.10
4.39
4.61
4.29
4.67
4.20
4.00
3.58
3.57
2.98
2.47
1.96
2.18
1.99
2.86
2.15
1.73
1.41
1.36
1.18
1.17
1.96
2.77
2.80
2.64
2.44
2.45
2.26
2.58
2.47
2.18
1.89
1.58
1.28
1.18
1.04
1.25
1.33
1.33
2.09
2.28
1.84
2.54
2.34
2.07
2.00
2.80
3.00
3.48
4.35
3.83
3.78
4.08
4.59
4.26
3.36
2.89
2.34
2.01
1.92
2.08
2.27
2.47
2.45
2.28
1.96
1.93
1.65
1.52
1.52
1.46
1.51
1.34
1.32
1.31
1.53
1.45
2.07
2.12
2.21
1.73
1.41
1.13
0.98
1.00
1.29
1.86
1.66
1.52
2.34
1.89
1.62
1.68
1.43
2.49
3.11
3.59
3.04
3.48
4.76
4.77
4.79
4.79
4.81
4.79
4.78
4.51
3.47
2.76
2.40
2.00
2.38
2.86
2.89
3.24
2.79
2.77
2.32
1.90
1.83
1.61
1.68
1.57
1.52
1.69
1.58
1.43
2.07
1.58
1.32
1.29
1.10
1.34
1.47
1.77
1.83
1.75
2.40
1.93
1.65
1.65
1.75
1.47
1.55
1.87
3.14
4.48
4.37
4.37
4.78
4.79
4.78
4.78
4.78
4.80
4.74
4.80
4.77
4.82
4.77
3.71
3.36
2.50
2.38
3.33
2.66
3.70
2.91
2.39
2.30
