3.39
2.51
2.80
3.03
3.17
2.93
2.94
3.77
3.24
2.83
2.53
2.23
1.80
1.53
1.48
1.64
1.94
2.71
3.10
3.64
4.04
4.00
4.79
4.79
4.75
4.31
4.27
4.10
3.57
3.52
3.61
3.64
4.02
3.33
2.59
2.52
2.35
2.20
1.87
1.46
1.20
1.15
1.27
1.39
1.64
1.88
2.02
1.87
1.86
2.20
2.14
2.11
2.10
2.49
2.38
2.60
2.97
3.39
3.89
3.65
3.50
4.09
3.64
4.01
4.00
3.31
2.59
1.98
1.90
2.11
2.17
3.06
3.50
3.79
3.91
3.51
3.90
3.71
3.96
3.83
4.13
3.62
3.37
3.08
2.98
3.22
2.88
2.50
2.12
1.88
1.41
1.30
1.25
1.45
1.52
1.90
1.84
2.41
2.45
2.25
2.36
2.40
2.32
2.56
2.80
3.60
3.70
4.49
4.50
4.80
4.07
4.53
3.83
3.54
2.94
2.82
2.30
2.49
2.46
2.17
2.23
2.14
2.26
2.55
2.83
3.10
3.04
2.83
2.82
3.04
3.53
3.57
3.81
3.70
3.57
3.07
3.15
2.79
2.37
2.13
1.80
1.43
1.21
0.94
0.99
1.40
1.65
1.98
2.39
2.49
2.65
2.47
2.65
2.50
2.54
2.85
2.70
2.70
3.32
3.53
4.07
4.54
4.80
4.77
4.35
4.30
4.80
4.77
4.84
4.28
3.59
3.44
2.52
2.13
2.08
2.70
2.67
2.94
3.55
3.38
3.16
3.46
3.46
3.70
3.41
3.00
2.90
2.55
2.25
1.94
2.04
1.79
1.73
1.84
1.45
1.29
1.26
1.34
1.59
1.81
2.14
2.11
2.49
2.18
2.90
3.26
3.35
3.82
2.99
2.63
2.76
3.52
4.26
4.31
4.24
4.14
4.09
3.70
3.36
3.19
3.48
3.23
2.43
2.14
2.00
2.06
2.09
2.78
3.58
3.44
3.86
4.07
4.03
3.33
3.05
3.78
3.82
3.65
3.31
3.24
3.04
3.07
2.61
2.30
2.03
1.59
1.38
1.24
1.18
1.65
1.60
2.24
2.16
2.25
2.41
2.06
3.09
2.66
2.78
2.64
2.74
2.69
3.06
3.01
3.09
3.14
3.69
3.60
4.00
4.30
4.13
3.55
4.65
4.81
4.79
4.78
4.49
3.80
2.91
2.46
2.34
2.41
2.60
3.27
4.05
4.70
4.79
4.08
2.94
2.78
2.53
2.86
2.51
2.80
2.86
2.95
2.94
2.78
2.46
2.89
2.58
2.36
2.43
2.46
2.42
2.58
2.88
2.97
3.28
3.07
3.55
3.90
3.38
3.12
3.50
3.15
3.02
2.85
2.93
2.92
3.71
4.25
4.73
4.78
4.08
4.10
3.91
4.16
4.37
4.17
3.98
4.50
3.53
3.02
2.54
2.62
2.77
3.08
3.84
3.68
3.87
4.44
4.04
3.79
3.43
3.20
2.59
2.77
2.92
2.90
2.50
3.13
2.69
2.41
2.67
2.05
2.14
1.80
1.86
1.50
1.32
1.27
1.34
1.67
1.85
2.14
2.14
2.36
2.38
2.32
2.72
2.42
2.21
2.11
1.73
1.91
2.48
3.51
4.26
4.35
4.81
4.78
4.77
4.70
4.78
4.52
4.41
4.73
4.34
4.12
3.62
2.76
2.47
2.09
1.80
1.85
2.04
1.81
2.49
2.96
3.51
3.85
3.59
3.12
2.80
2.51
2.45
2.26
1.83
1.84
1.94
1.97
2.08
1.77
1.75
1.93
1.99
1.74
1.43
1.32
1.31
1.65
1.69
