0.57
0.63
0.83
1.23
1.37
1.73
2.27
2.71
2.54
2.14
2.54
2.70
2.39
2.55
2.50
2.57
2.70
2.39
2.05
1.68
1.48
1.98
2.41
3.38
4.13
4.44
4.77
4.81
4.78
4.78
4.78
4.75
4.78
4.78
4.78
4.80
4.79
4.77
4.77
4.78
4.78
4.78
4.78
4.42
4.02
3.02
2.54
1.96
1.50
1.31
1.35
1.56
1.85
2.53
2.63
2.62
2.78
2.60
2.94
3.12
3.00
3.33
3.09
2.92
3.11
3.26
3.12
3.34
3.20
3.32
2.98
2.86
2.33
1.91
1.72
1.64
2.53
2.33
3.15
3.68
4.75
4.50
4.77
4.51
4.78
4.78
4.79
4.78
4.78
4.28
4.34
3.85
3.43
3.22
3.07
2.80
2.36
1.96
1.49
1.16
1.32
1.50
1.39
1.68
2.07
2.05
2.55
2.45
2.12
2.20
2.20
2.33
2.83
3.00
3.02
3.03
4.08
4.33
4.16
4.52
4.03
3.59
3.40
3.04
2.60
2.34
2.17
1.99
1.92
2.13
2.23
2.95
3.61
3.50
3.26
3.15
3.48
3.85
3.91
3.84
3.57
3.40
3.21
3.09
3.37
3.28
3.32
2.81
2.22
1.65
1.42
1.89
2.12
3.00
3.09
3.35
3.27
3.24
3.67
3.58
3.89
3.75
3.60
3.08
3.55
3.28
3.48
3.68
4.37
4.25
4.79
4.81
4.79
4.78
4.79
4.69
4.80
3.58
2.83
2.28
2.19
2.54
2.51
2.92
3.14
3.60
4.41
4.77
4.56
3.75
3.43
3.13
2.69
2.57
2.55
2.44
2.61
2.61
2.24
2.11
2.24
1.68
1.35
1.22
1.39
1.75
1.77
1.99
2.27
2.41
2.77
2.97
3.43
3.64
3.38
3.27
3.70
3.81
4.27
4.19
4.78
4.65
4.79
4.78
4.79
4.77
4.80
4.79
4.82
4.76
4.84
4.21
3.34
2.94
2.57
2.97
3.65
4.48
4.69
4.78
4.78
4.78
4.77
4.61
4.75
4.43
4.48
4.72
4.53
4.80
4.64
4.09
3.98
3.52
3.30
2.53
1.99
1.69
1.73
1.92
2.32
2.64
2.76
3.13
3.42
3.84
4.48
4.78
4.81
4.78
4.79
4.78
4.80
4.50
4.70
4.76
4.79
4.79
4.72
4.77
4.24
3.83
3.83
3.26
2.84
2.22
1.81
1.80
1.75
2.00
2.39
3.26
3.72
4.34
4.60
4.80
4.69
4.59
4.52
3.76
4.30
3.90
3.14
2.52
3.01
2.51
2.70
2.40
3.08
2.79
2.51
2.55
2.57
2.77
3.20
3.70
4.04
4.31
4.79
4.79
4.82
4.78
4.78
4.52
4.45
4.16
4.24
4.11
4.62
4.82
4.79
4.79
4.77
4.41
4.77
4.78
4.78
4.81
4.78
4.23
3.84
3.14
3.28
3.11
3.06
2.61
2.44
2.31
2.63
3.47
3.80
4.11
4.47
4.78
4.78
4.36
4.42
4.47
4.14
4.47
4.28
4.14
4.16
4.26
3.94
3.63
3.46
3.13
2.37
1.92
2.30
2.44
2.40
1.96
2.11
2.06
2.21
2.87
2.45
2.91
2.21
2.32
2.29
2.81
4.29
4.78
3.99
4.07
4.79
4.77
4.78
4.79
4.79
4.77
4.79
4.76
4.81
4.79
4.11
3.51
3.09
2.57
2.14
2.00
1.82
2.11
2.41
3.25
2.88
3.23
3.32
3.37
3.21
4.38
3.47
3.23
4.26
3.67
3.64
3.65
3.76
3.40
2.61
2.30
2.22
2.01
2.19
2.60
3.04
3.16
3.54
3.85
3.91
4.01
4.17
4.70
4.78
4.09
3.74
3.41
3.48
3.43
3.52
3.56
3.57
3.55
3.66
3.95
4.08
4.24
4.77
4.76
4.80
4.79
4.77
4.78
4.79
4.79
4.79
4.79
4.73
4.79
4.80
4.79
4.78
4.79
4.76
4.82
4.79
4.82
4.76
4.82
4.78
4.77
4.76
4.79
4.79
4.78
4.79
