0.81
0.85
0.83
0.82
0.80
0.89
1.23
1.21
1.52
1.81
1.99
2.09
2.47
2.42
2.39
2.29
1.83
2.19
2.17
1.93
1.79
1.73
1.84
2.38
2.47
2.85
3.20
3.97
4.73
4.78
4.78
4.78
4.74
4.79
4.66
4.45
3.40
3.60
2.84
2.35
1.86
1.85
1.99
1.96
1.82
1.91
1.78
1.59
1.59
1.61
1.56
1.40
1.54
1.68
2.04
2.29
2.35
2.43
2.67
2.58
2.43
2.62
2.60
2.20
1.96
2.31
2.15
2.48
3.25
3.58
3.30
3.23
2.74
3.25
3.06
3.65
3.08
3.04
3.14
2.94
2.90
2.29
1.87
1.76
1.66
1.64
1.79
2.22
2.70
2.93
3.25
3.86
3.37
3.26
2.68
2.32
1.96
1.85
1.57
2.00
1.75
2.47
1.93
1.74
1.64
1.40
1.39
1.24
1.02
1.15
1.32
1.48
1.51
1.74
1.75
1.86
1.99
2.13
2.04
1.95
1.71
1.88
1.87
1.68
1.62
1.47
1.45
2.53
3.19
4.07
3.96
4.12
4.06
4.24
4.77
4.13
4.15
4.30
4.22
3.38
2.94
2.60
2.20
2.00
2.34
2.33
2.86
3.68
4.53
3.66
3.63
3.04
2.58
2.33
2.20
2.05
2.03
1.77
2.16
2.20
2.12
1.77
1.64
1.24
1.31
1.15
1.14
1.15
1.42
1.35
1.51
1.62
2.06
1.90
1.73
1.81
1.79
1.75
2.14
1.78
1.88
2.18
2.54
2.93
2.67
2.72
2.88
2.55
2.63
3.01
3.06
3.14
2.70
2.49
2.28
1.84
1.69
1.99
2.49
3.37
3.42
4.74
4.77
4.27
4.51
4.79
3.72
2.80
2.16
2.30
2.15
1.94
2.06
1.90
1.96
2.12
2.12
2.47
2.44
2.24
2.02
1.55
1.38
1.42
1.47
1.50
1.47
1.38
1.35
1.79
1.78
1.86
1.67
1.72
1.44
1.34
1.61
1.95
2.37
2.97
3.97
4.14
4.33
4.48
4.79
4.49
4.79
4.57
4.66
4.50
3.94
3.44
2.70
2.23
1.90
2.27
2.46
2.25
2.57
2.87
3.05
3.83
4.18
3.52
4.51
4.36
3.69
3.47
3.73
3.61
3.22
3.35
3.06
2.80
2.79
2.43
2.52
2.18
1.86
1.74
1.65
1.33
1.23
1.15
1.35
1.54
1.91
1.70
1.81
1.96
1.79
1.57
1.57
1.33
1.53
1.24
1.11
1.39
1.97
1.77
2.33
3.04
3.74
3.49
3.65
3.57
3.66
4.06
4.33
4.23
4.44
4.79
4.12
3.22
2.75
2.21
2.19
2.34
2.59
3.09
4.30
3.91
3.87
4.19
4.80
4.75
4.33
3.66
3.62
3.53
4.10
3.37
3.05
3.12
2.83
3.14
2.50
2.12
1.54
1.30
1.48
1.52
2.02
1.69
2.04
2.23
2.34
2.10
2.18
1.97
1.87
1.69
1.84
1.82
1.96
2.32
3.09
3.56
3.78
4.76
4.11
4.59
4.49
4.58
4.80
4.78
4.79
4.12
3.96
3.22
2.89
2.83
2.27
2.15
2.11
1.71
2.07
2.17
2.31
3.32
3.86
4.03
4.36
4.30
4.54
4.80
4.64
4.80
4.32
4.19
4.28
3.98
3.91
3.85
3.58
3.79
3.78
3.50
3.31
2.96
2.60
1.94
1.69
1.94
1.93
1.66
2.19
1.88
2.11
1.69
1.63
1.80
1.65
1.61
1.49
1.39
1.47
1.31
1.15
1.17
1.20
1.17
1.54
1.69
2.30
2.96
3.47
3.63
4.09
4.65
4.74
4.32
4.38
3.89
3.81
3.97
3.91
3.22
2.93
2.70
2.34
2.04
2.15
2.50
2.76
3.01
3.40
3.84
4.80
4.73
4.80
4.77
4.80
4.79
4.77
4.77
4.80
4.75
4.29
3.78
4.03
4.76
4.34
4.60
3.90
3.70
3.16
2.64
2.37
2.18
2.17
2.15
2.38
2.90
3.04
3.35
3.45
3.71
3.67
3.85
3.69
3.50
3.27
3.11
3.13
3.56
3.20
3.08
2.93
2.76
2.63
2.59
2.55
2.46
2.34
2.24
2.20
2.02
2.37
2.45
2.21
2.75
2.91
2.95
2.74
2.49
2.66
3.50
4.12
3.91
4.60
4.74
4.77
4.80
4.70
4.77
4.50
4.16
3.84
3.18
3.17
2.76
2.73
2.26
1.93
1.69
1.74
1.61
1.73
1.74
1.94
2.44
2.57
2.71
3.34
3.46
4.01
3.63
3.47
3.40
2.86
3.70
3.31
4.24
3.49
3.39
3.03
3.09
2.69
2.28
1.86
1.77
1.80
2.29
2.82
2.90
3.21
3.64
4.31
4.11
3.60
3.62
3.32
2.93
2.87
2.41
2.31
2.29
2.05
1.92
2.07
1.93
1.78
1.80
1.76
1.89
1.80
1.91
1.96
2.03
1.88
2.08
2.10
1.99
1.91
1.88
1.82
1.80
1.76
1.90
2.04
2.10
2.11
2.17
2.17
2.17
2.21
