0.32
0.37
0.34
0.34
0.34
0.35
0.40
0.55
0.72
1.13
1.67
1.78
2.48
2.58
2.09
2.01
2.32
2.74
2.98
3.37
3.25
3.26
3.42
2.87
2.51
2.32
1.86
1.53
1.46
1.42
1.52
1.67
1.96
2.15
2.82
3.73
4.09
4.04
3.89
4.17
4.71
4.04
4.25
3.55
3.04
2.88
2.62
2.40
2.74
2.80
3.00
2.79
2.79
2.80
2.44
2.61
2.17
1.86
1.47
1.25
1.11
0.98
1.00
1.01
1.52
1.76
1.78
1.74
1.92
1.84
1.74
1.57
1.47
1.45
1.97
1.76
3.17
3.10
3.70
3.51
3.94
3.18
2.82
2.38
2.56
1.99
1.60
1.42
1.48
1.82
2.37
3.23
2.98
3.36
4.41
4.59
4.47
3.98
4.75
4.39
4.49
3.75
3.19
2.99
2.66
2.33
2.75
2.39
2.46
2.12
2.14
2.24
2.01
2.01
1.81
1.96
1.62
1.49
1.18
1.18
1.27
1.36
1.60
1.75
1.67
2.17
2.06
1.87
2.18
2.01
1.72
1.64
2.41
3.31
2.85
3.17
3.45
3.58
3.88
4.38
4.28
4.63
3.92
3.66
3.16
2.60
2.11
2.40
3.45
4.37
4.23
4.28
3.91
3.37
2.85
3.20
2.70
2.56
2.26
2.18
2.39
2.12
2.28
2.16
2.04
1.89
2.02
1.84
1.53
1.32
1.25
1.35
1.35
1.47
1.61
1.74
1.91
1.90
1.81
1.87
2.40
2.56
2.57
3.06
3.48
3.91
4.40
4.51
4.12
3.96
3.47
3.38
3.12
3.13
2.84
3.04
2.81
2.28
2.00
2.12
2.86
3.45
3.70
4.47
4.14
3.53
2.94
2.66
2.68
2.32
2.11
2.27
2.73
2.59
2.04
2.00
1.82
1.62
1.68
1.49
1.35
1.25
1.25
1.29
1.33
1.36
1.48
2.00
1.92
1.91
2.03
1.73
2.20
2.04
2.53
3.10
3.04
3.52
3.19
3.00
2.98
2.57
3.13
3.56
3.22
2.99
2.58
2.39
2.19
1.88
1.90
1.83
2.11
2.45
2.60
2.79
3.05
3.49
3.18
3.25
2.97
2.88
3.20
2.87
2.69
2.39
2.46
2.95
2.74
3.04
2.65
2.52
1.96
1.59
1.46
1.41
1.41
1.49
1.66
1.94
1.73
1.69
1.85
1.61
1.73
1.91
1.95
2.22
2.70
3.20
4.38
4.37
4.79
4.77
4.78
4.78
4.79
4.79
4.79
4.78
4.62
4.23
3.49
2.66
2.36
2.23
2.42
3.03
3.61
3.59
3.51
4.23
4.10
3.99
4.27
3.72
3.31
3.65
2.69
2.64
2.41
2.55
2.41
2.97
2.65
2.31
1.90
1.63
1.41
1.34
1.65
1.64
2.45
2.51
2.59
2.75
2.68
2.52
3.76
3.39
3.05
3.69
4.61
4.78
4.78
4.78
4.78
3.89
4.28
4.32
3.62
3.97
3.40
3.02
2.44
2.13
1.93
1.80
1.79
2.45
2.59
3.02
3.26
3.76
3.06
3.12
3.68
2.97
2.59
2.39
2.25
2.38
2.82
2.85
2.95
3.61
3.61
3.12
2.44
2.13
1.89
2.10
2.34
2.31
2.47
2.99
3.04
2.88
3.01
3.11
3.53
3.21
3.24
3.06
3.18
3.54
3.49
3.79
4.33
4.78
4.79
4.79
4.81
4.78
4.78
4.32
3.89
3.96
3.46
3.01
2.41
2.10
2.09
2.06
2.24
2.87
2.98
3.33
3.62
4.10
4.45
4.37
3.91
3.84
3.74
3.75
3.30
2.99
2.86
2.71
3.28
2.98
3.07
2.42
2.18
1.89
1.86
2.32
2.57
2.33
2.22
2.50
2.86
3.38
3.45
2.79
2.64
2.82
2.48
2.39
2.89
4.34
4.26
4.05
3.94
4.45
4.73
4.79
4.82
4.79
4.78
4.76
4.43
4.29
4.02
3.95
3.63
3.05
3.18
2.40
2.09
1.95
1.91
1.74
2.17
2.30
2.65
2.86
3.35
2.93
2.53
3.96
3.18
2.73
3.49
3.72
3.41
3.07
2.24
2.25
2.21
1.83
1.74
1.82
1.89
2.42
2.54
2.90
3.33
3.44
3.75
3.43
3.22
3.03
2.80
2.70
2.92
2.81
3.06
2.75
4.33
3.84
4.63
4.34
4.78
4.37
4.35
3.64
4.04
4.57
4.79
4.79
4.77
4.78
4.35
