1.04
1.13
0.99
0.96
0.95
0.86
0.89
0.92
0.96
0.97
0.99
0.89
0.91
0.83
0.87
1.09
1.03
1.09
1.28
1.29
1.08
1.01
0.95
1.09
0.87
0.76
0.86
0.78
0.82
0.94
1.16
1.25
1.37
1.22
1.12
0.86
0.74
0.71
0.64
0.59
0.66
0.63
0.64
0.62
0.62
0.65
0.59
0.68
0.70
0.78
0.72
0.77
0.73
0.70
0.74
0.68
0.70
0.68
0.67
1.14
1.20
1.27
1.02
1.20
0.97
0.85
0.74
0.90
0.68
0.62
0.58
0.60
0.59
0.64
0.62
0.59
0.53
0.60
0.63
0.63
0.57
0.55
0.60
0.55
0.58
0.61
0.61
0.62
0.69
0.70
0.67
0.67
0.67
0.64
0.60
0.64
0.72
0.88
1.20
1.50
1.49
1.35
1.54
1.60
1.59
1.57
1.84
1.83
1.64
1.20
1.17
0.94
0.95
0.83
0.89
0.88
0.78
0.81
0.68
0.76
0.71
0.77
0.73
0.71
0.65
0.66
0.71
0.72
0.70
0.70
0.73
0.73
0.76
0.69
0.72
0.68
0.75
1.05
1.15
0.99
0.91
0.80
0.74
0.73
0.80
0.75
0.69
0.74
0.69
0.65
0.61
0.58
0.53
0.54
0.55
0.56
0.60
0.56
0.70
0.67
0.88
0.81
0.78
0.73
0.73
0.71
0.72
0.71
0.70
0.73
0.70
0.77
0.72
0.75
0.74
0.71
0.87
0.85
0.84
1.09
1.07
1.00
0.90
0.82
0.88
0.80
0.81
0.77
0.69
0.68
0.59
0.63
0.57
0.54
0.47
0.56
0.57
0.58
0.54
0.54
0.59
0.68
0.70
0.72
0.72
0.68
0.71
0.66
0.70
0.71
0.74
0.73
0.79
0.85
0.78
0.84
0.80
0.82
0.87
1.00
0.95
0.95
1.05
0.97
0.92
1.01
0.90
0.83
0.88
0.92
0.98
0.87
0.80
0.75
0.65
0.78
0.68
0.67
0.65
0.62
0.61
0.68
0.61
0.62
0.66
0.59
0.55
0.51
0.52
0.53
0.58
0.60
0.58
0.51
0.60
0.79
1.16
1.15
1.15
0.97
0.87
0.80
0.64
0.58
0.55
0.88
0.87
0.96
0.89
0.83
0.85
0.91
0.83
0.66
0.67
0.58
0.66
0.76
0.74
0.69
0.69
0.67
0.69
0.59
0.69
0.61
0.70
0.65
0.63
0.90
0.74
0.78
0.75
0.77
0.80
0.84
0.84
0.78
1.02
1.08
1.53
1.22
1.11
0.97
1.03
0.83
0.75
0.70
0.77
0.80
0.92
0.89
0.80
0.80
0.66
0.70
0.60
0.69
0.71
0.84
0.81
0.75
0.84
0.86
0.86
0.85
0.89
0.70
0.78
0.71
0.77
0.70
0.74
0.71
0.73
0.76
0.76
0.72
0.70
0.88
0.78
1.00
1.31
1.36
1.15
1.25
1.05
0.91
0.87
0.74
0.98
0.93
0.86
0.81
0.70
0.68
0.67
0.71
0.68
0.70
0.76
0.65
0.66
0.76
0.67
0.68
0.73
0.74
0.76
0.76
0.82
0.87
0.85
0.82
0.79
0.80
0.77
0.79
0.75
0.72
0.71
0.74
0.83
0.89
1.20
1.37
1.49
1.52
1.40
1.33
1.08
0.96
0.90
0.87
0.91
0.89
0.90
0.73
0.78
0.66
0.64
0.66
0.53
0.54
0.59
0.59
0.64
0.63
0.63
0.65
0.62
0.63
0.61
0.62
0.57
0.72
0.72
0.78
0.71
0.78
0.92
0.91
0.87
0.81
0.82
0.80
0.90
0.89
0.87
0.86
1.14
1.43
1.17
0.98
1.05
0.98
0.87
0.82
0.74
0.80
0.88
0.95
0.81
0.85
0.69
0.73
0.63
0.68
0.65
0.51
0.57
0.57
0.58
0.62
0.62
0.61
0.65
0.66
0.53
0.60
0.66
0.69
0.68
0.71
0.65
0.67
0.71
0.70
0.66
0.69
0.68
0.70
0.70
0.68
0.68
0.63
0.63
0.66
0.65
0.63
0.63
0.63
0.63
0.64
0.62
0.61
0.61
0.61
