1.24
1.61
1.82
2.23
2.38
2.60
3.02
2.90
2.54
2.35
2.27
2.68
3.09
2.53
2.14
2.07
1.65
1.56
1.74
1.82
2.31
2.62
2.84
3.04
3.53
4.37
4.28
4.34
4.50
4.79
4.45
4.79
4.32
3.80
2.94
2.55
2.43
2.07
1.96
1.77
1.99
2.08
2.07
2.06
1.93
1.96
1.86
1.91
1.61
1.33
1.36
1.26
1.62
1.63
1.88
2.14
1.93
1.88
1.76
1.74
1.63
1.69
1.62
1.54
1.50
2.14
2.21
2.16
2.98
3.70
3.79
3.38
3.04
2.79
2.86
3.05
3.00
2.44
2.04
2.08
2.26
2.55
2.63
2.66
3.60
3.32
3.56
3.71
4.11
4.04
3.40
2.77
2.26
1.99
1.93
1.60
1.70
2.02
2.03
2.06
1.85
1.93
1.65
1.44
1.34
1.37
1.43
1.49
1.66
1.98
1.91
2.08
2.04
1.96
1.98
1.67
2.04
1.96
2.42
2.27
2.54
2.48
2.56
2.94
3.18
3.24
3.21
2.95
2.90
2.61
2.14
1.83
1.65
1.96
2.76
3.07
3.47
3.79
4.22
4.02
3.50
4.01
3.40
2.94
2.70
2.35
1.93
1.88
1.91
1.92
2.28
2.38
2.46
2.41
2.30
2.18
1.89
1.68
1.51
1.48
1.48
1.43
1.60
1.58
1.77
1.74
1.85
1.74
1.66
1.49
1.46
1.33
1.38
1.65
2.00
2.67
2.37
2.99
3.38
3.03
3.01
3.44
3.45
4.03
3.49
3.31
3.26
2.75
2.44
2.26
2.03
2.01
2.05
2.22
2.93
3.21
3.58
3.84
4.54
4.06
3.66
3.46
2.99
2.72
2.60
2.36
2.85
2.29
2.25
1.84
1.89
2.00
2.12
1.92
1.93
1.52
1.22
1.20
1.14
1.27
1.58
1.73
1.84
2.55
2.33
2.26
1.96
1.86
1.68
1.62
1.76
1.90
1.89
2.08
1.92
2.96
3.68
4.49
4.60
4.81
4.77
4.80
4.55
4.19
4.07
3.82
3.45
2.85
3.04
2.48
2.16
1.96
2.29
2.47
2.56
2.23
2.95
3.80
4.59
4.27
4.27
4.29
3.94
4.00
2.87
2.63
2.67
2.40
2.59
2.73
2.27
2.42
2.37
2.23
1.94
1.84
1.52
1.46
1.23
1.67
1.64
1.94
2.21
2.28
2.34
2.32
2.86
2.27
2.43
1.96
1.83
2.06
1.65
1.73
1.87
1.89
2.83
3.22
3.70
3.47
4.47
4.79
4.80
4.50
3.96
4.40
4.45
4.50
4.78
4.73
3.85
3.54
3.11
2.75
2.29
2.00
1.90
1.90
2.02
2.29
3.33
3.98
4.05
4.82
4.75
4.41
4.07
4.50
4.60
3.61
3.23
2.82
2.19
2.39
2.60
3.08
2.35
2.13
1.83
1.47
1.46
1.26
1.55
1.86
2.29
2.32
2.55
2.36
2.45
2.42
1.95
2.27
2.01
2.28
2.25
2.32
2.45
2.45
3.25
3.47
3.07
2.77
2.60
2.65
2.91
3.78
4.00
3.70
3.26
2.99
2.60
2.44
2.02
1.91
2.40
2.21
1.96
1.93
2.03
2.20
2.25
3.38
4.73
4.74
4.75
4.16
4.83
4.22
4.69
4.16
3.94
3.60
2.86
2.42
2.13
1.93
1.90
2.13
1.95
1.74
1.43
1.32
1.29
1.49
1.52
1.54
1.62
1.72
2.40
2.27
2.14
2.00
2.63
2.72
2.45
2.43
2.18
2.85
3.00
3.43
4.08
3.78
4.62
4.80
4.80
4.74
4.80
4.77
4.80
4.79
4.57
4.46
3.75
2.86
2.34
1.95
1.84
1.74
2.19
2.56
3.05
3.44
3.48
4.20
3.85
4.80
4.77
4.48
4.79
4.18
4.13
3.36
2.73
3.05
3.11
2.83
2.90
2.34
2.41
1.99
1.87
1.56
1.29
1.23
1.45
1.76
1.89
2.13
2.31
2.44
2.46
2.09
2.27
1.82
1.97
2.20
2.06
2.22
2.72
2.50
2.86
2.45
2.68
3.31
4.32
4.27
4.78
4.79
4.78
4.83
4.16
4.05
4.22
3.34
3.56
2.94
2.44
1.90
1.76
1.74
1.97
1.79
2.53
2.80
4.18
4.28
4.30
3.98
4.41
4.44
4.80
4.78
4.79
4.78
4.80
4.73
4.80
4.77
4.80
4.78
4.19
3.86
3.06
3.12
2.66
2.58
2.18
2.17
2.44
2.03
1.87
1.70
1.89
1.74
1.46
1.57
1.69
1.80
2.06
2.17
2.66
2.50
2.81
2.47
