1.86
1.77
1.61
1.80
1.71
1.52
1.60
1.59
1.40
1.50
1.49
1.60
1.61
1.45
1.25
1.18
0.96
0.76
0.59
0.63
0.57
0.61
0.54
0.53
0.55
0.60
0.70
0.68
0.68
0.71
0.82
0.92
1.04
1.12
0.91
0.94
0.98
0.84
1.00
1.03
1.33
1.15
1.24
1.44
1.46
1.74
1.53
1.45
1.29
1.59
1.40
1.72
1.55
1.66
1.74
1.71
2.02
2.09
2.13
1.85
1.57
1.75
1.56
1.91
2.26
2.90
3.97
3.94
3.80
3.19
2.54
1.96
1.65
1.27
1.17
1.00
0.86
0.76
0.60
0.57
0.63
0.51
0.61
0.61
0.59
0.71
0.62
0.60
0.51
0.65
0.67
0.69
0.65
0.80
0.70
0.70
0.72
0.66
1.29
1.49
1.55
1.26
1.33
1.22
1.40
1.25
1.16
1.55
1.69
1.57
1.58
1.88
1.76
1.64
1.51
1.58
1.33
1.30
1.33
1.44
1.44
1.71
1.81
1.89
2.53
2.79
2.31
1.89
1.41
1.14
0.88
0.67
0.54
0.43
0.46
0.43
0.45
0.37
0.44
0.44
0.40
0.43
0.42
0.42
0.57
0.54
0.52
0.59
0.55
0.78
0.79
0.87
0.89
0.89
0.86
0.88
0.77
0.76
0.80
0.75
0.70
0.84
0.82
0.71
0.79
0.68
0.79
1.03
1.04
1.11
1.15
1.28
1.60
1.71
1.58
1.59
1.49
1.35
1.52
1.59
1.45
1.36
1.72
1.65
1.56
1.28
1.01
0.86
0.71
0.55
0.51
0.47
0.46
0.35
0.48
0.45
0.40
0.39
0.41
0.43
0.52
0.54
0.71
0.77
0.64
0.84
0.80
0.68
0.58
0.72
0.74
0.63
0.78
0.80
0.73
0.84
1.11
1.13
1.09
0.95
0.87
0.86
0.96
1.44
1.70
1.73
1.90
1.84
1.76
1.63
1.75
1.53
1.47
1.36
1.32
1.45
1.55
1.42
1.55
1.52
1.24
1.25
1.09
1.06
0.94
0.73
0.60
0.53
0.47
0.39
0.38
0.36
0.36
0.39
0.41
0.40
0.44
0.43
0.43
0.43
0.39
0.49
0.49
0.54
0.58
0.83
0.75
0.74
0.86
0.90
0.97
1.08
1.12
1.27
1.12
1.15
1.09
1.35
1.25
1.26
1.47
1.53
2.05
1.66
1.80
1.33
1.59
1.36
2.20
2.63
2.24
2.12
1.80
1.90
1.64
1.82
1.73
1.70
1.46
1.31
1.12
0.90
0.69
0.61
0.53
0.47
0.49
0.46
0.45
0.38
0.40
0.46
0.43
0.45
0.46
0.44
0.47
0.59
1.05
1.26
1.37
1.41
1.44
1.30
1.00
1.03
1.18
1.24
1.49
1.65
1.66
1.45
1.74
1.48
1.60
1.37
1.65
1.53
1.66
1.73
2.09
2.52
2.32
2.10
1.91
2.00
1.97
2.08
1.64
1.38
1.40
1.15
0.91
0.78
0.55
0.50
0.43
0.47
0.48
0.46
0.43
0.42
0.47
0.52
0.57
0.43
0.54
0.62
0.68
0.64
0.73
0.81
0.81
0.77
0.72
0.65
0.81
1.09
0.85
1.00
1.13
1.11
1.30
1.06
1.10
1.25
1.63
2.14
2.16
2.08
1.83
2.15
1.99
1.93
1.53
1.22
1.45
1.25
1.25
1.00
1.04
0.89
0.75
0.58
0.52
0.45
0.48
0.51
0.44
0.47
0.47
0.54
0.51
0.46
0.51
0.67
0.80
1.02
0.86
0.86
0.92
0.88
0.89
1.01
1.15
1.03
0.96
0.83
1.29
1.32
1.44
1.34
1.64
1.57
2.16
1.79
1.50
1.68
1.68
1.52
1.56
1.74
1.49
2.06
2.76
2.41
1.94
1.76
1.63
1.48
1.20
0.98
0.72
0.60
0.53
0.39
0.52
0.56
0.56
0.54
0.58
0.62
0.77
0.65
0.78
0.96
0.83
0.82
0.87
0.90
0.87
0.80
0.74
1.09
1.15
1.32
1.26
1.27
1.25
1.11
1.11
1.00
1.08
0.92
1.11
1.00
0.80
0.70
0.63
