1.74
2.10
1.86
2.27
1.87
1.89
2.70
2.84
2.82
2.47
2.01
1.60
1.58
1.70
1.48
1.17
1.10
1.24
0.94
0.76
0.63
0.64
0.63
0.66
0.65
0.61
0.55
0.58
0.63
0.58
0.56
0.49
0.56
0.52
0.54
0.55
0.80
0.76
0.81
0.95
1.02
1.05
1.05
1.14
1.10
1.39
1.36
1.32
1.01
0.86
0.80
1.15
1.20
1.25
1.11
1.08
1.34
1.52
1.45
1.39
1.40
1.49
1.36
1.28
1.29
1.17
1.70
2.43
3.10
2.68
2.80
2.28
2.57
1.90
1.54
1.44
1.24
1.09
0.84
0.70
0.60
0.60
0.59
0.53
0.49
0.51
0.49
0.51
0.48
0.58
0.67
0.67
0.61
0.58
0.61
0.74
1.15
0.97
1.07
0.87
0.85
0.77
0.88
0.90
0.82
0.96
0.97
0.82
0.88
0.93
1.16
1.13
1.16
1.52
1.73
1.54
1.89
2.08
1.86
2.23
2.22
1.74
1.75
2.00
1.94
2.58
2.13
2.39
2.20
2.09
1.69
1.21
0.88
0.65
0.57
0.52
0.47
0.55
0.56
0.66
0.57
0.63
0.83
0.68
0.62
0.67
0.63
0.79
0.78
0.70
0.75
0.63
0.74
0.85
0.87
0.87
0.95
0.76
0.80
0.83
0.85
0.86
1.00
1.28
1.21
1.25
1.06
1.19
1.45
1.55
1.48
1.42
1.32
1.43
1.31
1.65
1.82
1.97
1.65
1.48
1.17
1.02
0.81
0.63
0.52
0.43
0.42
0.45
0.55
0.48
0.53
0.47
0.56
0.52
0.53
0.63
0.77
0.74
0.88
1.30
1.39
1.59
1.31
1.22
1.33
1.52
1.52
1.22
1.23
1.25
1.48
1.61
1.46
1.34
1.19
1.21
1.16
1.04
1.55
1.35
1.30
1.54
1.43
1.65
1.96
2.08
2.23
2.32
2.42
2.47
1.87
1.71
1.45
1.17
0.81
0.67
0.54
0.54
0.43
0.44
0.50
0.59
0.62
0.59
0.60
0.68
0.63
0.65
0.66
0.70
0.87
0.76
0.86
0.82
0.75
0.69
0.57
0.65
0.57
0.80
0.82
1.19
1.32
1.27
1.15
1.13
1.17
1.35
1.30
1.27
1.42
1.71
2.06
2.48
2.05
1.76
1.61
1.98
1.72
1.95
1.78
1.35
1.08
0.84
0.68
0.52
0.46
0.43
0.41
0.46
0.47
0.53
0.53
0.52
0.61
0.57
0.61
0.75
0.95
0.75
0.92
0.92
0.80
0.94
0.88
0.83
0.82
0.83
0.88
0.78
0.74
0.80
0.86
0.75
1.04
1.30
1.41
1.36
1.11
1.66
1.55
1.65
1.64
1.72
1.48
1.89
1.47
1.72
1.78
1.83
1.76
1.97
1.88
1.73
1.37
0.95
0.77
0.55
0.48
0.46
0.44
0.48
0.51
0.51
0.49
0.43
0.56
0.53
0.55
0.82
0.84
1.30
1.20
1.27
1.10
0.91
0.90
1.01
1.04
1.25
1.23
1.06
1.07
1.42
1.15
1.22
1.19
1.21
1.30
0.95
1.08
1.21
1.29
1.68
1.64
1.67
1.99
2.42
2.09
1.92
1.63
1.35
1.05
0.82
0.81
0.74
0.61
0.80
0.72
0.75
0.62
0.57
0.57
0.51
0.58
0.57
0.59
0.59
0.61
0.69
0.85
1.14
0.95
0.99
1.01
1.11
0.94
0.96
0.93
0.82
0.83
1.06
1.37
1.07
1.08
1.32
1.29
1.52
1.47
1.66
1.90
2.41
2.64
2.42
2.23
2.78
2.68
2.42
2.70
2.82
2.61
1.94
1.65
1.30
1.05
0.82
0.65
0.56
0.54
0.64
0.55
0.65
0.62
0.58
0.81
0.75
0.88
1.30
1.09
1.23
1.34
1.30
1.68
1.76
1.97
2.08
1.65
1.66
1.66
1.61
1.93
2.11
1.96
2.13
1.75
1.80
1.63
1.80
2.12
2.16
2.24
2.05
2.22
2.36
2.34
2.33
3.70
3.25
3.14
2.83
2.87
3.02
2.62
2.38
1.90
1.32
0.91
0.69
0.75
0.59
0.71
0.69
0.65
0.55
0.68
0.67
0.82
1.02
1.38
1.65
2.06
2.37
1.99
2.06
1.72
1.72
1.86
1.41
1.74
1.76
1.52
1.52
1.62
1.87
2.05
2.38
2.59
2.76
2.83
3.15
3.07
2.68
2.60
3.00
2.95
3.04
2.48
2.48
3.29
3.16
2.97
2.33
2.01
1.46
1.12
0.86
0.65
0.70
0.63
0.54
0.63
0.66
0.64
0.58
0.63
0.66
0.59
0.69
0.64
1.08
1.05
0.95
1.23
1.68
1.48
1.18
1.15
1.10
1.01
0.94
0.91
1.02
1.21
1.46
1.80
1.56
2.00
2.60
2.12
1.93
1.75
1.50
1.67
1.56
1.55
2.35
2.16
4.03
4.12
3.06
2.43
2.35
2.23
1.78
1.30
1.08
0.89
0.73
0.60
0.52
0.51
0.41
0.56
0.64
0.72
0.65
0.66
0.63
0.59
0.74
0.75
0.97
0.86
1.09
0.95
1.04
1.07
1.42
1.37
1.32
1.11
1.69
1.56
1.22
1.18
1.14
1.11
0.96
0.74
0.59
0.51
0.39
0.50
0.66
0.53
0.51
0.70
0.55
0.52
0.65
0.53
0.45
0.39
0.36
0.27
0.35
0.28
0.31
0.27
0.28
0.25
0.27
0.29
0.28
0.27
0.23
0.29
0.29
0.31
0.27
0.26
0.24
0.27
