2.20
1.74
1.44
1.40
1.45
1.98
1.70
1.59
1.51
1.85
1.84
1.79
1.56
1.63
1.90
2.17
2.43
2.62
2.39
2.51
1.83
1.42
1.13
0.98
0.80
0.74
0.65
0.59
0.55
0.50
0.49
0.43
0.45
0.54
0.58
0.57
0.59
0.74
0.79
0.70
0.70
0.70
0.65
0.67
0.83
0.87
0.78
0.90
0.85
1.02
0.93
0.88
1.09
1.02
1.17
1.06
1.19
1.00
0.93
1.21
1.44
1.40
1.37
1.29
1.73
1.72
1.78
1.73
1.31
1.38
1.20
1.13
1.42
1.20
1.08
0.96
1.08
1.09
0.91
0.81
0.73
0.62
0.52
0.41
0.46
0.43
0.44
0.43
0.46
0.55
0.63
0.58
0.63
0.65
0.64
0.69
0.68
0.87
0.98
0.92
0.88
0.88
1.06
1.13
1.10
0.96
0.84
0.65
0.61
0.55
0.78
0.83
1.16
1.53
1.76
1.62
1.88
1.75
1.60
1.91
1.67
1.56
1.45
2.32
1.92
2.12
1.81
1.88
1.64
1.80
1.46
1.27
1.08
0.99
0.79
0.74
0.59
0.47
0.43
0.31
0.35
0.35
0.44
0.40
0.40
0.39
0.35
0.46
0.58
0.55
0.72
0.81
0.67
0.79
0.86
0.86
0.94
1.03
1.04
1.06
1.17
1.02
1.13
1.04
1.46
1.20
1.54
1.39
1.17
1.26
1.27
1.41
1.36
1.29
1.54
1.69
1.57
2.17
1.98
2.47
2.13
1.93
1.75
1.81
1.58
1.67
1.42
1.19
0.87
0.70
0.59
0.50
0.46
0.43
0.41
0.42
0.43
0.46
0.53
0.64
0.73
0.80
0.87
0.74
0.86
0.90
0.85
0.91
0.87
1.19
1.18
1.26
1.06
0.99
1.23
1.15
1.01
1.09
1.12
1.04
1.06
1.17
1.38
1.67
1.90
1.63
1.92
1.97
1.93
2.06
1.75
1.68
1.90
1.99
2.24
3.64
3.71
3.59
3.50
3.07
2.41
2.01
1.47
1.30
1.10
1.14
0.91
0.89
0.80
0.77
0.79
0.93
0.85
1.26
1.44
1.44
1.72
2.04
1.83
1.59
1.85
1.50
1.47
1.31
1.27
1.65
1.72
1.55
1.65
2.00
2.00
1.94
1.63
1.84
1.94
1.63
2.05
2.09
2.48
2.23
2.05
2.76
2.57
2.14
1.92
2.26
1.70
1.72
1.43
1.18
0.92
0.75
0.70
0.63
0.60
0.52
0.58
0.55
0.63
0.64
0.65
0.69
0.89
0.85
1.04
0.85
1.03
0.93
1.09
1.28
1.05
1.14
1.05
0.97
1.54
1.56
1.18
1.23
1.27
1.65
1.50
1.54
2.57
2.17
2.25
1.99
2.02
1.68
1.73
1.68
1.85
1.67
1.61
1.41
2.17
2.37
3.14
3.63
3.86
4.29
3.53
3.16
2.65
2.23
1.58
1.30
1.07
0.99
0.89
0.84
0.78
0.75
0.77
0.68
0.72
0.64
0.74
1.01
1.22
2.04
1.77
2.80
2.58
2.75
2.85
2.06
1.81
1.70
1.35
1.31
1.33
1.64
1.66
1.40
1.63
2.01
2.35
2.54
2.09
2.38
2.34
2.17
2.77
2.74
2.24
1.77
1.91
1.95
1.75
2.06
3.14
3.59
2.92
2.44
2.02
1.53
1.23
0.90
0.72
0.53
0.48
0.44
0.39
0.46
0.44
0.51
0.51
0.76
0.70
0.56
0.54
0.66
0.70
0.64
0.79
1.08
1.21
1.78
1.64
1.62
1.54
1.49
1.41
1.68
1.39
1.41
1.69
1.85
1.73
1.75
1.71
2.12
2.03
1.63
1.52
1.69
1.62
1.59
1.47
1.31
2.06
3.65
2.87
2.57
2.19
1.82
1.61
1.44
1.25
1.10
0.87
0.79
0.67
0.67
0.62
0.76
0.70
0.71
0.70
0.67
0.73
0.63
0.77
0.82
0.88
0.94
0.99
0.89
1.05
1.08
0.97
1.29
1.22
1.02
1.39
1.33
1.26
1.50
1.66
1.63
2.03
2.05
1.71
1.53
1.33
1.58
1.64
1.57
1.55
1.74
1.73
2.47
3.04
2.54
2.39
2.85
2.62
2.09
1.65
1.19
0.90
0.65
0.65
0.57
0.57
0.72
0.63
0.57
0.55
0.75
0.68
0.67
0.63
0.66
0.62
0.80
1.11
1.77
2.17
1.96
1.94
1.54
1.55
1.29
1.47
1.36
1.74
2.08
2.43
2.44
2.60
2.54
2.35
2.55
2.56
2.47
2.23
2.09
2.34
2.13
2.05
2.41
1.96
2.21
1.69
1.24
0.88
0.70
0.55
0.54
0.48
0.48
0.54
0.61
0.64
0.57
0.55
0.71
0.66
0.66
0.70
1.04
1.05
1.28
1.12
1.22
1.24
1.05
1.12
0.85
0.97
0.93
1.00
0.91
0.91
0.85
0.98
1.20
1.48
1.50
1.36
1.60
1.70
1.72
1.70
1.72
2.37
2.05
2.58
2.32
2.61
2.76
2.59
2.95
2.70
2.39
2.36
1.70
1.26
0.87
0.76
0.70
0.63
0.55
0.79
0.75
0.86
0.92
0.82
0.86
0.84
0.83
1.19
1.55
1.37
1.54
1.81
1.50
1.23
1.41
1.22
1.26
0.93
1.06
0.92
1.00
1.00
1.13
1.23
1.45
1.29
1.30
1.85
1.85
1.55
1.92
2.33
1.98
2.06
2.61
2.20
1.86
1.70
1.85
1.90
1.50
1.20
1.08
0.91
0.71
0.62
0.51
0.50
0.57
0.57
0.51
0.53
0.46
0.57
0.56
0.57
0.67
0.73
0.70
0.96
0.82
1.17
1.49
1.17
1.25
1.10
0.81
0.86
0.90
0.89
0.89
1.67
1.95
1.84
2.17
1.99
1.77
1.51
1.71
1.52
1.72
2.16
2.13
2.88
2.84
3.15
2.79
3.10
2.54
2.99
2.53
2.34
1.84
1.53
1.53
1.61
1.37
1.13
0.93
0.70
0.88
0.86
0.80
0.80
0.93
0.90
1.07
0.86
0.96
0.80
0.63
1.05
1.07
1.01
1.16
0.93
0.88
0.98
1.03
1.02
1.07
1.42
1.30
1.00
1.02
0.96
0.90
1.02
1.02
0.90
0.91
0.81
0.79
