0.60
0.88
0.89
1.28
1.28
1.13
1.07
0.97
0.92
0.87
0.86
0.95
1.31
1.56
1.63
1.57
1.82
1.55
1.80
1.44
1.91
1.74
2.24
2.04
1.74
1.61
1.34
1.16
0.90
0.73
0.59
0.60
0.61
0.51
0.59
0.70
0.62
0.68
0.57
0.66
0.83
0.91
0.86
0.95
1.07
1.19
1.25
1.30
1.39
1.37
1.27
1.11
0.92
0.77
0.68
0.99
0.94
0.84
0.66
0.55
0.59
0.59
0.78
0.68
0.82
1.21
1.06
1.05
1.15
1.13
1.33
1.34
1.37
1.19
1.22
1.35
1.25
1.40
1.55
2.08
2.43
2.39
2.68
2.59
2.65
2.59
2.10
2.24
1.65
1.30
1.07
0.86
0.66
0.57
0.54
0.44
0.59
0.60
0.62
0.51
0.59
0.60
0.63
0.60
0.70
0.73
0.81
0.78
0.79
1.17
1.30
1.33
1.21
0.88
0.73
0.75
0.84
0.87
0.66
0.85
0.80
0.77
0.86
1.13
1.16
0.99
1.12
0.92
0.76
0.71
1.01
1.42
1.40
1.80
2.18
2.88
3.57
3.31
3.14
3.70
3.13
3.08
2.95
2.40
2.13
1.57
1.25
0.98
0.79
0.59
0.49
0.43
0.42
0.36
0.46
0.45
0.54
0.56
0.65
0.60
0.67
0.74
0.63
0.59
0.78
0.91
0.88
1.09
0.93
0.80
0.86
0.71
0.84
0.66
0.70
0.75
0.84
0.83
1.17
1.26
1.31
1.07
1.05
0.99
1.44
1.33
1.14
1.28
1.44
1.46
1.64
2.01
2.42
2.32
2.63
3.12
2.75
2.18
1.87
2.02
1.74
1.25
0.92
0.72
0.60
0.55
0.58
0.49
0.59
0.55
0.50
0.51
0.57
0.67
0.80
0.91
1.01
1.02
1.25
1.35
1.23
1.47
1.46
1.25
1.12
1.12
0.74
0.60
0.80
0.78
1.09
0.96
1.24
1.27
1.40
1.11
1.13
1.31
1.69
1.51
1.54
1.33
1.60
1.43
1.52
1.39
2.45
2.82
3.45
3.34
3.16
2.41
2.21
1.80
1.61
1.28
1.24
0.93
0.73
0.58
0.49
0.52
0.53
0.55
0.45
0.50
0.48
0.60
0.78
0.75
0.79
0.76
0.70
1.03
1.04
0.82
0.92
0.99
1.01
1.10
1.18
1.09
0.85
0.89
1.11
1.13
1.20
1.53
1.64
1.32
1.70
2.25
2.17
2.18
2.16
2.82
2.61
2.48
2.27
2.30
2.55
2.41
3.02
2.76
2.41
1.89
1.84
1.82
1.62
1.15
0.93
0.76
0.64
0.66
0.61
0.63
0.60
0.62
0.63
0.78
0.82
1.30
1.58
1.25
1.32
1.36
1.18
1.27
1.31
1.47
1.25
1.23
1.38
1.39
1.58
1.26
1.06
1.10
1.05
1.09
0.97
1.08
1.04
1.27
1.37
1.55
2.10
1.92
1.56
1.28
1.75
2.05
1.82
1.54
1.52
1.52
1.80
2.10
2.56
3.29
3.26
2.81
3.26
3.31
3.19
2.89
2.18
1.52
1.14
0.84
0.67
0.57
0.54
0.44
0.48
0.47
0.55
0.57
0.62
0.56
0.52
0.49
0.54
0.72
0.79
0.86
0.79
0.82
0.80
0.97
0.99
0.96
0.88
1.09
0.88
0.80
0.70
0.63
0.78
0.80
1.09
1.40
1.59
1.53
1.72
1.81
2.05
1.86
1.41
1.27
1.15
1.22
1.54
1.38
1.57
1.70
1.78
1.93
1.77
2.74
2.75
2.24
1.88
1.48
1.07
0.87
0.69
0.57
0.53
0.58
0.56
0.58
0.57
0.46
0.65
0.54
0.65
0.68
0.80
0.97
1.74
1.63
1.58
1.64
1.46
1.48
1.40
1.18
0.83
0.87
0.80
1.27
1.37
1.49
1.63
2.01
2.26
2.61
2.24
2.08
2.40
2.41
2.81
2.65
3.21
3.30
3.33
2.88
4.20
3.38
3.07
2.79
3.91
3.85
3.28
2.55
1.77
1.34
1.07
0.87
0.75
0.78
0.66
0.67
0.77
0.69
0.70
0.79
0.84
0.78
0.77
0.84
0.72
0.70
0.82
0.82
1.13
1.10
1.32
1.20
1.10
1.24
1.36
1.43
1.30
1.30
1.36
1.35
1.08
1.12
1.05
1.58
1.30
1.59
1.44
1.64
1.40
2.34
2.57
3.02
2.76
3.84
3.44
3.32
3.98
4.03
4.01
3.92
2.89
2.01
1.41
1.03
0.79
0.64
0.63
0.70
0.58
0.78
0.67
0.52
0.57
0.58
0.74
0.94
1.15
1.18
1.65
2.66
2.99
2.86
2.29
1.82
1.82
1.55
2.25
2.10
2.47
2.02
2.30
2.55
2.88
2.88
3.02
3.23
3.26
2.74
3.11
2.58
3.21
3.13
3.51
4.25
3.32
2.49
2.12
1.62
1.23
0.89
0.72
0.62
0.55
0.51
0.55
0.53
0.52
0.56
0.63
0.90
0.84
0.95
1.11
1.05
1.19
1.08
1.44
1.16
1.40
1.40
1.34
1.29
1.15
1.09
0.95
1.11
1.34
1.22
1.41
1.91
2.10
1.95
2.22
2.49
2.34
2.05
2.05
2.42
3.70
3.61
3.33
3.71
3.91
3.94
3.18
2.61
1.93
1.44
1.04
0.78
0.69
0.53
0.64
0.70
0.82
0.74
0.88
0.88
1.10
1.08
1.35
1.46
1.21
1.01
0.90
1.15
1.26
1.33
1.35
1.46
1.37
1.40
1.44
1.08
0.95
1.06
1.10
1.21
1.66
1.57
1.41
1.50
2.29
2.12
2.34
2.49
2.20
2.21
2.78
2.73
3.33
2.90
2.60
2.78
3.06
2.99
3.49
3.06
2.28
1.85
1.31
1.01
0.82
0.66
0.59
0.65
0.61
0.53
0.52
0.67
0.67
0.63
0.81
0.88
1.13
1.03
1.01
1.07
1.10
1.97
2.61
2.37
2.08
1.62
1.25
0.98
0.78
0.68
0.85
1.13
1.16
1.07
1.67
1.63
2.21
2.61
3.25
3.44
2.75
3.69
3.56
3.38
3.45
3.96
3.46
4.26
3.65
3.82
3.76
3.53
4.29
4.31
4.08
2.99
2.18
1.50
1.10
0.84
0.79
0.80
0.90
1.05
0.96
0.83
0.91
0.90
0.96
1.06
1.07
0.82
1.13
0.98
1.32
1.32
1.10
0.94
0.91
0.91
0.87
0.77
0.74
0.72
0.89
0.75
0.78
