0.46
0.64
0.60
0.64
0.66
0.78
0.98
1.07
0.88
1.05
0.93
1.29
1.32
1.34
1.19
1.50
2.18
2.19
2.62
3.08
3.14
2.63
2.55
2.38
2.34
2.17
1.58
1.25
0.95
0.75
0.62
0.65
0.52
0.65
0.55
0.63
0.61
0.62
0.59
0.55
0.58
0.77
0.82
0.88
0.79
1.06
1.23
1.27
1.15
1.16
1.02
1.23
1.15
1.07
0.82
0.90
1.04
1.05
1.01
0.93
0.98
0.88
0.77
0.97
1.40
1.39
1.32
1.55
1.91
1.89
1.98
1.76
2.06
1.94
1.82
1.80
1.82
2.17
2.16
2.03
1.99
1.97
1.72
1.46
1.17
1.09
1.11
1.02
0.85
0.77
0.74
0.78
0.82
0.75
0.68
0.76
0.74
0.70
0.88
0.86
1.04
0.93
0.92
1.06
0.94
1.45
1.15
1.04
0.97
1.30
1.39
1.55
1.64
1.77
1.53
1.16
1.09
1.27
1.45
1.32
1.18
1.31
1.37
1.71
2.11
2.52
3.13
3.36
3.88
4.67
4.79
4.82
4.75
3.72
2.79
2.07
1.51
1.17
1.01
0.87
0.72
0.61
0.50
0.55
0.60
0.62
0.72
0.66
0.52
0.74
0.66
0.72
0.77
0.81
0.99
1.37
1.36
1.41
1.07
1.16
1.18
1.21
1.31
1.02
1.17
1.28
1.45
1.39
1.41
1.38
1.46
1.26
1.26
1.01
0.94
1.32
1.56
1.65
1.62
1.31
1.65
1.69
2.24
2.32
2.54
3.56
3.22
2.84
3.15
3.01
2.76
2.07
1.74
1.28
0.93
0.68
0.57
0.55
0.49
0.44
0.48
0.51
0.51
0.54
0.50
0.55
0.75
0.78
0.85
0.92
0.85
0.96
0.87
1.08
1.03
1.09
1.08
0.82
0.83
0.98
0.98
0.89
0.81
1.21
1.25
1.18
1.09
1.70
1.85
1.54
1.52
1.28
1.10
1.51
1.44
1.79
2.00
2.23
2.24
2.16
2.29
2.55
3.05
3.03
2.93
3.11
2.65
2.61
2.96
3.85
3.23
2.96
2.23
1.67
1.34
1.11
0.95
0.78
0.67
0.79
0.68
0.55
0.56
0.65
0.74
0.67
0.64
0.63
0.82
0.85
0.96
0.96
1.13
1.15
1.09
1.04
0.96
0.91
0.91
0.94
0.79
0.97
1.19
1.00
1.04
1.18
1.67
2.11
2.36
2.30
2.21
1.95
1.98
1.72
2.55
2.49
2.33
2.53
2.98
3.01
3.56
3.66
3.64
2.95
3.37
2.98
2.72
2.04
1.91
1.72
1.46
1.43
1.16
0.89
0.73
0.74
0.67
0.69
0.63
0.56
0.85
0.99
0.96
0.81
0.86
1.00
1.18
1.30
1.23
1.43
1.84
1.37
1.40
1.21
0.99
0.77
0.82
0.96
0.91
1.23
1.14
1.09
1.19
1.42
1.38
1.29
1.16
1.12
1.20
1.29
1.42
1.39
1.36
1.49
1.37
1.49
1.62
1.45
1.57
1.46
1.63
1.80
1.65
1.37
1.13
0.85
0.68
0.68
0.61
0.51
0.47
0.64
0.68
0.71
0.65
0.76
0.72
0.74
0.66
0.86
0.87
0.91
0.92
1.22
1.28
1.04
1.06
1.22
1.27
1.21
0.97
0.98
0.92
1.03
1.16
1.14
1.31
1.06
0.91
1.12
1.49
1.55
1.36
1.34
1.15
1.09
1.38
1.64
2.23
2.18
2.51
2.68
2.65
3.05
3.87
3.49
3.82
4.57
4.27
4.03
4.16
3.45
2.48
1.85
1.44
1.09
0.97
0.78
0.74
0.60
0.69
0.67
0.67
0.74
0.73
0.70
0.91
1.02
1.05
1.28
1.42
1.75
1.57
1.39
1.34
1.40
1.34
1.68
1.37
1.50
1.31
1.16
1.45
1.17
1.17
1.06
1.63
2.09
1.93
1.65
1.38
1.35
2.13
1.63
1.76
1.53
2.67
2.90
3.08
3.14
3.40
3.43
3.24
2.45
2.39
2.26
2.20
2.31
2.46
2.06
1.58
1.14
0.90
0.72
0.62
0.58
0.53
0.53
0.68
0.66
0.63
0.55
0.79
0.72
1.05
1.00
1.08
1.11
1.12
1.34
1.56
1.73
1.54
1.47
1.19
1.19
1.14
1.19
1.21
1.03
1.35
1.65
2.19
2.37
1.88
1.52
1.51
1.35
1.54
1.67
1.65
1.33
1.49
1.78
2.02
2.65
2.46
2.91
3.66
3.62
3.59
4.18
4.40
4.59
3.80
3.06
2.34
1.68
1.28
1.00
0.81
0.85
0.82
0.91
0.76
0.86
1.07
