0.26
0.25
0.26
0.25
0.30
0.24
0.25
0.28
0.27
0.27
0.24
0.29
0.24
0.28
0.29
0.31
0.28
0.27
0.28
0.28
0.27
0.27
0.28
0.24
0.28
0.27
0.29
0.27
0.27
0.27
0.27
0.26
0.27
0.27
0.25
0.26
0.26
0.28
0.26
0.27
0.28
0.29
0.26
0.26
0.23
0.26
0.27
0.29
0.26
0.25
0.31
0.25
0.27
0.25
0.26
0.27
0.27
0.29
0.27
0.30
0.25
0.28
0.28
0.31
0.28
0.28
0.29
0.32
0.46
0.51
0.64
0.78
1.11
1.28
1.41
1.19
0.86
0.65
0.53
0.55
1.52
2.67
2.62
2.00
1.87
2.23
2.33
2.35
2.36
2.76
3.04
2.56
2.75
2.62
2.79
2.83
3.01
3.24
3.04
3.00
3.03
2.80
2.40
2.62
2.57
1.86
1.32
1.15
0.96
0.90
0.80
0.77
0.84
0.89
1.17
0.99
1.34
1.26
1.61
1.63
1.70
1.67
1.47
1.18
1.19
1.03
0.84
0.76
0.66
0.83
1.07
1.30
1.34
1.39
1.51
1.46
1.83
1.88
1.79
1.99
1.94
1.90
2.15
2.35
2.37
2.39
2.68
3.12
3.19
2.94
3.37
2.67
2.50
1.96
1.54
1.16
0.94
0.88
0.75
0.71
0.68
0.64
0.64
0.72
0.69
0.73
0.70
0.71
1.09
1.15
1.48
1.60
1.30
1.33
1.26
1.39
1.05
0.84
0.94
1.09
1.74
1.83
1.60
1.38
1.38
1.60
1.56
1.99
2.00
1.95
2.48
2.71
2.70
3.06
2.79
2.69
2.41
2.48
3.36
3.24
2.79
2.30
2.29
2.32
2.39
2.39
2.51
2.72
2.85
2.98
2.83
2.47
1.78
1.39
1.09
0.89
0.88
0.78
0.67
0.71
0.67
0.67
0.65
0.68
0.78
0.87
0.96
1.16
1.24
1.03
1.26
1.32
1.84
1.93
1.79
1.78
1.53
1.47
1.54
2.21
1.74
2.32
1.92
2.38
2.45
1.99
1.97
1.94
1.94
2.50
2.81
3.07
2.93
3.41
2.70
3.14
3.92
3.40
3.47
3.52
3.39
3.36
3.60
3.93
3.65
3.35
3.25
2.58
2.38
1.87
1.58
1.38
1.26
0.99
1.22
1.17
1.01
1.03
1.03
1.03
0.98
1.45
1.85
2.28
2.13
1.82
1.78
1.66
2.03
1.49
1.93
1.89
1.66
1.79
1.90
1.78
1.48
1.38
1.93
2.15
2.10
3.51
4.20
3.98
3.53
2.83
2.68
2.97
3.58
4.11
4.46
4.50
3.41
3.49
4.26
3.50
3.88
3.21
3.98
3.88
4.52
3.39
2.46
1.92
1.44
1.31
1.51
1.41
1.26
1.30
1.35
1.21
1.68
1.59
1.60
1.49
1.97
1.77
1.90
1.50
1.64
1.57
1.77
1.81
1.68
2.13
1.81
1.64
1.66
1.51
1.68
1.52
1.44
1.78
2.38
2.73
2.08
1.84
2.06
2.39
2.06
2.52
2.34
2.36
3.04
4.34
4.74
4.79
4.78
4.77
4.28
3.71
4.03
3.14
4.25
3.86
3.63
3.78
3.15
2.49
2.06
2.06
1.45
1.34
1.30
1.11
0.98
1.13
1.06
1.04
0.94
1.24
1.24
1.41
1.32
1.34
1.39
1.43
1.36
1.05
1.73
2.03
1.95
2.03
1.68
1.63
1.65
1.79
1.62
1.43
1.68
1.76
2.07
2.39
2.37
2.87
2.61
3.55
3.67
3.42
3.08
3.71
4.30
4.30
4.49
4.77
4.79
4.29
3.47
4.42
4.77
4.34
4.54
3.37
2.81
2.76
2.14
1.89
2.33
1.77
1.60
1.56
1.64
1.85
1.95
2.05
1.75
1.77
1.64
1.71
1.61
2.02
2.02
2.02
1.96
2.07
1.82
1.65
1.53
1.52
1.67
1.67
1.63
1.47
2.14
1.95
1.91
1.79
1.87
2.09
2.20
2.59
2.40
3.03
2.59
2.64
2.71
3.04
3.32
4.01
4.53
4.80
4.34
4.76
4.77
4.78
4.79
4.52
4.79
4.47
4.31
3.94
2.95
2.17
1.82
1.55
1.49
1.51
1.50
1.33
1.20
1.11
1.61
1.52
1.54
1.59
1.56
1.44
1.28
1.45
1.33
1.17
1.38
1.21
1.09
1.54
1.81
1.81
1.90
1.55
1.39
1.37
1.48
1.62
1.75
1.69
1.52
1.71
2.05
1.98
2.02
1.98
2.14
1.95
1.95
2.83
3.14
4.28
4.22
4.62
4.63
4.71
4.44
4.18
4.46
4.77
4.79
4.79
4.75
4.41
4.00
3.19
2.80
2.26
1.96
2.61
2.11
2.18
1.91
1.67
1.87
1.84
2.17
1.84
1.34
1.45
1.86
1.65
1.53
1.81
1.88
1.85
1.61
1.93
2.13
1.71
2.10
2.00
1.70
1.64
1.38
1.38
1.51
1.90
1.89
1.86
1.80
2.23
1.81
2.25
3.15
2.98
3.21
3.22
3.95
3.57
3.83
4.11
3.69
3.58
3.17
3.02
3.93
4.65
4.78
4.77
4.77
4.84
4.78
4.59
3.92
2.81
2.07
2.20
2.08
1.96
1.88
2.27
2.29
2.43
2.41
1.91
