0.40
0.40
0.45
0.53
0.66
1.20
1.10
1.37
1.53
1.46
1.69
2.96
2.65
2.35
2.82
2.99
2.71
2.94
3.50
3.48
3.01
2.82
2.49
3.32
3.04
2.68
3.45
3.21
2.81
2.50
2.33
1.88
1.51
1.42
1.71
1.65
1.92
1.86
1.92
1.64
1.67
1.66
1.59
1.64
1.57
1.46
1.44
1.71
1.93
1.81
1.65
2.14
1.71
1.58
1.47
1.19
1.25
1.35
1.74
2.28
1.83
1.84
2.34
2.65
2.19
2.92
2.76
2.85
2.77
3.06
2.89
2.58
2.56
2.95
3.10
2.66
2.20
1.73
1.42
1.23
1.22
1.16
1.30
1.27
1.25
1.16
1.25
1.25
1.18
1.06
1.09
1.43
1.26
1.09
1.17
1.23
1.25
1.06
1.07
1.42
1.31
1.40
1.75
1.55
1.76
1.62
1.55
1.84
1.83
1.59
1.88
2.51
2.11
1.74
2.09
2.54
2.45
2.17
2.07
3.07
3.15
4.19
3.91
4.56
4.56
4.78
4.76
4.80
4.13
3.75
3.31
2.67
2.28
1.70
1.75
1.26
1.03
0.88
0.81
0.94
1.09
0.98
0.84
0.70
0.85
0.96
1.19
1.25
1.16
1.05
1.03
1.13
1.09
1.09
1.26
1.76
1.87
2.01
2.16
2.07
3.13
3.09
3.23
2.51
2.44
2.27
2.54
2.92
4.00
4.00
4.79
4.17
4.45
4.78
4.78
4.76
4.16
3.24
2.52
2.00
1.43
1.22
1.12
1.10
0.96
1.00
1.13
1.27
1.52
1.62
1.68
1.37
1.28
1.39
1.32
1.47
1.64
1.73
1.87
1.57
1.78
1.70
1.87
2.00
1.91
1.94
2.23
2.02
2.21
1.74
1.52
1.65
1.73
2.46
2.86
3.14
3.69
3.01
3.08
4.17
4.33
3.95
3.91
3.94
4.77
4.80
4.31
4.62
3.84
3.18
2.42
1.95
1.54
1.18
0.95
0.83
0.78
0.75
0.68
0.82
0.77
1.05
1.23
1.17
1.04
1.30
1.14
0.99
0.94
1.02
1.38
1.24
1.31
1.33
1.08
1.22
1.28
1.57
1.64
1.54
1.42
1.37
1.83
1.88
1.93
1.97
2.28
2.10
2.16
2.52
3.61
2.89
2.50
3.54
4.20
4.30
4.52
4.49
4.80
4.74
4.78
4.78
4.76
4.37
3.98
2.98
2.29
2.03
1.78
1.89
1.61
1.70
1.65
1.51
1.46
1.74
1.69
1.38
1.65
1.40
1.47
1.45
1.69
1.97
1.87
1.89
2.00
2.71
2.97
2.55
2.12
1.96
2.21
2.01
2.45
2.43
2.67
2.17
2.28
2.53
2.32
2.86
3.01
3.43
3.37
3.00
2.73
3.26
3.03
4.32
4.77
4.78
4.79
4.78
4.52
4.42
3.96
3.38
2.79
2.19
1.80
1.49
1.58
1.54
1.47
1.52
1.39
1.42
1.42
1.64
1.87
1.82
1.83
1.67
2.01
1.95
1.81
1.58
1.98
1.61
1.59
1.84
2.01
2.29
2.35
2.12
2.37
2.50
2.56
2.54
2.52
2.56
2.97
3.04
3.35
3.30
4.17
4.79
4.78
4.80
4.79
4.80
4.77
4.78
4.77
4.84
4.78
4.19
4.41
3.54
3.05
2.76
2.53
2.45
2.16
2.66
2.95
2.83
2.55
2.51
1.97
1.60
1.89
1.49
1.44
1.56
1.53
1.46
1.81
1.77
1.68
1.99
1.69
2.15
1.87
2.24
1.85
1.59
1.69
2.20
2.17
2.39
2.45
3.67
3.46
2.80
3.58
4.43
4.77
4.80
4.77
4.79
4.78
4.77
4.77
4.79
4.79
4.81
4.78
4.69
4.02
3.44
3.04
2.42
2.31
1.87
2.01
2.14
2.06
1.75
1.64
1.77
2.05
2.09
2.29
2.08
1.95
1.88
1.84
1.54
1.39
1.13
1.12
1.61
1.92
1.56
1.34
1.64
1.58
1.69
1.62
1.41
1.42
1.69
1.66
1.89
1.98
1.72
1.41
1.53
2.23
2.22
2.27
2.63
3.14
3.96
3.91
3.66
3.43
4.69
4.60
4.77
4.84
4.78
4.78
4.76
4.80
4.79
4.06
3.77
3.07
2.92
3.05
3.43
2.93
2.44
2.26
2.61
2.89
2.83
2.74
3.40
3.18
3.46
2.72
2.11
1.59
1.90
2.24
2.79
3.15
3.05
3.55
2.85
2.49
