1.32
1.30
1.66
1.88
1.96
1.88
2.37
2.09
1.83
2.02
2.11
2.74
2.64
2.75
2.67
2.91
3.44
3.40
2.73
2.73
2.66
2.57
2.45
2.42
1.97
2.29
2.50
2.36
1.82
1.52
1.25
1.05
0.97
1.11
1.40
1.64
1.49
1.77
1.59
1.50
1.37
1.47
1.52
2.02
1.54
1.43
1.58
1.70
1.75
1.77
1.82
1.64
1.32
1.49
1.43
1.61
1.34
1.58
1.62
1.45
1.72
1.72
1.50
2.75
2.77
3.60
3.47
2.82
2.76
2.58
2.90
2.86
3.56
4.06
4.30
4.61
4.78
4.53
3.99
3.16
2.32
1.67
1.34
1.23
1.16
1.06
1.03
1.37
1.47
2.44
1.92
1.76
1.49
1.29
1.27
1.40
1.16
1.29
1.21
1.56
1.75
1.87
2.09
1.77
1.72
1.73
1.85
2.15
2.29
2.68
2.50
2.32
2.18
1.89
2.08
1.95
2.50
2.70
2.96
2.43
2.72
2.76
2.49
2.24
2.61
2.59
3.28
2.74
2.06
1.50
1.10
1.04
1.03
1.08
1.30
1.14
1.27
1.15
1.25
1.23
1.23
1.22
1.27
1.19
1.19
1.34
1.38
1.33
1.03
0.98
1.03
1.69
1.54
1.70
1.71
1.96
1.99
1.89
2.24
2.28
2.32
2.69
3.37
3.12
3.69
4.14
3.42
4.17
3.87
3.32
3.92
3.87
3.91
3.71
3.33
3.32
2.21
2.14
1.64
1.46
1.22
1.27
1.42
1.33
1.36
1.50
1.40
1.65
1.86
1.75
1.86
2.16
2.36
2.60
2.00
2.26
1.85
1.77
2.02
1.97
1.83
2.17
2.27
2.28
2.98
2.77
2.90
3.33
3.69
3.70
4.19
3.62
3.35
4.51
4.80
4.79
4.79
4.05
3.98
4.52
3.91
3.51
4.03
4.68
4.35
4.45
4.16
3.45
2.84
2.37
2.38
1.99
2.30
2.21
2.26
2.18
2.63
2.77
2.33
2.48
2.64
2.31
3.13
2.81
2.76
3.05
2.82
2.95
2.94
2.66
2.21
2.13
2.06
2.01
2.06
1.95
2.03
2.40
2.61
2.80
3.23
2.90
2.54
2.79
2.72
3.67
3.71
4.79
4.77
4.79
4.76
4.82
4.78
4.44
4.77
4.84
4.38
4.68
4.40
3.52
2.84
2.13
2.30
1.71
1.81
1.57
1.74
1.71
2.27
2.26
3.14
3.07
2.83
2.74
2.38
2.26
2.43
2.44
2.73
2.29
2.21
2.23
2.34
2.04
2.12
2.58
2.86
2.71
2.67
2.75
2.68
2.32
3.12
2.82
2.95
3.22
4.29
4.81
4.77
4.78
4.77
4.81
4.55
4.56
4.77
4.72
4.78
4.77
4.78
4.79
4.78
4.77
4.79
4.30
4.38
3.22
2.57
2.19
2.20
2.34
2.53
2.71
2.46
3.52
3.80
3.85
2.86
3.15
2.87
2.49
2.82
3.52
3.36
2.53
2.03
1.83
2.12
1.86
2.18
2.20
2.17
1.84
2.08
3.04
2.99
2.87
2.62
3.53
4.30
4.24
4.23
4.79
4.78
4.81
4.79
4.76
4.80
4.79
4.79
4.78
4.79
4.76
4.80
4.78
4.78
4.77
4.18
3.20
2.54
2.21
1.89
1.92
1.99
2.07
1.93
2.21
2.56
2.13
2.46
2.44
2.05
2.77
2.68
2.65
2.42
2.50
3.15
2.78
3.50
3.10
2.93
3.88
3.88
3.51
3.09
2.97
3.97
3.59
3.79
3.19
3.04
3.71
3.75
3.46
4.02
4.07
3.83
4.18
4.55
4.16
4.09
4.61
4.70
4.79
4.80
4.77
4.79
4.78
4.79
4.29
4.30
4.75
4.76
3.93
4.43
3.27
2.64
2.32
1.87
