1.17
1.75
1.64
1.87
2.20
2.35
2.16
1.87
2.20
2.67
2.04
2.12
2.75
2.82
2.44
2.79
2.91
2.70
2.87
2.52
2.78
3.60
3.93
4.78
4.77
4.25
4.01
3.83
2.87
2.45
2.04
1.84
1.55
1.47
1.28
1.49
1.44
1.74
2.20
1.90
2.27
2.17
2.07
2.18
1.74
1.82
1.79
1.53
1.73
1.82
1.84
2.02
1.96
2.20
1.69
1.65
1.66
1.67
1.75
2.02
2.08
2.20
2.20
2.12
2.54
2.26
2.17
2.50
3.29
4.41
4.35
4.28
3.78
3.17
3.77
3.88
4.76
4.80
4.76
4.76
4.09
3.30
2.96
2.27
2.03
1.65
1.38
1.67
1.55
1.78
1.95
1.93
1.90
1.53
1.99
2.23
1.90
1.98
1.93
1.68
1.34
1.74
1.74
2.30
2.06
1.96
1.83
2.52
2.63
3.24
2.60
2.18
2.02
2.29
2.54
2.49
2.66
2.45
2.22
2.87
3.27
3.92
4.57
4.48
4.69
4.76
4.79
4.75
4.82
4.79
4.55
4.01
4.03
4.51
3.37
2.32
1.75
1.44
1.25
1.23
1.22
1.29
1.70
1.76
1.92
2.34
2.30
1.82
2.01
1.92
1.52
1.41
1.99
2.62
2.57
2.47
2.12
2.17
1.95
2.04
1.66
1.40
1.80
1.93
1.79
1.86
1.81
2.45
2.23
2.44
2.57
2.55
2.74
2.86
3.04
3.74
3.93
3.75
3.51
3.81
3.14
3.47
3.13
3.62
3.43
3.93
4.24
4.56
3.93
3.13
2.71
2.49
2.77
2.58
2.51
2.26
2.41
3.29
4.25
3.61
3.18
3.84
3.28
3.51
3.04
2.49
2.38
2.16
3.20
3.03
2.64
2.56
2.45
3.20
2.95
2.83
2.31
2.52
2.58
2.90
3.43
3.66
3.86
4.27
4.77
4.71
4.37
3.88
3.88
3.60
3.25
3.32
3.49
4.35
3.84
3.58
4.46
4.15
4.11
4.33
3.39
3.92
2.82
2.16
1.92
2.21
2.15
2.24
2.17
2.39
2.67
3.70
3.92
3.40
3.61
3.52
2.81
3.21
2.58
2.58
2.75
3.53
3.45
2.89
2.67
2.22
2.40
2.30
2.28
2.32
2.89
2.68
2.63
2.56
2.27
2.57
3.04
3.07
3.15
3.12
3.92
4.59
3.88
4.69
4.78
4.79
4.79
4.80
4.73
4.80
4.76
4.80
4.78
4.76
4.32
4.25
3.36
2.72
1.97
2.16
1.91
1.61
2.41
2.22
2.66
2.33
3.55
3.23
3.14
2.61
3.01
3.58
2.86
3.11
3.26
3.00
3.01
2.77
3.87
3.43
2.82
3.03
2.34
2.31
1.92
3.48
3.17
3.24
3.30
3.20
3.37
2.96
3.65
4.45
4.32
4.78
4.76
4.80
4.69
4.78
4.78
4.16
4.79
4.78
4.78
4.79
3.78
2.90
2.77
2.09
1.77
2.31
2.06
2.63
2.34
2.66
2.21
3.53
3.70
3.82
4.01
4.19
4.22
4.10
3.31
2.76
3.59
3.26
3.17
2.46
2.17
1.89
1.81
2.78
2.35
1.82
1.92
1.92
1.99
2.18
2.09
2.46
2.87
3.41
3.31
4.53
4.78
4.78
4.42
4.78
4.78
4.79
4.70
4.40
4.80
4.79
4.57
4.25
3.64
3.54
3.05
3.02
3.35
3.20
3.29
2.83
2.08
2.81
2.44
2.99
2.76
2.99
3.72
4.29
4.44
3.99
3.76
4.32
3.92
3.88
4.10
4.02
3.75
3.46
3.41
3.07
2.88
2.92
2.86
3.48
2.48
2.50
2.45
2.46
2.89
2.30
2.26
2.46
1.96
2.10
2.61
1.88
2.13
2.66
2.78
3.08
3.88
4.21
4.12
3.39
4.10
4.49
4.47
4.45
4.75
4.81
4.78
4.74
4.11
4.24
4.65
4.58
4.76
4.80
4.56
4.46
4.11
3.73
3.36
3.77
3.67
2.85
2.33
2.29
1.84
1.97
2.13
2.79
2.67
3.24
3.44
4.04
3.87
4.62
4.14
3.68
3.22
4.11
4.76
4.05
3.83
2.91
3.14
2.62
2.07
2.07
2.30
2.88
2.41
2.40
2.32
2.81
2.15
2.05
2.08
1.84
1.82
1.90
1.78
2.20
2.40
2.60
2.87
3.13
3.27
3.16
3.22
2.98
3.44
4.24
4.22
3.95
4.14
3.79
2.94
3.17
3.41
3.52
3.59
4.78
4.50
4.78
4.58
3.80
3.41
3.65
3.92
4.18
3.60
3.04
2.46
3.08
2.62
2.59
3.25
3.64
4.14
4.79
4.79
4.58
4.79
3.91
3.71
3.37
3.33
3.38
3.39
3.94
3.44
3.58
3.05
3.54
3.52
3.06
2.82
2.64
2.00
1.61
2.26
1.85
1.49
1.39
1.33
1.30
2.20
2.12
2.10
2.47
3.13
3.28
2.94
2.64
2.76
2.32
2.37
2.34
2.71
3.87
4.67
4.49
3.26
3.11
2.43
