0.65
0.94
1.09
1.09
1.11
1.02
1.00
1.02
1.05
1.04
0.96
0.94
0.88
0.93
0.96
1.02
0.98
0.97
0.97
1.00
0.95
0.97
1.01
0.96
1.00
0.96
1.03
0.98
0.99
0.96
1.00
0.99
0.94
0.96
0.92
0.95
0.95
0.99
0.91
0.96
0.92
0.92
0.93
0.88
0.88
0.87
0.90
0.91
0.93
0.88
0.90
0.92
0.93
0.91
0.88
0.87
0.86
0.89
0.89
0.91
0.88
0.90
0.87
0.92
0.91
0.89
0.89
0.91
0.93
0.92
0.94
0.86
0.87
0.90
0.89
0.88
0.90
0.88
0.91
0.89
0.92
0.91
0.86
0.91
0.87
0.91
0.89
0.90
0.93
1.07
1.05
1.07
1.12
0.96
0.95
0.93
0.95
0.88
0.87
0.82
0.82
0.80
0.81
0.80
0.72
0.84
0.85
0.83
0.78
0.80
0.79
0.78
0.79
0.81
0.85
0.79
0.87
0.89
0.86
0.85
0.87
0.87
0.88
0.88
0.90
0.87
0.86
0.93
0.92
1.05
1.01
1.02
0.97
0.98
0.92
0.88
0.96
0.88
0.86
0.82
0.84
0.79
0.77
0.79
0.82
0.77
0.88
0.84
0.86
0.85
0.83
0.84
0.80
0.87
0.87
0.89
0.85
0.86
0.86
0.88
0.85
0.87
0.89
0.84
0.89
0.87
0.97
1.17
1.09
0.96
0.93
0.97
1.01
1.08
1.02
1.38
1.35
1.36
1.12
1.00
0.91
0.88
0.91
0.85
1.05
1.03
0.94
0.89
0.91
0.86
0.86
0.88
0.90
0.85
0.85
0.86
0.85
0.87
0.89
0.87
0.82
0.86
0.89
0.88
1.12
1.52
1.23
1.16
1.00
0.94
1.10
1.54
1.32
1.34
1.23
1.06
0.97
0.92
0.91
0.89
0.95
0.88
0.87
0.89
0.89
0.90
0.81
0.86
0.83
0.87
0.92
0.80
0.80
0.81
0.84
0.84
0.80
0.79
0.89
0.88
0.88
0.84
0.93
0.97
1.42
1.48
1.29
1.25
1.11
1.09
1.35
1.20
1.41
1.34
1.54
1.31
1.07
0.96
0.82
0.77
0.76
0.87
0.82
0.84
0.93
0.83
0.85
0.78
0.81
0.78
0.78
0.83
0.76
0.78
0.81
0.82
0.82
0.81
0.78
0.83
0.85
0.85
0.77
0.87
0.87
1.04
0.93
0.91
0.89
1.00
1.21
1.06
1.05
0.99
1.05
1.04
0.96
0.89
0.87
1.13
0.97
0.97
0.93
0.95
0.86
0.87
0.89
0.91
0.88
0.88
0.88
0.84
0.90
0.88
0.93
0.87
0.89
0.92
0.91
0.88
0.90
0.93
0.91
1.04
1.14
1.04
1.06
1.04
1.00
0.99
1.01
1.34
1.29
1.37
1.19
1.16
1.07
0.92
0.93
0.94
0.96
0.94
0.87
0.86
1.00
0.96
0.94
0.95
0.87
0.91
0.91
0.89
0.87
0.90
0.88
0.90
0.93
0.87
0.89
0.80
0.86
0.88
0.89
0.89
0.87
0.84
0.91
0.92
1.11
1.14
1.10
1.04
0.92
0.93
0.92
0.92
0.87
1.04
0.94
0.92
0.87
0.92
0.91
0.89
0.97
0.86
0.89
0.92
0.95
0.91
0.92
0.88
0.88
0.84
0.85
0.85
0.79
0.93
0.90
0.88
0.86
0.88
0.90
0.94
0.93
0.94
0.99
0.92
0.94
1.19
1.85
1.52
1.36
1.23
1.18
1.07
1.02
0.98
0.96
0.94
0.89
0.93
0.90
0.92
0.94
