0.78
0.62
0.65
0.92
1.14
1.76
2.04
2.19
2.13
1.79
2.31
3.25
2.88
2.60
2.51
2.82
2.59
2.87
3.55
3.25
2.61
2.32
3.58
3.05
3.99
3.63
3.70
3.12
2.82
3.16
2.87
2.38
2.20
1.67
1.44
1.12
1.30
1.25
1.56
2.16
2.55
2.76
2.55
2.39
2.03
1.79
1.88
1.58
1.56
1.67
2.04
1.98
1.82
2.30
1.80
1.94
1.72
1.76
1.49
1.25
1.46
2.03
2.19
2.03
1.78
1.68
2.12
2.28
1.87
1.99
2.46
3.24
3.36
3.56
2.85
3.25
3.29
3.68
3.32
3.40
4.35
3.60
3.89
3.40
3.50
3.19
2.45
1.95
2.13
1.91
1.55
1.30
1.27
1.41
1.63
2.15
1.95
2.40
2.66
2.45
2.45
2.30
2.30
2.51
2.24
2.46
2.16
2.08
2.03
2.18
1.98
1.96
1.73
1.99
2.01
1.77
2.05
1.90
2.66
2.26
1.79
2.02
1.92
1.86
1.73
1.83
1.90
2.17
2.04
2.16
2.43
2.15
2.61
2.37
2.96
2.74
2.55
3.10
3.33
3.48
4.21
4.16
4.78
4.49
3.91
3.40
3.48
4.59
4.77
4.82
4.26
4.54
3.91
3.79
3.18
2.44
1.96
1.63
1.49
1.53
1.84
2.15
1.99
1.91
1.77
1.86
2.26
1.79
1.56
1.76
1.79
1.87
1.78
1.88
2.17
1.88
1.80
1.90
2.00
2.00
2.32
2.76
2.29
1.99
2.30
1.91
2.30
1.96
1.72
1.54
1.68
1.88
1.81
1.95
2.75
2.75
2.48
2.42
3.37
3.20
3.35
3.32
2.83
2.44
2.37
2.80
3.23
3.07
3.45
4.75
4.32
3.88
4.08
4.77
4.10
4.01
3.74
3.24
2.71
2.31
2.52
2.88
2.86
3.45
3.57
4.12
4.43
4.53
4.76
4.16
4.10
3.94
3.59
3.77
3.66
3.79
3.36
3.04
3.50
3.58
3.72
3.24
3.69
3.76
3.26
3.12
3.11
2.55
2.39
2.30
2.42
2.10
1.91
1.48
1.48
1.70
2.37
2.66
2.65
2.83
3.41
3.20
3.49
3.73
3.88
4.78
4.22
4.80
4.59
4.41
3.94
3.28
3.61
3.72
3.43
3.62
3.82
3.57
3.33
3.00
2.93
3.43
3.21
2.59
2.44
3.61
3.42
2.92
2.86
2.40
3.24
2.79
2.49
2.73
2.57
2.71
2.60
2.97
2.89
3.33
2.81
2.85
2.77
2.44
2.83
2.75
2.37
2.13
1.84
1.77
1.64
1.68
1.58
1.97
1.97
1.84
1.74
1.89
2.09
1.62
1.52
1.77
2.31
3.10
4.38
4.13
3.91
3.98
3.73
3.89
4.70
4.79
4.11
3.80
4.79
4.76
4.82
4.77
4.78
4.76
4.80
4.78
4.44
3.99
3.53
4.41
4.71
4.10
4.29
4.17
3.83
3.42
3.30
2.83
3.14
2.22
2.21
2.16
2.69
2.43
2.97
3.59
4.32
4.20
3.77
4.03
4.34
3.39
3.92
3.63
3.48
3.04
2.82
2.71
2.74
2.61
2.28
2.19
2.92
3.31
3.14
2.91
2.92
2.88
3.19
2.72
3.03
2.51
2.20
1.83
2.36
2.06
2.45
2.43
2.26
1.85
1.81
2.32
1.90
1.64
1.73
1.85
2.14
2.37
2.95
2.94
4.56
4.40
4.17
3.73
3.85
4.38
3.77
3.70
4.67
4.69
4.24
4.44
4.11
3.88
4.51
4.77
4.12
3.51
4.49
4.30
4.78
4.77
4.37
4.78
4.18
3.65
2.93
2.98
2.62
3.06
2.68
2.48
2.45
2.84
2.91
2.88
4.35
3.38
3.07
2.44
2.10
1.89
1.71
1.46
1.66
1.80
1.77
1.66
3.73
2.82
2.92
2.41
2.45
2.15
2.95
2.68
2.27
2.25
2.91
3.26
3.47
3.22
3.10
2.95
2.40
2.42
2.78
2.87
2.31
2.42
2.27
2.22
2.32
2.40
2.50
2.96
2.49
2.37
2.94
3.44
4.74
4.77
4.33
4.00
3.72
3.80
4.76
4.73
4.55
4.36
4.77
4.78
4.11
3.53
3.93
3.99
3.52
3.65
4.43
4.23
4.29
3.61
3.30
2.45
2.69
2.89
3.20
3.46
3.18
3.48
2.84
3.22
3.15
2.80
2.60
2.35
2.71
2.73
2.17
2.54
2.53
3.49
3.26
2.87
3.14
2.57
3.81
3.10
2.90
2.79
2.34
2.72
2.38
2.51
