3.45
2.93
2.86
3.10
3.50
3.95
4.72
4.79
4.03
3.43
3.45
3.80
3.39
3.24
3.06
3.57
3.22
3.73
3.71
3.80
3.70
4.15
4.03
3.76
3.19
3.03
2.91
2.83
2.35
2.61
2.61
2.85
2.79
2.49
2.74
2.66
2.43
2.30
2.93
2.91
2.83
3.58
3.18
3.06
3.16
2.84
3.21
3.23
2.70
3.91
4.12
3.54
2.94
2.74
2.67
2.40
2.26
2.34
2.78
2.96
2.50
2.97
3.05
2.95
2.78
2.78
2.97
3.65
3.92
3.52
3.64
4.07
2.99
3.38
3.12
3.69
3.43
3.27
3.66
3.71
3.34
3.17
2.59
2.27
2.19
2.27
2.25
2.47
2.58
2.25
2.37
2.17
2.71
2.40
2.15
2.18
1.94
2.15
2.19
2.50
3.10
3.05
3.17
3.45
3.52
3.28
2.96
3.56
3.45
3.30
2.78
2.57
3.09
3.00
2.61
2.90
3.11
3.34
2.63
2.79
3.48
3.67
3.72
4.74
4.79
4.74
4.77
3.98
4.58
4.68
4.22
4.74
4.01
4.08
3.44
3.55
3.12
2.82
2.39
2.43
3.00
2.58
2.39
2.14
1.58
1.33
1.27
1.38
1.72
2.22
2.25
2.42
2.43
2.82
2.64
2.52
2.39
2.48
2.58
2.80
2.63
2.21
2.38
2.63
2.84
3.08
3.23
3.39
2.96
2.70
2.95
3.29
2.69
2.31
1.94
2.58
3.09
3.69
3.61
4.53
4.21
4.46
4.79
4.77
4.80
4.64
4.16
3.70
4.37
4.71
4.14
3.91
3.03
3.00
2.67
2.87
3.16
3.07
2.58
2.17
2.05
2.13
2.06
2.21
2.61
3.43
4.08
4.00
3.81
3.57
4.07
3.51
3.87
3.73
3.75
3.61
2.96
2.86
3.27
2.95
4.78
4.44
4.13
4.70
4.61
3.76
3.87
3.29
4.79
4.78
4.72
4.77
4.80
4.77
4.31
4.18
4.57
4.71
4.19
4.09
4.51
4.42
4.79
3.97
4.80
4.66
4.50
4.02
4.08
4.15
4.10
4.04
4.76
4.24
3.67
3.88
3.73
4.25
3.61
4.26
3.81
3.47
3.26
3.61
3.78
3.67
3.47
3.63
3.46
3.00
2.76
2.55
2.78
3.46
4.32
4.66
3.48
3.47
3.31
3.46
3.92
3.88
4.16
4.78
4.79
4.38
4.13
4.70
3.92
4.15
4.73
3.70
3.56
4.26
3.65
3.87
3.95
4.65
4.33
4.24
4.19
4.07
4.79
4.32
3.86
3.15
2.95
3.44
3.04
3.71
3.14
3.88
4.18
4.07
4.19
3.93
4.22
4.77
4.80
4.77
4.78
4.78
4.69
4.57
4.81
4.79
4.79
4.79
4.80
4.80
4.32
4.34
3.70
3.51
3.27
3.58
4.76
4.83
4.34
3.14
2.48
2.17
1.92
1.52
1.23
1.08
0.99
1.39
1.89
1.86
1.52
2.48
3.54
4.32
4.25
4.10
3.90
4.38
4.80
4.78
4.79
4.79
4.79
4.78
4.79
4.79
4.81
4.79
4.79
4.54
4.03
4.14
3.54
4.78
4.65
3.67
3.67
3.06
3.00
2.90
4.79
4.08
4.24
3.77
3.92
3.68
3.58
3.34
3.34
3.90
4.35
4.56
4.01
3.62
3.65
4.04
4.78
4.77
4.82
4.16
4.39
4.78
4.78
4.78
4.78
4.79
4.74
4.52
4.13
3.74
3.68
3.19
3.00
2.89
2.49
2.98
3.59
3.01
3.00
2.41
2.38
1.73
1.49
1.55
1.30
1.87
3.73
4.30
4.72
3.96
4.50
4.44
4.48
4.62
4.78
4.46
4.82
4.50
4.29
4.38
4.74
4.50
4.78
3.90
4.45
3.52
