0.28
0.29
0.28
0.30
0.26
0.32
0.34
0.31
0.31
0.43
0.56
0.96
1.31
1.46
1.60
2.11
1.90
1.75
1.89
2.32
2.46
2.18
1.94
1.87
2.52
2.53
2.53
2.60
3.72
3.81
4.01
3.24
3.42
3.10
2.54
2.60
2.75
2.48
2.44
2.75
2.56
3.21
3.88
4.10
3.59
2.83
2.60
2.55
2.87
2.72
2.70
3.40
2.75
3.15
2.69
3.30
3.06
3.07
2.85
2.90
3.58
3.11
3.49
3.81
3.68
3.47
2.93
2.78
2.92
2.50
2.80
2.47
2.47
2.13
1.96
1.87
1.71
2.06
1.77
1.96
2.51
2.68
2.81
2.67
3.09
3.17
3.83
3.19
3.96
3.24
3.22
3.54
3.51
3.74
4.17
4.40
3.97
4.77
4.32
3.45
3.44
3.25
3.57
3.61
3.42
3.64
2.99
2.27
2.36
2.47
2.48
2.63
3.32
3.72
4.36
4.68
4.79
4.26
3.44
3.18
2.98
3.27
3.40
2.99
2.58
2.47
2.43
2.36
2.66
3.33
3.03
3.24
2.81
2.82
2.87
3.55
3.79
3.86
3.30
3.75
3.66
4.13
3.67
3.39
3.37
3.77
3.30
4.23
4.57
4.48
4.41
3.70
4.77
4.84
3.86
3.61
2.61
2.05
1.72
1.70
1.89
2.32
2.80
2.53
2.47
2.31
2.90
2.58
2.75
2.84
2.70
3.07
3.14
3.52
3.47
3.08
2.80
3.20
2.83
2.89
3.42
2.74
3.28
3.70
2.88
3.16
3.22
4.01
4.78
4.49
4.77
4.77
4.18
4.74
4.77
4.80
4.79
4.60
4.26
3.55
3.61
2.87
3.75
3.79
4.13
3.39
3.78
2.81
2.03
2.12
1.80
1.77
1.96
1.72
1.72
2.39
2.46
3.04
2.70
3.51
3.10
2.94
2.61
3.39
3.03
3.50
4.45
4.58
3.72
3.27
3.56
4.78
4.14
4.71
4.78
4.36
4.02
4.80
4.20
3.66
4.32
4.76
4.79
4.27
4.78
3.86
4.68
4.78
4.79
4.79
4.78
4.76
4.16
3.81
3.88
3.49
3.87
3.10
3.27
2.95
2.40
2.62
2.53
3.33
3.09
3.35
3.18
2.30
3.31
2.52
2.32
2.28
2.89
2.80
2.90
3.29
4.51
4.07
4.42
4.80
4.79
4.77
4.78
4.78
4.78
4.82
4.79
4.76
4.80
4.79
4.80
4.79
4.78
4.78
4.41
4.24
4.07
4.01
2.97
2.66
3.32
3.58
3.22
2.48
3.31
4.00
4.03
4.19
3.42
3.38
4.24
4.11
3.91
3.94
3.93
4.45
4.77
4.80
4.78
4.79
4.01
4.79
4.79
4.78
4.79
4.79
4.79
4.78
4.51
4.44
4.43
4.37
4.50
3.78
3.28
2.64
3.23
2.63
2.17
2.57
2.57
3.67
3.93
4.17
3.45
3.91
3.44
3.08
3.70
3.80
3.66
3.44
3.91
3.69
4.21
4.22
4.14
3.83
3.32
2.95
4.35
3.96
3.88
3.67
4.75
4.00
4.79
4.45
4.66
4.47
3.94
3.88
3.16
2.70
2.53
2.61
3.26
3.29
2.48
2.68
3.06
3.86
4.09
4.39
4.28
4.61
3.93
3.47
3.88
3.69
3.64
3.00
2.93
3.16
3.03
2.74
3.01
3.02
3.14
2.98
3.81
2.94
2.64
2.41
2.01
1.74
2.15
1.96
1.79
2.03
1.57
1.73
1.94
1.95
2.04
2.03
2.37
2.81
3.75
3.44
3.82
3.35
3.23
3.58
3.73
3.92
3.94
4.78
4.79
4.80
4.74
4.35
4.09
3.25
3.30
3.37
3.27
4.76
3.81
3.77
3.62
3.65
3.30
2.93
4.43
4.17
4.79
4.77
4.35
3.64
4.35
3.56
3.08
3.13
4.19
4.78
4.79
4.78
4.84
4.46
4.31
4.18
4.66
4.14
3.37
3.28
3.63
3.34
2.61
2.49
2.50
2.27
2.23
2.30
2.14
2.98
3.88
3.09
2.82
2.99
3.94
3.26
3.56
3.90
3.35
2.50
2.61
3.01
2.74
2.82
2.43
2.47
2.26
2.64
3.23
2.69
2.83
2.87
3.52
4.67
4.84
4.12
3.41
3.79
3.03
2.66
3.84
4.73
4.79
4.79
4.70
4.79
4.79
4.77
4.77
4.80
4.74
4.24
3.66
4.79
4.13
4.78
4.77
4.18
4.79
4.77
4.77
4.79
4.79
4.78
4.20
4.39
4.24
4.22
3.28
4.51
3.51
3.31
4.58
4.48
4.04
3.93
3.48
2.88
4.13
3.92
4.14
3.47
3.50
3.77
3.93
4.78
4.78
4.77
4.47
4.71
4.17
4.79
3.71
4.23
4.79
4.79
4.55
4.63
3.94
3.20
3.97
3.76
3.24
2.75
4.45
4.77
4.77
4.79
4.79
4.62
4.39
3.39
2.84
2.79
3.53
3.61
4.76
4.63
4.80
4.39
3.35
3.68
3.39
4.19
3.80
3.23
2.58
3.02
3.31
3.16
3.27
3.37
3.30
3.77
4.26
4.63
4.56
4.79
4.31
4.78
4.77
4.48
3.96
4.35
4.79
4.48
4.78
4.57
4.13
3.87
4.33
4.28
4.57
3.39
4.16
3.30
3.96
4.19
3.99
4.78
3.93
3.26
2.59
3.10
3.12
3.67
3.48
4.35
4.82
4.69
4.33
4.48
4.18
3.26
3.44
3.99
4.78
4.24
4.79
4.22
3.51
3.69
4.09
3.86
3.87
3.38
3.18
2.71
3.09
2.87
2.64
2.13
1.67
1.62
1.19
0.93
0.72
0.87
0.96
0.78
0.65
0.61
0.50
0.47
0.45
0.43
0.37
0.36
0.35
0.35
0.34
0.34
0.35
0.31
0.33
0.33
0.39
0.36
0.37
0.41
0.41
0.43
0.45
0.43
0.41
0.37
0.42
0.45
0.42
0.56
0.57
0.58
0.58
0.62
0.64
0.66
0.69
0.69
0.74
0.70
0.75
