2.24
2.53
2.29
3.02
3.41
4.02
3.46
2.92
3.01
3.04
3.72
3.55
3.73
3.80
3.61
3.64
3.07
2.85
2.83
2.75
3.04
2.88
2.78
3.41
3.07
2.54
2.06
1.58
1.56
1.82
2.22
1.97
2.61
2.75
3.05
3.36
3.05
3.19
3.08
3.88
3.26
3.99
3.55
3.15
3.35
3.09
2.71
3.49
3.65
3.27
3.03
2.55
2.63
2.36
2.39
2.62
2.87
2.97
2.83
3.08
3.00
3.35
3.45
3.48
3.26
3.35
3.32
3.28
3.37
3.50
3.02
3.22
3.21
3.08
3.67
3.84
3.37
2.88
2.12
1.75
1.58
1.62
1.32
1.21
1.58
1.71
2.29
2.54
2.67
3.04
3.27
3.57
2.80
2.89
3.06
2.77
2.67
2.48
2.43
2.43
2.08
1.98
2.23
2.27
2.19
2.52
2.56
2.58
2.76
2.72
2.67
2.76
2.31
2.53
2.34
2.85
3.06
3.13
3.27
4.10
4.21
4.52
4.60
3.45
3.00
2.89
2.96
3.91
3.82
3.59
3.29
2.74
2.82
2.48
2.62
2.92
2.84
2.92
2.89
2.48
2.15
1.70
1.41
1.83
1.46
1.91
2.52
2.47
2.58
2.58
2.97
3.04
3.95
3.70
3.70
3.90
4.30
4.24
3.63
3.91
3.59
3.80
4.02
4.37
4.03
3.61
3.50
3.48
3.71
3.47
3.12
3.97
4.46
3.37
2.95
3.30
3.61
3.88
3.30
4.02
3.57
3.17
3.27
3.25
3.11
3.39
3.38
3.08
2.80
2.96
3.92
3.14
3.43
3.05
3.07
2.87
2.48
2.96
4.61
4.56
3.87
3.23
2.81
2.30
2.18
1.91
1.65
2.12
1.74
1.60
1.63
1.77
2.71
2.34
2.20
2.77
3.65
3.74
3.26
3.60
4.68
4.78
4.79
4.78
4.08
4.28
4.45
4.77
4.78
4.75
4.81
4.61
4.79
4.07
4.61
3.84
3.54
2.57
2.40
2.12
2.00
1.58
1.55
1.79
2.13
1.97
1.56
1.23
1.12
0.84
0.72
0.60
0.67
0.72
0.86
1.19
1.56
1.63
1.47
1.27
1.29
1.39
1.35
1.35
1.27
1.45
1.60
1.79
1.82
1.73
2.00
2.42
2.79
2.98
2.71
3.17
3.14
3.85
3.56
3.98
3.79
3.26
2.95
2.92
4.04
3.66
4.09
4.30
4.52
3.83
4.57
3.76
3.71
3.86
4.20
4.02
3.27
3.15
3.65
3.51
3.35
4.28
3.43
2.76
2.51
2.86
3.44
3.71
3.56
3.76
4.38
4.74
4.76
4.76
4.07
4.78
4.76
4.79
4.76
4.80
4.78
4.80
4.78
4.78
4.77
4.83
4.16
2.94
2.45
1.96
1.52
1.17
1.05
1.16
1.07
0.87
1.09
0.96
1.16
1.23
1.36
1.77
2.50
2.86
3.07
3.52
3.52
3.62
3.64
3.73
4.07
4.04
4.79
4.79
4.78
4.36
3.88
3.88
3.70
3.34
3.09
4.33
3.84
4.18
4.27
3.53
3.43
3.52
3.43
3.85
2.96
3.97
4.12
4.66
4.21
3.78
3.07
2.64
2.89
3.36
3.03
3.51
4.08
3.99
4.48
4.15
4.49
4.28
4.31
4.78
4.79
4.79
4.79
4.78
4.77
4.79
4.48
4.18
4.03
3.78
3.19
3.39
3.36
3.72
3.20
3.19
3.45
3.44
3.14
2.78
2.79
2.59
2.29
1.74
1.94
1.61
1.63
1.54
1.69
1.53
2.02
1.62
1.72
1.80
2.03
2.18
3.04
2.78
2.71
2.90
2.90
2.54
3.17
2.66
2.67
3.12
3.25
2.73
2.57
3.18
3.77
3.06
3.41
4.45
4.01
3.53
4.02
3.72
3.26
2.80
2.74
2.84
3.03
3.57
3.51
3.66
2.83
3.38
3.07
2.39
2.91
3.10
3.51
2.65
2.85
2.84
3.61
3.87
3.06
3.70
4.42
4.79
4.78
4.32
4.04
4.79
4.47
4.55
4.12
4.00
3.58
3.16
3.61
3.44
3.06
2.91
4.45
4.34
3.99
4.54
4.66
4.78
4.29
3.56
3.68
3.44
3.57
3.81
3.53
4.58
4.80
4.25
4.10
3.65
3.44
4.47
4.16
3.66
4.06
3.67
3.38
3.58
4.02
4.65
4.78
4.79
4.45
4.74
4.79
4.80
4.78
3.89
3.71
3.60
4.05
3.38
2.60
2.55
2.31
2.36
2.77
2.51
2.92
3.58
2.81
2.33
2.32
1.97
1.62
1.30
1.60
1.36
1.07
1.04
1.17
1.01
0.91
1.10
0.93
0.98
0.82
0.73
0.66
0.72
0.63
0.61
0.65
0.56
0.75
0.98
0.73
0.65
0.61
0.55
0.52
0.46
0.42
0.39
0.39
0.36
0.37
0.38
0.33
0.31
0.35
0.37
0.35
0.36
0.35
0.40
0.37
0.39
0.36
0.36
0.35
0.35
0.33
0.32
0.30
0.30
0.31
0.29
0.29
0.29
0.31
0.24
0.30
0.29
0.33
0.31
0.30
0.32
0.30
0.29
0.30
0.33
0.26
0.31
0.30
0.31
0.30
