0.32
0.32
0.35
0.37
0.43
0.47
0.46
0.59
1.14
1.45
1.83
1.87
2.55
3.07
3.04
2.71
3.11
2.58
2.39
1.96
2.62
2.80
3.05
3.48
3.50
3.41
3.20
3.95
3.20
3.09
2.56
2.60
2.42
2.29
2.63
2.74
2.51
2.36
2.58
2.76
2.95
2.77
3.06
3.10
2.51
2.29
2.59
2.63
2.26
3.02
3.32
3.13
4.00
4.16
3.31
2.88
3.17
2.98
2.90
2.69
3.11
2.93
2.82
2.43
2.60
2.68
2.73
2.73
2.26
2.80
3.50
2.77
2.44
2.67
2.98
4.26
3.59
3.73
3.64
3.51
3.30
3.75
3.45
3.26
3.88
3.65
3.58
3.78
4.22
4.04
4.00
4.41
4.50
4.20
4.57
4.37
4.78
4.31
3.40
2.59
2.11
2.10
1.68
2.04
2.14
2.38
2.20
2.58
2.78
2.91
2.58
2.52
2.40
2.60
2.76
3.13
2.60
3.34
2.60
3.43
3.45
2.66
3.69
3.16
2.86
3.16
3.23
3.62
3.58
3.39
3.55
2.96
3.11
2.85
3.01
2.63
2.46
2.67
2.29
2.64
3.16
2.91
2.83
2.16
3.28
3.78
3.79
3.68
3.84
3.99
4.37
4.79
4.76
4.78
4.79
4.79
4.78
4.78
4.02
3.36
3.33
4.55
3.84
3.88
3.28
3.32
2.85
2.71
3.48
4.08
3.60
3.71
3.20
2.39
1.80
1.46
1.45
1.31
1.41
1.60
2.03
2.53
3.00
2.94
2.93
3.10
2.93
2.61
2.76
2.58
2.53
2.33
2.49
2.39
2.90
2.49
2.53
3.28
4.03
3.28
3.25
3.11
3.21
3.36
2.69
3.32
2.52
2.58
3.10
3.61
3.64
3.75
4.11
4.00
4.64
3.79
2.90
2.84
3.02
3.02
3.33
2.97
2.75
3.04
3.44
3.26
3.98
4.35
4.29
4.55
4.67
4.77
4.79
4.30
4.78
4.25
4.05
3.50
3.78
3.69
3.69
4.27
4.37
4.19
4.76
4.65
4.17
3.71
3.66
2.88
2.93
2.81
2.33
2.84
2.73
2.56
2.48
2.04
2.05
2.38
3.23
3.44
3.13
2.69
2.48
2.34
2.76
2.72
3.57
2.97
3.49
3.08
3.83
3.45
4.28
4.55
4.72
3.86
4.04
3.73
4.25
4.79
4.33
4.22
3.50
4.36
3.91
3.91
3.31
4.10
3.43
3.03
4.09
4.49
4.27
3.92
4.77
4.79
4.79
4.78
4.43
3.70
3.71
4.56
4.79
4.80
4.79
4.78
4.76
4.79
4.61
4.58
4.38
3.62
3.65
3.70
3.52
3.50
3.84
3.59
3.16
3.06
3.68
3.72
3.50
3.67
3.45
3.20
3.25
4.14
3.52
3.80
3.84
3.82
3.97
3.67
3.16
2.64
2.33
1.80
1.97
2.22
2.38
2.81
3.42
3.18
4.15
3.92
3.29
2.96
3.41
3.51
3.98
4.27
4.78
4.78
4.80
4.74
4.79
4.77
4.16
4.79
4.77
4.77
4.65
4.41
3.92
3.36
3.12
3.29
3.48
3.21
3.52
3.76
3.16
3.54
4.06
3.52
3.79
3.90
3.95
4.07
3.82
4.55
4.79
4.77
4.66
4.65
4.72
4.80
4.79
4.76
4.80
4.79
4.79
4.79
4.79
4.77
4.84
4.78
4.78
4.77
4.80
4.78
4.79
4.78
4.79
4.79
4.75
4.79
4.08
4.44
4.78
4.72
4.79
4.80
4.19
4.22
4.59
4.26
4.10
4.68
4.02
4.30
4.26
4.72
4.31
4.78
4.79
4.79
4.79
4.76
4.79
4.40
4.47
3.22
2.22
1.60
1.41
1.06
0.95
1.24
0.99
1.01
1.06
1.43
1.71
2.08
2.07
2.19
2.23
1.66
2.04
2.18
2.46
2.42
2.61
2.50
3.22
3.16
3.33
3.23
4.76
4.34
4.56
3.48
4.77
3.65
3.50
3.07
2.73
4.37
4.20
4.79
4.38
4.77
4.37
4.35
3.91
3.81
4.31
4.02
3.16
2.97
2.68
3.02
2.75
2.61
2.79
3.66
3.24
2.92
3.83
3.46
3.21
4.37
4.80
4.44
4.38
4.78
4.14
4.55
4.77
4.19
3.81
3.37
4.19
4.08
4.08
4.08
4.29
4.79
4.13
3.98
3.81
3.75
3.74
3.71
3.12
2.87
2.72
2.96
2.62
2.07
1.43
1.35
1.04
1.21
1.42
1.54
1.64
1.93
2.18
1.78
1.70
1.65
2.11
1.90
2.18
2.64
2.70
2.77
3.08
2.57
2.97
2.87
2.86
2.46
3.36
3.83
3.70
3.79
3.35
2.67
2.82
2.24
2.28
2.82
2.92
2.57
3.21
3.14
3.59
2.74
2.98
2.39
2.23
2.50
2.67
2.82
3.79
3.05
2.64
2.45
2.38
2.41
2.74
3.15
2.46
2.83
2.13
