0.55
0.82
1.34
1.48
1.52
1.87
2.11
2.09
1.95
1.55
1.96
2.43
2.70
3.05
3.46
3.42
3.31
3.43
3.56
3.56
3.19
3.43
3.48
3.32
2.95
2.59
2.55
3.15
2.81
2.92
2.79
3.12
2.96
2.50
3.01
2.89
3.04
2.85
2.92
2.47
3.40
3.42
3.09
3.26
3.48
4.05
4.51
3.70
3.41
3.16
3.29
3.46
3.46
2.74
2.44
2.46
2.97
3.28
2.90
3.12
2.88
2.95
2.67
2.97
3.34
2.63
2.97
3.22
3.66
3.86
3.43
3.83
4.01
3.99
3.47
3.18
3.51
3.59
3.37
3.90
3.87
3.96
4.18
4.04
4.18
3.91
4.03
3.83
3.04
2.32
1.88
1.80
1.81
1.73
2.25
2.90
3.99
4.03
3.63
3.92
3.98
3.98
4.10
3.92
3.52
3.09
3.01
3.16
3.21
2.82
2.96
2.58
2.53
2.21
1.81
2.41
2.44
2.34
3.64
4.13
4.19
3.98
4.34
3.81
3.63
4.13
4.20
3.85
4.15
3.99
4.78
4.79
4.71
3.91
3.84
4.04
3.86
3.63
3.49
3.47
3.48
3.57
2.63
1.91
1.64
1.53
1.35
1.36
1.20
1.23
1.28
1.74
2.33
2.69
2.89
2.77
3.25
3.62
3.66
3.72
3.52
3.59
3.61
3.28
3.13
3.36
3.30
3.35
3.63
3.59
3.57
4.18
3.73
3.96
3.89
3.96
2.92
2.72
2.72
2.99
2.90
2.66
2.99
3.29
3.48
4.30
4.08
4.27
4.77
4.27
3.60
3.46
3.14
2.64
3.55
3.71
3.42
2.96
2.95
3.41
3.53
3.54
3.54
3.20
2.87
2.11
1.75
1.41
1.32
1.31
1.84
1.49
1.29
1.35
1.39
1.73
1.74
1.76
2.10
3.04
4.17
4.45
4.79
4.76
4.79
4.78
4.58
4.22
4.39
4.20
4.84
4.78
4.60
4.77
4.45
4.78
4.64
4.78
4.02
4.32
4.63
4.58
3.44
2.73
2.60
2.72
2.99
3.80
3.96
4.32
3.51
3.63
4.22
4.13
4.39
4.40
4.57
4.73
4.61
4.07
3.77
4.01
4.46
4.25
4.12
3.47
3.40
3.06
3.29
3.23
3.22
3.21
3.79
3.15
2.43
1.74
1.29
1.23
1.00
0.89
0.87
0.76
0.74
0.74
0.77
0.89
1.11
1.41
1.37
2.46
2.40
2.85
2.67
2.67
3.55
3.75
4.54
4.69
4.67
4.38
4.79
4.51
4.75
4.11
3.71
3.35
3.39
3.70
3.69
3.26
3.49
3.40
2.83
2.65
2.99
3.18
2.90
3.08
2.96
2.60
3.71
4.20
4.77
4.78
4.78
4.79
4.77
3.79
3.76
4.69
4.78
4.77
4.77
4.80
4.75
4.80
4.77
4.48
4.40
4.77
4.78
4.72
4.21
3.78
3.49
2.89
2.76
3.12
2.76
2.92
2.91
2.96
3.25
3.34
2.61
2.50
2.21
2.59
3.10
3.91
3.12
2.40
1.74
1.32
1.18
1.03
0.91
0.98
1.06
1.34
1.89
2.02
2.16
1.75
2.05
1.89
2.34
2.40
3.14
3.05
3.11
3.59
4.54
4.79
4.82
4.78
4.80
4.65
4.38
4.02
4.09
4.39
4.80
4.32
4.10
3.71
4.38
3.66
4.15
4.47
4.81
3.70
3.59
4.64
4.79
4.45
3.69
4.28
3.42
3.50
3.37
4.22
4.57
4.12
4.75
3.65
4.42
4.80
4.74
4.38
4.78
4.75
4.79
4.35
4.08
3.91
3.55
3.65
3.41
3.44
3.60
3.63
3.81
3.27
3.58
3.26
2.57
2.80
2.21
2.37
3.17
3.85
3.75
3.20
3.75
3.84
3.55
3.02
2.40
1.99
2.09
2.04
1.79
3.28
3.19
2.62
3.45
3.70
3.66
3.77
3.48
3.44
4.15
4.79
4.79
4.80
4.79
4.78
4.76
4.80
4.10
4.06
3.30
3.62
4.49
4.50
4.34
4.78
3.77
4.54
4.71
4.79
4.77
4.48
3.97
4.19
3.97
4.24
3.81
3.41
3.49
3.17
3.53
4.14
4.00
3.28
4.71
3.97
4.68
4.13
3.02
3.17
2.98
2.76
2.32
2.53
2.98
3.59
3.48
3.45
3.16
3.01
2.58
2.32
2.54
2.17
1.96
2.35
2.33
2.50
2.37
3.15
2.85
2.33
2.77
2.67
2.64
2.59
2.33
2.09
2.41
3.21
3.40
3.31
3.40
3.83
4.07
4.27
4.74
4.41
4.67
4.22
3.15
2.49
1.86
2.65
2.38
1.97
2.89
3.04
2.86
3.03
2.78
2.94
2.70
2.73
2.45
2.27
1.74
1.31
0.96
0.86
0.94
1.02
1.25
1.26
1.06
1.02
0.99
0.78
0.64
0.54
0.53
0.45
0.52
0.51
0.64
0.78
1.10
1.58
1.91
2.45
2.48
2.85
3.64
3.20
4.62
4.77
4.83
4.78
4.77
4.31
3.53
4.69
3.70
3.84
3.30
3.94
3.54
4.15
3.47
3.27
3.31
3.20
2.87
2.41
2.13
2.73
2.62
2.91
2.66
2.91
2.91
2.46
2.04
1.83
2.19
2.45
2.60
2.95
3.80
3.53
3.35
2.97
2.62
2.57
2.16
2.06
1.65
1.23
1.01
0.80
0.65
0.58
0.51
0.49
0.55
0.61
0.77
0.70
0.59
0.54
0.47
0.50
0.46
0.44
0.43
0.39
0.39
0.41
0.41
0.39
0.42
0.41
0.44
0.43
0.43
1.28
1.79
2.33
