1.03
1.08
1.18
1.03
0.81
0.84
0.78
0.78
0.75
0.87
1.29
1.58
1.91
1.87
1.44
1.06
0.93
0.78
0.74
0.66
0.68
0.83
1.00
1.07
1.15
1.30
1.53
1.64
1.71
1.56
1.61
1.72
1.64
1.68
1.61
1.62
1.57
1.52
1.44
1.36
1.32
1.25
1.16
1.09
0.98
0.92
0.87
0.87
0.76
0.70
0.81
0.71
0.73
0.70
0.81
0.71
0.71
0.71
0.79
0.88
0.66
0.71
0.75
0.77
0.78
1.00
0.90
1.00
1.19
1.33
1.40
1.31
1.15
1.03
0.94
0.78
0.69
0.59
0.59
0.63
0.80
0.84
0.73
0.87
0.75
0.72
0.63
0.74
0.65
0.67
0.76
1.02
1.33
1.60
1.85
2.22
2.48
2.55
2.65
2.66
2.69
2.63
2.78
2.79
2.71
2.59
2.73
2.57
2.45
2.24
2.18
2.11
1.98
1.79
1.73
1.62
1.60
1.61
1.52
1.51
1.50
1.29
1.03
0.98
0.90
1.01
1.11
1.23
1.43
1.61
1.76
1.93
1.97
2.10
2.17
2.20
2.21
2.13
2.17
1.98
2.00
1.97
1.96
1.84
1.78
1.71
1.61
1.54
1.53
1.41
1.40
1.41
1.41
1.30
1.26
1.19
1.06
0.94
0.90
0.85
0.73
0.69
0.69
0.63
0.58
0.83
0.75
0.72
0.71
0.63
0.55
0.65
0.77
0.60
0.56
0.54
0.73
0.70
0.66
0.69
0.67
0.78
0.76
0.80
0.71
0.65
0.66
0.57
0.47
0.43
0.39
0.38
0.36
0.41
0.40
0.32
0.35
0.38
0.46
0.42
0.40
0.43
0.42
0.46
0.42
0.45
0.41
0.57
0.53
0.60
0.52
0.55
0.60
0.91
0.78
0.87
1.07
1.02
1.00
0.89
1.21
0.99
1.02
1.01
0.99
1.07
1.13
1.03
1.25
1.09
0.98
0.90
0.94
0.83
0.85
1.12
1.24
1.30
1.50
1.57
1.51
1.37
1.20
1.09
1.17
1.55
1.93
2.40
2.82
3.08
3.40
3.45
3.80
3.60
3.74
3.50
3.56
3.44
3.25
3.01
2.96
2.75
2.43
2.27
2.16
1.96
1.72
1.59
1.41
1.38
1.23
1.13
1.23
1.29
1.12
1.20
1.11
1.02
0.99
0.94
0.75
0.55
0.64
0.58
0.58
0.53
0.66
0.76
1.03
1.06
1.15
1.15
1.11
1.05
1.02
1.04
1.02
0.99
1.20
1.33
1.42
1.67
1.80
2.04
2.07
2.17
2.16
2.11
2.06
2.10
1.92
1.78
1.75
1.53
1.36
1.18
1.06
0.90
0.76
0.76
0.73
0.59
0.65
0.72
0.78
0.87
0.75
0.95
1.11
1.01
1.07
1.04
0.87
0.74
0.77
0.69
0.75
0.70
0.82
0.78
0.79
0.91
1.12
1.07
1.09
1.36
1.65
2.18
2.34
1.81
1.35
1.23
1.10
1.13
1.13
1.17
1.29
1.42
1.49
1.50
1.42
1.54
1.41
1.37
1.40
1.28
1.21
0.99
1.03
0.84
0.75
0.59
0.51
0.47
0.43
0.41
0.46
0.48
0.49
0.50
0.53
0.68
0.65
0.73
0.85
0.90
0.80
0.82
0.72
0.64
0.69
0.72
0.75
0.74
0.82
0.91
1.03
1.04
1.28
1.19
1.21
0.94
0.90
0.70
0.73
0.89
0.99
1.14
1.16
1.31
1.31
1.32
1.14
1.17
1.22
1.13
0.97
0.86
0.66
0.68
0.60
0.54
0.52
0.43
0.50
0.48
0.50
0.48
0.58
0.76
0.74
0.79
0.78
0.82
0.79
0.92
0.85
0.92
0.86
0.77
0.82
0.78
0.85
1.03
0.98
1.38
1.30
1.48
1.43
1.33
1.25
0.88
0.81
0.79
0.87
1.03
1.09
1.19
1.30
1.29
1.25
1.26
1.20
1.31
1.10
1.10
0.90
0.91
0.75
0.65
0.50
0.53
0.48
0.48
0.51
0.43
0.51
0.56
0.62
0.58
0.65
0.78
0.98
1.11
1.22
1.29
1.20
1.05
1.09
1.06
0.97
0.95
0.92
1.05
1.01
1.12
1.21
1.45
1.52
2.52
2.25
2.09
1.71
1.46
1.13
0.83
0.86
0.78
0.85
0.83
0.94
1.15
0.91
1.21
1.15
1.07
1.10
1.05
0.93
0.81
0.59
0.65
0.55
0.56
0.64
0.65
0.89
0.77
0.85
1.25
1.26
1.47
1.68
1.67
