0.96
1.18
1.07
0.92
0.87
0.94
0.97
1.25
1.28
1.17
1.18
1.14
0.93
0.75
0.67
0.55
0.51
0.43
0.42
0.44
0.37
0.43
0.40
0.45
0.44
0.44
0.43
0.45
0.47
0.62
0.57
0.47
0.63
0.56
0.62
0.57
0.66
0.74
0.70
0.86
0.77
0.92
0.86
0.94
1.09
1.15
1.31
1.22
1.07
1.43
1.29
1.26
1.37
1.38
1.19
1.25
1.32
1.28
1.15
1.41
1.42
1.33
1.23
1.48
1.27
1.18
1.35
1.63
1.46
1.44
1.30
1.30
1.23
1.25
1.22
1.28
1.30
1.22
1.27
1.30
1.04
0.87
0.75
0.62
0.59
0.54
0.51
0.49
0.48
0.49
0.43
0.44
0.51
0.46
0.56
0.47
0.49
0.52
0.50
0.55
0.68
0.66
0.71
0.65
0.59
0.61
0.48
0.77
0.66
0.75
0.62
0.62
0.68
0.77
0.64
0.76
0.87
0.96
0.94
0.82
0.88
0.88
0.91
0.87
1.15
1.08
1.16
1.04
1.09
1.01
1.03
0.91
0.95
1.04
0.91
0.80
0.83
0.75
0.73
0.70
0.69
0.54
0.52
0.41
0.41
0.41
0.43
0.37
0.47
0.45
0.43
0.46
0.43
0.51
0.47
0.57
0.57
0.57
0.49
0.55
0.47
0.52
0.51
0.47
0.51
0.55
0.70
0.67
0.62
0.55
0.50
0.63
0.71
1.02
0.98
1.19
1.11
1.16
1.09
0.89
0.97
0.99
0.88
1.04
1.17
1.43
1.30
1.30
1.33
1.47
1.74
1.54
1.54
1.29
0.99
0.82
1.12
1.23
1.30
1.33
1.11
1.00
1.17
0.98
0.98
0.82
0.65
0.58
0.49
0.45
0.40
0.40
0.45
0.43
0.41
0.38
0.47
0.50
0.55
0.55
0.60
0.45
0.56
0.52
0.60
0.50
0.62
0.52
0.63
0.57
0.76
0.76
0.79
0.79
0.94
0.87
0.99
1.16
1.15
1.47
1.57
1.51
1.70
1.29
1.12
1.32
1.59
1.54
1.44
1.53
1.44
1.25
1.22
1.23
1.05
1.16
1.23
1.03
1.10
1.07
0.87
0.72
0.55
0.50
0.49
0.50
0.45
0.54
0.48
0.58
0.49
0.50
0.51
0.44
0.53
0.44
0.46
0.53
0.57
0.60
0.59
0.71
0.82
0.88
0.92
0.87
1.01
1.03
1.00
1.04
1.03
1.54
1.99
1.97
1.69
1.67
1.53
1.25
1.09
1.09
1.17
1.42
1.41
1.30
1.51
1.47
1.83
2.11
1.74
1.69
1.82
1.68
1.62
1.49
1.49
1.15
0.97
0.77
0.59
0.50
0.45
0.46
0.41
0.44
0.44
0.46
0.50
0.46
0.45
0.43
0.43
0.48
0.47
0.57
0.58
0.70
0.82
1.10
1.29
1.16
1.26
1.42
1.23
1.25
1.20
1.25
1.45
1.45
1.40
1.31
1.15
0.95
0.88
1.08
1.02
1.08
1.00
0.87
0.87
0.87
0.76
0.67
0.60
0.50
0.46
0.40
0.41
0.38
0.37
0.41
0.38
0.44
0.47
0.43
0.49
0.47
0.44
0.43
0.45
0.49
0.49
0.43
0.56
0.51
0.54
0.66
0.69
0.71
0.88
0.79
1.02
0.97
1.10
1.01
0.98
1.01
1.00
1.02
1.20
1.24
1.11
0.99
1.37
1.41
1.81
1.65
1.67
1.68
1.42
1.32
1.40
1.25
1.09
1.21
1.15
1.09
0.99
1.06
0.88
0.84
0.88
0.76
0.64
0.62
0.52
0.51
0.47
0.53
0.48
0.45
0.45
0.42
0.46
0.43
0.44
0.48
0.52
0.45
0.49
0.46
0.58
0.61
0.66
0.62
0.68
0.74
0.77
1.02
1.09
1.21
1.50
1.48
1.65
1.58
1.47
1.39
1.53
1.72
2.29
2.66
2.66
2.27
1.77
2.00
1.66
2.03
2.03
1.83
1.60
1.43
1.48
1.31
1.47
1.16
1.06
0.81
0.81
0.93
0.89
0.86
0.80
0.78
0.63
0.51
0.52
0.44
0.44
0.42
0.45
0.41
0.43
0.41
0.45
0.41
0.48
0.56
0.54
0.47
0.50
0.51
0.64
0.79
0.81
0.83
0.91
1.00
1.16
1.58
1.10
1.32
1.07
0.99
1.16
0.87
0.94
0.94
0.96
0.93
1.24
0.96
1.33
1.66
1.50
1.28
0.92
1.04
0.96
0.93
1.11
1.20
1.33
1.17
1.17
1.00
1.00
0.95
1.11
1.31
1.10
1.52
1.32
1.51
1.32
1.07
0.85
0.67
0.61
0.53
0.58
0.44
0.48
0.53
0.46
0.49
0.45
0.43
0.50
0.49
0.53
0.58
0.60
0.72
0.64
0.96
0.78
0.89
1.04
1.07
0.99
1.16
1.12
0.98
0.87
0.89
1.17
1.14
1.14
1.62
2.34
2.02
1.69
1.90
1.61
1.63
1.47
1.30
1.43
1.76
1.29
1.77
1.60
1.48
1.59
1.83
1.58
1.57
1.55
1.49
1.52
1.60
1.53
1.84
1.45
1.10
0.96
0.66
0.65
0.56
0.52
0.45
0.45
0.45
0.50
0.58
0.63
0.55
0.52
0.53
0.52
0.51
0.49
0.57
0.52
0.51
0.48
0.50
0.56
0.43
0.60
0.57
0.59
0.75
0.73
0.70
0.75
0.68
0.59
0.71
0.75
0.88
0.74
0.98
0.90
0.82
0.65
0.66
0.78
0.69
0.83
0.74
0.64
0.79
0.69
0.53
0.61
0.49
0.54
0.54
0.46
0.87
0.69
0.58
0.47
0.43
0.40
0.36
0.37
0.33
0.31
0.32
0.31
0.31
0.30
0.32
0.34
0.25
0.31
0.31
0.31
0.31
0.31
0.31
0.30
0.31
0.31
0.33
0.28
0.32
0.32
0.34
0.31
0.34
0.44
0.45
0.45
0.40
