0.46
0.37
0.36
0.43
0.54
0.70
0.70
0.65
0.64
0.69
0.60
0.55
0.56
0.70
0.72
0.87
1.02
1.64
1.90
1.69
1.87
1.63
1.54
1.54
1.53
1.34
1.26
1.25
1.09
1.12
1.16
1.18
1.36
1.43
1.21
1.01
0.85
0.72
0.67
0.59
0.52
0.50
0.37
0.39
0.41
0.43
0.43
0.42
0.40
0.42
0.46
0.41
0.48
0.56
0.59
0.58
0.52
0.87
0.90
1.09
1.14
1.14
1.06
0.96
1.05
1.06
0.99
0.98
0.77
0.80
0.95
0.98
0.98
1.15
1.36
1.18
1.14
1.04
0.81
0.89
1.16
1.07
1.14
0.93
0.71
0.57
0.58
0.52
0.45
0.43
0.36
0.35
0.33
0.42
0.41
0.43
0.42
0.44
0.42
0.41
0.50
0.53
0.52
0.51
0.65
0.86
0.88
1.01
0.93
0.75
0.82
0.79
0.72
0.70
0.77
0.89
1.05
1.01
0.87
1.01
1.07
0.92
0.83
0.77
0.80
0.95
0.89
0.90
0.91
1.13
1.21
1.43
1.32
1.10
1.02
0.92
0.82
0.71
0.66
0.58
0.53
0.50
0.46
0.50
0.44
0.43
0.37
0.40
0.34
0.37
0.40
0.37
0.44
0.43
0.46
0.45
0.46
0.44
0.44
0.65
0.57
0.78
0.72
1.29
1.21
1.42
1.20
1.20
1.10
1.84
1.50
1.29
1.27
1.26
1.50
1.67
1.48
1.57
1.57
1.42
1.48
1.55
1.32
1.36
1.40
1.39
1.38
1.44
1.47
1.20
1.14
0.91
0.87
0.77
0.76
0.63
0.54
0.49
0.41
0.43
0.40
0.40
0.36
0.42
0.39
0.38
0.41
0.43
0.45
0.40
0.43
0.43
0.43
0.39
0.42
0.49
0.45
0.54
0.65
0.59
0.65
0.65
0.82
1.26
1.02
1.03
1.04
1.16
0.98
1.12
1.21
1.30
1.23
1.10
1.21
1.03
0.93
0.90
1.10
1.04
0.97
1.05
1.06
0.99
0.87
0.86
0.88
0.78
0.78
0.73
0.60
0.61
0.67
0.76
0.66
0.82
0.87
1.13
1.23
1.09
1.19
1.14
1.02
0.87
0.75
0.57
0.52
0.50
0.43
0.39
0.40
0.36
0.40
0.40
0.43
0.39
0.34
0.39
0.38
0.39
0.38
0.39
0.38
0.43
0.54
0.69
0.89
0.88
1.21
1.20
1.27
1.28
1.08
0.93
1.21
1.43
1.35
1.25
1.32
1.23
1.13
1.19
0.94
1.08
0.92
0.94
1.15
1.27
1.25
1.07
0.93
0.93
0.87
0.92
0.89
0.78
0.74
0.66
0.68
0.63
0.58
0.47
0.46
0.45
0.43
0.40
0.36
0.35
0.32
0.33
0.35
0.36
0.31
0.38
0.38
0.41
0.43
0.41
0.44
0.47
0.46
0.55
0.46
0.55
0.53
0.47
0.62
0.73
0.87
0.89
0.85
1.23
1.54
1.79
1.49
1.34
1.09
1.05
1.08
1.11
1.38
1.38
1.10
1.66
1.60
1.43
1.28
1.14
1.56
1.43
1.24
1.03
0.95
1.14
1.10
0.90
0.95
0.73
0.59
0.47
0.50
0.43
0.39
0.39
0.32
0.36
0.37
0.39
0.40
0.41
0.41
0.41
0.42
0.40
0.53
0.55
0.54
0.52
0.46
0.66
0.76
0.95
0.72
1.04
1.30
1.08
1.14
0.88
0.88
1.12
1.17
1.20
1.22
1.15
1.14
1.09
0.95
0.83
0.84
0.65
0.54
0.59
0.65
0.69
0.86
0.74
0.68
0.65
0.68
0.62
0.59
0.63
0.61
0.66
0.56
0.67
0.59
0.62
0.54
0.50
0.41
0.39
0.38
0.37
0.41
0.34
0.34
0.37
0.43
0.52
0.53
0.80
0.73
1.00
0.80
0.96
0.78
0.97
0.94
0.97
1.28
1.42
1.31
1.51
1.52
1.40
1.20
1.24
1.23
1.26
1.37
1.47
1.41
1.60
1.73
1.48
1.41
1.62
1.34
1.32
1.03
0.78
0.99
0.92
1.23
1.14
1.33
1.42
1.39
1.18
0.99
0.96
0.81
1.04
1.19
1.30
1.76
1.68
1.91
1.76
1.24
0.92
0.83
0.84
0.66
0.63
0.56
0.53
0.65
0.78
0.78
0.65
1.03
1.51
1.25
1.13
1.16
1.11
1.08
1.27
0.94
1.21
1.27
1.19
1.02
1.19
1.52
1.32
1.31
1.64
1.51
1.56
1.19
1.60
1.33
1.30
1.14
0.97
0.88
0.93
1.05
1.08
0.87
1.07
1.17
0.94
1.29
1.32
1.40
2.10
2.09
2.18
1.87
1.70
1.74
1.59
1.78
1.29
0.98
0.76
0.68
0.54
0.51
0.46
0.45
0.42
0.39
0.40
0.39
0.51
0.55
0.56
0.93
0.83
0.83
0.73
0.69
0.74
0.75
0.83
0.64
1.23
1.02
1.05
1.16
1.16
1.33
1.32
1.51
1.12
1.18
1.10
1.27
1.25
1.21
1.48
1.90
1.79
1.48
1.51
1.28
0.98
0.98
1.08
1.50
1.41
1.55
1.87
1.60
1.33
1.46
1.30
1.20
1.27
1.51
1.30
1.20
1.23
1.39
1.22
1.06
1.30
1.15
1.26
0.95
0.74
0.59
0.51
0.43
0.45
0.41
0.39
0.42
0.42
0.44
0.47
0.56
0.55
0.67
0.55
0.53
0.51
0.62
0.58
0.61
0.91
0.67
1.32
1.20
1.21
1.19
1.29
1.59
1.59
1.67
1.94
1.62
1.45
1.63
1.64
1.45
1.46
1.35
1.22
1.69
1.62
1.45
1.30
1.50
1.22
1.26
1.40
1.58
1.90
2.17
2.18
2.39
1.95
2.27
2.42
2.38
2.13
2.18
1.71
1.38
0.99
0.79
0.64
0.48
0.66
0.56
0.54
0.50
0.60
0.55
0.50
0.65
0.59
0.53
0.66
0.54
0.74
0.77
0.59
0.78
0.65
0.95
0.90
0.91
1.16
0.83
1.11
0.98
1.24
1.23
1.13
1.43
1.44
1.31
1.40
1.30
1.16
1.16
1.35
1.27
1.41
1.26
1.90
2.15
1.80
1.54
1.49
1.40
1.09
1.16
1.06
1.09
0.97
0.85
0.89
0.67
0.58
0.49
0.45
0.40
0.41
0.41
0.43
0.37
0.43
0.43
0.42
0.38
0.41
0.52
0.40
0.44
0.50
0.57
0.58
0.54
0.61
0.55
0.60
0.68
0.65
0.49
0.52
0.66
0.62
0.66
0.62
0.62
0.59
0.50
1.10
0.84
0.63
0.76
0.65
0.97
0.98
0.71
0.75
0.65
0.79
0.73
0.67
0.83
0.92
0.83
1.19
0.86
0.71
0.68
0.56
0.43
0.37
0.31
0.31
0.29
0.29
0.31
0.47
0.84
1.33
1.78
1.90
1.87
1.97
1.72
1.76
1.88
1.56
1.41
1.21
1.33
1.13
1.20
1.96
1.89
1.86
2.15
2.26
2.34
1.93
2.03
1.57
1.58
