1.11
1.80
1.89
1.94
1.80
1.51
1.68
1.74
1.78
1.91
1.62
1.61
1.26
1.09
1.32
1.04
1.12
1.10
1.09
0.91
0.85
0.70
0.71
0.61
0.57
0.54
0.43
0.48
0.45
0.44
0.41
0.41
0.42
0.44
0.48
0.58
0.53
0.48
0.64
0.57
0.52
0.57
0.53
0.59
0.59
0.64
1.07
0.81
0.67
0.69
0.66
0.95
0.91
1.13
1.31
1.27
1.09
1.24
0.94
0.87
0.89
0.86
1.11
1.06
1.06
1.17
1.24
1.12
1.24
1.44
1.61
1.91
1.70
1.78
2.18
1.97
2.36
2.20
1.88
1.82
1.57
1.22
1.09
0.95
0.82
0.71
0.62
0.53
0.48
0.45
0.43
0.43
0.40
0.44
0.43
0.41
0.44
0.47
0.44
0.45
0.40
0.49
0.57
0.68
0.77
0.88
0.82
0.99
0.95
1.15
1.27
1.11
1.55
1.56
1.40
1.31
1.42
1.25
1.29
1.31
1.06
0.94
1.30
1.25
1.05
0.86
1.04
0.99
1.16
1.01
0.98
1.17
1.10
1.17
1.12
1.32
1.19
1.47
1.54
1.76
1.50
1.31
1.24
0.97
0.79
0.72
0.55
0.52
0.45
0.40
0.42
0.34
0.41
0.37
0.41
0.39
0.52
0.62
0.58
0.52
0.59
0.78
0.73
0.75
0.74
0.78
0.87
0.95
1.05
0.99
0.99
1.09
1.23
1.01
0.90
1.03
0.92
1.00
0.99
1.03
1.07
0.89
0.97
0.89
1.13
1.08
1.30
1.06
1.18
1.22
1.15
1.25
1.18
1.37
1.42
1.53
1.25
1.27
1.57
1.38
1.33
1.30
1.38
1.15
0.99
0.82
0.80
0.55
0.57
0.52
0.53
0.46
0.43
0.42
0.51
0.49
0.56
0.54
0.63
0.73
0.75
0.93
0.83
1.01
1.20
1.27
1.40
1.30
1.33
1.46
1.24
1.30
1.54
1.41
1.75
1.52
1.56
1.21
1.18
1.20
1.26
1.62
1.52
1.70
1.87
1.89
1.83
1.46
1.57
1.44
1.16
1.46
1.32
1.73
1.78
1.79
1.66
1.65
1.25
1.06
0.74
0.65
0.58
0.56
0.50
0.48
0.47
0.47
0.48
0.49
0.53
0.47
0.55
0.60
0.60
0.58
0.64
0.61
0.83
0.92
1.00
1.17
1.12
1.31
1.18
1.39
1.33
1.66
1.45
1.70
1.63
2.06
1.96
1.87
1.77
1.99
2.04
1.96
2.01
1.98
1.95
1.45
1.46
1.49
1.55
1.64
2.00
2.40
2.38
3.07
3.08
2.72
2.39
2.38
2.06
1.76
2.13
1.83
1.52
1.25
1.00
0.79
0.73
0.60
0.51
0.45
0.42
0.42
0.43
0.40
0.41
0.47
0.48
0.50
0.52
0.44
0.55
0.58
0.63
0.57
0.66
0.61
0.78
0.71
0.90
1.44
1.37
1.81
2.03
2.03
1.82
1.92
2.04
1.55
1.63
1.46
1.55
1.74
1.77
1.62
1.40
1.41
1.61
1.37
1.35
1.43
1.68
1.77
1.61
1.38
1.14
1.08
1.25
1.36
1.35
1.39
1.64
1.63
1.57
1.37
1.17
0.88
0.70
0.57
0.47
0.44
0.41
0.42
0.40
0.38
0.37
0.35
0.43
0.40
0.44
0.41
0.68
0.72
0.72
0.99
1.00
1.15
1.66
1.66
1.31
1.14
1.10
1.13
1.20
1.26
1.17
1.17
1.14
0.95
0.71
0.65
0.74
0.90
0.95
1.18
1.20
1.39
1.43
1.49
1.46
1.30
1.13
1.26
1.24
1.12
1.49
1.98
2.20
2.46
2.07
1.84
1.93
1.69
1.60
1.58
1.33
1.13
0.95
0.78
0.61
0.53
0.52
0.50
0.49
0.44
0.38
0.41
0.42
0.46
0.41
0.35
0.44
0.43
0.54
0.61
0.50
0.66
0.58
0.65
0.68
0.78
0.72
0.62
1.00
0.80
0.70
0.78
0.65
0.77
0.78
0.60
0.63
0.47
0.62
0.65
0.54
0.43
0.47
0.50
0.61
0.68
0.72
0.75
0.66
0.56
0.47
0.43
0.35
0.34
0.33
0.31
0.31
0.29
