0.69
0.98
1.09
1.12
1.12
1.09
1.09
1.15
1.10
1.03
0.92
0.88
0.82
0.85
0.87
0.92
0.91
0.89
0.93
0.93
0.90
0.95
0.97
0.98
1.24
1.12
1.06
1.00
0.99
0.91
0.92
0.91
0.90
0.92
0.90
0.91
0.90
0.90
0.85
0.86
0.89
0.90
0.88
0.88
0.88
0.90
0.89
0.91
0.93
0.91
0.91
0.93
0.96
0.93
0.93
0.93
0.91
0.94
0.93
0.93
0.88
0.91
0.91
0.90
0.88
0.91
0.93
0.90
1.03
1.04
1.09
0.98
0.97
0.93
0.93
0.91
0.92
0.93
0.90
0.87
0.88
0.87
0.84
0.87
0.93
0.93
0.90
0.93
0.92
0.94
0.92
0.92
0.93
0.88
0.97
0.90
0.90
0.87
0.89
0.92
0.94
0.93
0.97
0.93
1.22
1.12
1.09
1.04
0.93
0.90
0.84
1.09
1.07
1.06
1.02
0.88
0.93
0.90
0.90
0.89
0.90
0.88
0.89
0.88
0.88
0.87
0.84
0.89
0.91
0.93
0.89
0.91
0.88
0.92
0.91
0.92
0.91
0.86
0.91
0.91
0.91
0.88
0.87
0.87
0.99
0.95
0.95
1.02
0.97
0.96
1.02
1.02
0.92
1.05
0.98
0.97
0.92
0.94
0.94
0.92
0.91
0.89
0.97
0.91
0.95
0.93
0.95
0.99
0.91
0.92
0.94
0.95
0.94
0.98
0.92
0.99
0.96
0.96
0.94
0.93
0.92
0.94
0.94
0.93
0.98
0.88
0.91
0.93
0.93
0.89
0.90
0.92
0.95
0.93
0.94
0.96
0.92
0.93
0.98
1.00
0.94
0.93
0.97
0.94
0.90
0.90
0.93
0.88
0.90
0.91
0.99
0.93
0.94
0.93
0.93
0.93
0.89
0.90
0.90
0.93
0.97
0.98
0.95
0.94
0.92
0.90
0.92
0.91
0.93
0.91
0.98
1.00
0.99
0.95
1.04
1.01
1.02
1.00
0.95
0.96
0.94
0.93
0.97
0.97
0.94
0.95
0.92
0.95
0.95
0.95
0.97
0.94
0.95
0.97
0.96
0.91
0.95
0.94
0.94
0.93
0.92
0.93
0.90
0.95
0.96
0.95
0.91
0.93
0.92
0.93
0.96
0.94
0.94
0.90
0.97
0.94
0.93
0.89
0.89
0.94
0.94
0.95
0.96
0.97
0.90
0.99
0.92
0.92
0.96
0.88
0.90
0.91
0.92
0.91
0.93
0.90
0.93
0.94
0.94
0.91
0.89
0.91
0.91
0.91
0.90
0.92
0.86
0.93
0.97
0.95
0.90
0.93
0.91
0.92
0.93
0.91
1.08
0.97
1.13
1.04
1.04
0.97
0.92
1.24
1.50
1.50
1.30
1.16
1.05
0.96
0.95
0.93
0.90
0.90
0.89
0.92
0.89
0.88
0.93
0.91
0.90
0.90
0.94
0.89
0.88
0.89
0.90
0.87
0.88
0.93
0.90
0.92
0.89
0.92
0.88
0.89
0.92
0.92
0.90
1.00
1.07
0.99
0.91
0.89
1.05
0.93
1.12
1.10
1.12
1.03
1.07
1.00
0.90
0.92
0.85
0.86
0.88
0.86
1.08
1.01
0.92
0.89
0.87
0.86
0.84
0.84
0.88
0.80
0.81
0.80
0.80
0.77
0.80
0.82
0.84
0.82
0.87
0.87
0.80
0.84
0.90
0.87
1.19
1.08
1.39
1.61
1.32
1.07
1.12
1.08
1.50
1.37
1.31
1.13
1.08
1.09
1.01
0.87
0.79
0.70
0.78
1.09
1.02
0.99
0.86
0.87
0.81
0.81
0.75
0.67
0.63
0.63
0.60
0.65
0.58
0.67
0.78
0.85
0.96
1.01
0.98
0.86
1.08
0.88
0.74
0.80
1.06
1.50
1.74
1.30
1.02
1.07
0.99
1.23
2.06
2.72
2.49
2.23
1.84
1.52
1.25
1.12
0.98
0.87
0.87
0.94
1.12
1.16
1.21
1.07
1.05
1.08
1.08
1.09
1.05
0.97
0.92
0.86
0.75
0.79
0.75
0.77
0.89
1.16
1.15
1.16
1.06
0.90
0.87
0.87
0.86
0.90
0.93
0.92
0.87
0.87
0.82
1.28
1.25
1.62
1.87
1.59
1.25
1.10
0.94
0.84
0.69
0.73
0.66
0.72
0.75
0.84
0.82
0.84
0.89
0.88
0.80
0.74
0.73
0.76
0.73
0.70
0.69
0.78
0.79
0.78
1.04
0.97
1.00
1.12
1.10
1.07
1.00
0.98
1.06
1.30
1.67
1.50
1.15
0.95
1.10
1.01
1.24
1.25
1.09
1.32
1.35
1.25
1.26
1.01
1.04
1.01
1.10
1.13
1.22
1.33
1.38
1.42
1.41
1.35
1.32
1.31
1.21
1.19
1.17
1.15
1.06
1.03
0.98
0.90
0.90
0.91
0.92
0.94
0.90
0.91
0.89
0.87
