1.03
1.39
1.44
1.55
1.50
1.34
1.23
1.51
1.40
1.25
1.34
1.52
1.58
1.36
1.10
0.99
0.85
1.11
1.16
1.13
1.06
0.91
0.79
0.81
0.71
0.73
0.74
0.66
0.53
0.46
0.46
0.37
0.43
0.34
0.39
0.35
0.37
0.38
0.38
0.44
0.38
0.47
0.40
0.58
0.53
0.58
0.63
0.71
0.82
0.77
0.76
0.74
0.81
0.97
1.00
1.46
1.49
1.67
1.50
1.31
1.22
1.09
0.94
0.97
1.00
1.05
1.12
1.34
1.43
1.36
1.09
1.19
0.99
1.20
1.31
1.23
1.20
1.33
1.30
1.07
0.91
0.80
0.80
0.66
0.63
0.50
0.47
0.38
0.38
0.36
0.39
0.33
0.34
0.32
0.33
0.32
0.34
0.36
0.32
0.37
0.42
0.42
0.45
0.45
0.53
0.57
0.92
0.86
1.00
0.86
1.24
1.68
1.91
1.67
1.41
1.53
1.71
1.43
1.28
1.24
1.67
1.46
1.40
1.68
1.56
1.24
1.05
0.98
1.07
1.23
1.05
0.94
1.02
1.13
1.12
1.01
1.29
1.49
1.27
1.01
0.79
0.63
0.59
0.45
0.45
0.43
0.42
0.39
0.36
0.39
0.37
0.41
0.35
0.36
0.39
0.36
0.37
0.35
0.47
0.51
0.60
0.64
0.55
0.74
0.63
0.92
1.08
1.11
1.52
1.26
1.49
1.19
1.15
0.98
1.01
1.10
1.24
1.28
1.12
0.95
0.94
0.96
1.24
1.35
1.28
1.22
1.08
1.09
1.03
0.87
0.83
0.96
0.92
0.83
0.74
0.68
0.67
0.61
0.58
0.56
0.57
0.63
0.54
0.49
0.42
0.39
0.44
0.43
0.39
0.35
0.38
0.38
0.38
0.40
0.34
0.37
0.43
0.43
0.58
0.58
0.80
0.73
0.96
1.09
1.23
1.28
1.36
1.40
1.27
1.15
1.17
0.87
1.12
1.00
1.09
1.28
1.37
1.65
1.34
1.50
1.31
1.27
1.23
1.28
1.42
1.52
1.43
1.38
1.25
1.35
1.23
1.22
1.32
1.23
1.35
1.15
1.41
1.67
1.58
1.76
1.77
1.70
1.39
1.20
1.11
0.86
0.74
0.56
0.50
0.45
0.42
0.42
0.37
0.40
0.31
0.34
0.35
0.44
0.43
0.44
0.41
0.59
0.65
0.66
0.70
0.68
0.74
0.92
0.97
1.10
1.12
1.18
1.00
1.03
1.28
1.11
0.94
1.11
1.10
1.42
1.58
1.19
1.09
1.04
1.00
1.07
0.93
1.14
1.32
1.26
1.08
0.83
0.82
0.88
0.92
0.80
0.66
0.60
0.53
0.43
0.42
0.39
0.37
0.36
0.32
0.32
0.28
0.33
0.31
0.33
0.29
0.31
0.34
0.33
0.40
0.38
0.58
0.60
0.70
0.88
0.89
1.36
1.23
1.45
1.56
1.56
1.53
1.38
1.32
1.09
1.23
1.16
1.19
1.28
1.10
1.16
0.96
1.16
1.25
1.35
1.57
2.12
1.89
1.72
2.01
1.73
1.53
1.37
1.21
1.41
1.39
1.83
1.81
1.71
1.45
1.21
0.96
0.77
0.68
0.53
0.45
0.44
0.45
0.43
0.43
0.42
0.43
0.53
0.59
0.82
1.08
1.03
1.25
1.48
1.52
1.17
1.15
1.32
1.76
1.83
1.62
1.75
1.87
2.44
2.14
2.21
2.23
2.00
2.00
1.84
1.63
1.90
1.85
1.66
1.93
1.91
2.13
1.98
1.94
2.17
2.15
1.54
1.64
1.37
1.27
1.17
0.96
0.78
0.59
0.52
0.48
0.44
0.39
0.43
0.46
0.45
0.46
0.45
0.51
0.51
0.56
0.48
0.49
0.44
0.55
0.55
0.63
0.67
0.87
0.76
0.82
0.93
1.02
1.11
1.08
1.05
0.96
0.92
1.04
1.44
1.53
1.73
1.60
1.69
1.86
1.92
1.75
1.85
1.77
1.76
1.52
1.49
1.44
1.48
1.47
1.74
1.74
1.84
2.00
1.70
1.41
1.21
1.17
0.99
0.90
0.74
0.55
0.51
0.43
0.43
0.34
0.34
0.36
0.36
0.39
0.36
0.41
0.36
0.46
0.39
0.39
0.43
0.40
0.62
0.59
0.58
0.87
0.85
1.10
0.86
0.83
0.98
0.93
0.89
0.77
0.99
0.94
1.02
0.97
1.06
1.68
1.72
2.07
1.77
1.59
1.46
1.49
1.32
1.20
1.53
1.73
1.49
1.55
1.51
1.27
1.32
1.58
1.36
1.18
1.21
1.11
0.97
1.03
0.97
0.98
0.73
0.63
0.50
0.46
0.41
0.38
0.28
0.31
0.31
0.36
0.32
0.35
0.44
0.43
0.39
0.49
0.45
0.43
0.54
0.56
0.81
0.79
1.08
1.03
0.96
1.03
1.13
1.04
1.18
1.02
1.39
1.25
0.86
0.97
0.93
1.08
1.35
1.30
1.53
1.82
1.50
1.65
1.41
1.34
1.76
1.73
1.67
1.66
2.12
2.22
2.34
2.14
2.01
2.07
1.90
1.85
1.82
1.95
2.02
2.17
1.77
1.79
2.13
2.30
2.12
1.94
1.82
1.96
1.83
1.62
1.33
1.12
0.93
0.73
0.64
0.52
0.51
0.46
0.49
0.46
0.51
0.48
0.53
0.57
0.57
0.56
0.67
0.70
0.79
0.75
0.81
0.86
1.09
0.93
1.37
1.13
1.05
0.99
0.85
1.18
1.05
1.57
1.33
1.15
1.11
1.04
1.04
1.00
1.17
1.09
0.94
1.32
1.36
1.34
1.16
1.29
1.34
1.58
1.54
1.27
1.44
1.30
1.45
1.16
1.15
1.31
1.43
1.68
1.43
1.26
1.02
0.91
0.76
0.61
0.55
0.49
0.51
0.48
0.50
0.43
0.39
0.37
0.38
0.41
0.39
0.32
0.37
0.44
0.41
0.36
0.44
0.47
0.55
0.89
0.74
0.91
1.07
1.11
1.37
1.44
1.53
1.53
1.65
1.84
1.59
1.57
1.56
1.61
1.63
1.56
1.75
1.58
1.40
1.41
1.63
2.16
1.76
1.61
1.83
2.00
1.95
1.74
1.40
1.06
1.02
1.06
1.06
0.90
0.90
0.87
1.67
2.01
1.68
1.31
1.00
0.83
0.70
0.57
0.50
0.50
0.45
0.45
0.55
0.46
0.44
0.37
0.38
0.78
0.95
0.77
0.85
0.68
0.80
0.92
1.18
1.50
1.41
1.70
1.71
1.55
1.62
1.55
1.69
1.97
2.22
2.07
1.61
1.47
1.33
1.45
1.72
1.37
1.57
1.55
1.66
1.41
1.46
1.69
1.86
1.65
1.69
1.82
1.75
1.74
1.54
1.70
1.93
1.87
1.55
