1.48
1.33
1.59
1.48
1.68
1.46
1.39
1.30
1.11
0.93
0.78
0.65
0.54
0.48
0.43
0.46
0.43
0.47
0.48
0.70
0.70
0.62
0.67
0.75
0.71
0.79
0.70
0.70
0.96
0.78
1.00
0.91
1.19
1.14
1.11
1.09
0.96
0.98
1.02
1.37
1.06
1.06
1.02
1.32
1.46
1.24
1.28
1.25
1.48
1.34
1.37
1.48
1.39
2.32
2.05
2.35
2.15
2.17
1.92
1.65
1.63
1.47
1.30
1.25
1.30
1.13
1.07
1.03
0.96
0.80
0.68
0.69
0.59
0.62
0.62
0.61
0.50
0.46
0.43
0.50
0.40
0.36
0.37
0.40
0.44
0.49
0.54
0.45
0.51
0.53
0.62
0.67
0.65
0.80
0.84
0.91
1.04
0.86
1.26
1.47
1.53
1.29
1.22
1.04
0.96
1.22
1.07
1.42
1.25
1.09
1.15
1.03
1.17
1.43
1.56
1.40
1.66
1.89
1.94
1.73
1.56
1.42
1.38
1.30
1.25
1.46
1.25
1.20
1.23
1.02
1.02
0.88
0.81
0.66
0.55
0.54
0.52
0.51
0.48
0.47
0.43
0.42
0.41
0.41
0.43
0.44
0.52
0.40
0.49
0.51
0.50
0.47
0.56
0.80
0.81
0.95
1.09
1.48
1.47
1.53
1.78
1.79
2.06
2.48
2.18
1.87
1.65
1.69
1.53
1.36
2.17
1.94
1.73
2.22
1.98
1.66
1.49
1.27
1.60
1.59
1.38
1.27
1.23
1.38
1.32
1.20
1.02
0.99
0.90
0.70
0.61
0.55
0.53
0.48
0.46
0.43
0.38
0.40
0.38
0.53
0.46
0.42
0.46
0.36
0.46
0.51
0.54
0.53
0.66
0.60
0.69
0.72
0.80
1.00
1.08
1.12
0.92
1.07
1.14
1.42
1.55
1.70
1.40
1.78
1.79
1.76
1.70
2.19
2.02
1.69
1.85
1.96
1.88
1.57
1.46
1.29
1.02
0.82
0.72
0.58
0.54
0.47
0.41
0.39
0.36
0.37
0.37
0.39
0.35
0.41
0.45
0.46
0.78
0.87
0.66
0.81
0.85
1.00
1.38
1.02
0.91
0.84
0.87
0.80
0.91
0.77
0.94
0.93
1.04
0.94
1.06
1.16
1.31
1.20
1.09
1.22
1.17
1.12
1.12
1.48
1.49
1.50
1.31
1.37
1.58
1.35
1.49
1.59
1.42
1.30
1.07
1.05
0.87
0.84
0.72
0.62
0.56
0.51
0.47
0.53
0.56
0.63
0.59
0.62
0.51
0.60
0.54
0.59
0.61
0.64
0.65
0.65
0.71
0.64
0.87
0.92
1.16
1.11
1.16
0.94
0.92
0.96
1.22
1.34
1.15
1.07
1.37
1.32
1.35
1.40
1.96
1.88
1.87
2.31
1.89
1.74
1.48
1.25
1.14
1.66
1.90
2.13
1.78
1.48
1.32
1.37
1.09
0.92
0.97
0.83
0.86
0.75
0.87
0.72
0.62
0.57
0.60
0.68
0.63
0.55
0.49
0.52
0.53
0.46
0.49
0.47
0.43
0.41
0.51
0.48
0.53
0.51
0.56
0.51
0.53
0.59
0.95
0.93
1.05
1.04
1.17
1.52
1.87
1.97
2.79
3.04
2.63
2.20
2.03
2.25
3.06
2.98
2.99
2.74
2.64
2.37
2.04
2.08
2.27
2.15
1.99
1.65
1.31
1.09
1.18
1.27
1.14
1.16
0.96
0.74
0.64
0.55
0.50
0.47
0.52
0.61
0.61
0.57
0.54
0.48
0.40
0.46
0.57
0.60
0.50
0.55
0.56
0.53
0.66
0.59
0.70
0.70
0.92
0.93
1.22
1.02
1.03
1.15
1.16
1.01
1.19
1.20
1.32
1.50
1.30
1.41
1.42
1.51
1.65
1.58
1.73
1.55
1.46
1.52
1.67
1.77
1.50
1.49
1.48
1.35
1.47
1.46
1.28
1.02
0.97
0.81
0.67
0.78
0.68
0.70
0.60
0.59
0.56
0.73
0.60
0.64
0.53
0.60
0.58
0.56
0.53
0.58
0.54
0.60
0.50
0.58
0.59
0.79
1.09
1.37
1.15
1.17
1.52
1.36
1.51
1.77
1.87
2.12
2.43
2.66
2.11
2.01
1.93
1.92
2.17
2.11
2.12
1.72
1.63
1.75
1.97
2.17
1.92
1.68
1.37
1.15
1.25
1.11
0.82
0.77
0.69
0.67
0.63
0.52
0.63
0.52
0.60
0.58
0.60
0.55
0.51
0.55
0.46
0.54
0.54
0.53
0.50
0.49
0.69
0.76
0.72
0.65
0.69
0.78
0.91
1.11
1.23
1.22
1.34
1.44
1.38
1.39
1.23
1.47
1.46
1.56
1.56
2.61
2.67
2.15
2.23
2.11
2.07
1.57
1.99
1.87
1.56
1.30
1.47
1.23
1.23
1.22
1.23
1.46
1.15
0.89
0.70
0.60
0.47
0.50
0.49
0.52
0.54
0.50
0.46
0.50
0.57
0.53
0.69
0.68
0.65
0.61
0.56
0.64
0.76
0.73
1.17
1.25
1.38
1.41
1.66
1.24
1.07
1.22
1.56
1.22
1.37
1.69
1.66
1.50
1.61
1.74
2.43
2.84
2.61
3.03
2.41
2.40
2.25
2.14
2.40
1.89
2.08
1.53
1.35
1.46
1.69
1.39
1.31
1.07
0.87
0.71
0.65
0.66
0.69
0.68
0.69
0.76
0.58
0.71
0.67
0.76
0.70
0.69
0.75
0.71
0.63
0.55
0.52
0.72
0.79
0.66
0.86
1.05
1.06
1.16
1.15
1.43
1.48
1.74
2.03
1.80
2.33
2.04
1.77
1.48
1.89
2.18
2.08
2.56
2.80
2.83
2.56
2.72
2.20
2.76
2.39
1.93
2.35
2.41
2.23
2.62
2.35
1.95
