1.28
1.27
1.57
2.08
2.03
2.06
2.54
2.51
2.42
2.45
2.47
2.60
2.32
2.20
2.03
1.68
1.62
1.60
1.99
2.23
2.17
2.18
2.06
1.92
1.62
1.40
1.16
1.00
0.85
0.71
0.59
0.50
0.42
0.41
0.40
0.39
0.45
0.49
0.50
0.46
0.42
0.45
0.42
0.41
0.53
0.47
0.65
0.54
0.66
0.65
0.74
0.83
0.85
1.20
1.24
1.78
1.47
1.33
1.29
1.26
1.35
1.45
1.53
1.48
1.36
1.42
1.42
1.33
1.79
1.89
1.67
1.76
1.59
1.72
1.56
1.38
1.38
1.25
1.26
2.71
4.80
4.79
4.79
4.23
3.33
2.49
1.76
1.38
1.04
0.89
0.79
0.84
0.84
0.88
0.87
0.95
0.95
0.94
1.01
0.99
0.97
1.00
1.01
0.97
0.95
1.11
1.06
0.95
1.04
0.86
0.88
1.00
0.99
0.93
0.85
0.96
0.85
1.08
1.25
1.20
1.68
1.49
1.54
1.62
1.52
1.52
1.96
1.99
1.91
1.74
1.74
1.84
2.00
1.93
1.62
1.70
1.80
1.94
1.92
1.91
1.95
1.76
1.59
1.50
1.33
1.28
1.03
1.04
0.80
0.72
0.58
0.64
0.57
0.56
0.57
0.56
0.55
0.58
0.81
0.86
0.81
0.87
0.69
0.80
0.71
0.75
0.84
0.68
1.07
1.45
1.16
1.06
0.90
1.06
0.95
1.04
1.11
1.46
1.57
1.47
1.93
2.02
2.32
2.39
2.12
2.01
1.97
2.25
2.40
2.15
1.95
2.31
1.97
1.95
1.89
1.83
1.79
2.00
1.96
1.71
1.90
1.48
1.41
1.19
0.91
0.86
0.67
0.65
0.59
0.51
0.49
0.48
0.46
0.64
0.75
0.86
0.90
1.09
1.38
1.17
1.26
1.34
1.58
1.44
1.50
1.65
1.94
1.80
2.02
1.96
1.60
1.83
1.63
1.37
1.88
1.60
1.30
1.66
1.83
2.36
2.21
2.56
2.50
3.16
3.21
2.57
2.81
2.84
2.81
2.81
3.05
3.49
3.26
2.69
2.29
2.40
2.04
2.06
2.02
1.80
1.84
1.63
1.60
1.63
1.82
1.52
1.21
1.09
0.97
0.79
0.65
0.63
0.51
0.47
0.44
0.42
0.50
0.53
0.73
1.19
1.13
0.99
0.88
0.71
0.87
0.97
0.87
1.38
1.13
1.24
1.15
1.06
1.11
1.28
1.19
1.25
1.63
1.30
1.35
1.30
1.86
1.78
1.89
1.69
2.25
1.99
2.48
2.13
2.61
2.20
1.89
1.83
1.72
2.06
2.25
2.45
2.23
2.40
2.23
2.13
1.72
1.65
1.39
1.31
1.17
1.18
1.15
0.99
0.90
0.79
0.78
0.78
0.64
0.68
0.64
0.70
0.61
0.54
0.65
0.58
0.66
0.69
0.61
0.66
0.62
0.60
0.72
0.66
0.66
0.84
0.79
0.94
1.00
0.99
0.91
0.87
1.04
0.89
0.92
0.86
1.12
1.17
1.46
1.20
1.19
2.14
2.08
2.71
2.39
3.05
3.05
2.82
3.16
2.81
2.80
2.83
2.20
1.99
1.79
1.87
2.07
1.68
2.19
2.06
1.93
1.83
1.30
1.17
0.89
0.80
0.65
0.71
0.59
0.65
0.70
0.86
0.66
0.56
0.54
0.48
0.50
0.58
0.63
0.57
0.57
0.60
0.72
0.79
0.94
1.24
1.34
1.17
1.18
1.13
1.65
1.43
1.33
1.40
1.35
1.47
1.32
1.23
1.19
1.61
1.45
2.09
1.95
2.30
2.52
2.06
1.73
2.65
2.56
2.43
2.41
2.28
3.08
2.25
2.60
2.64
2.75
2.63
2.66
2.59
2.63
2.54
2.37
2.14
1.73
1.45
1.28
1.04
0.94
0.88
0.79
0.80
0.64
0.59
0.69
0.65
0.62
0.80
0.76
0.70
0.66
0.66
0.88
1.00
0.95
0.96
1.13
1.04
0.99
1.37
1.82
1.80
1.68
1.45
1.70
1.67
1.40
1.70
1.35
1.38
1.48
2.15
2.03
2.53
3.01
3.12
2.78
2.46
2.56
3.04
3.17
3.08
2.89
2.60
2.69
2.72
2.61
2.45
2.39
2.37
2.38
2.33
2.42
2.19
1.97
1.87
1.64
1.28
1.17
0.99
0.81
0.71
0.73
0.68
0.68
0.65
0.66
0.78
0.74
0.76
0.76
0.90
0.69
0.65
0.60
0.60
0.69
0.82
0.88
0.99
1.40
1.00
1.27
0.97
0.95
0.90
1.34
1.67
1.64
1.85
1.74
1.96
2.40
1.86
1.96
1.68
1.53
1.42
1.25
1.39
1.40
1.50
1.24
0.98
0.95
0.69
0.56
0.45
0.42
0.33
0.38
0.31
0.31
0.31
0.29
0.28
0.28
0.28
0.27
