2.27
2.89
3.00
2.69
2.16
2.16
2.47
2.26
2.24
2.02
2.03
1.74
1.81
1.87
1.87
1.99
1.50
1.65
1.46
1.59
1.49
1.33
1.12
1.11
1.05
0.99
0.84
0.76
0.60
0.53
0.48
0.52
0.51
0.45
0.50
0.46
0.43
0.41
0.44
0.57
0.63
0.73
0.65
0.87
0.84
0.90
0.84
0.97
0.92
1.38
1.19
1.00
1.06
1.02
1.29
1.26
1.64
1.58
1.99
2.20
2.14
1.79
1.81
2.17
2.44
2.23
2.22
1.93
2.00
1.58
1.85
1.75
1.65
1.42
1.37
1.25
1.52
1.32
1.15
1.17
1.17
1.05
0.82
0.68
0.59
0.66
0.57
0.49
0.46
0.43
0.40
0.44
0.43
0.48
0.46
0.40
0.48
0.47
0.43
0.60
0.67
0.65
0.79
1.04
1.08
1.30
1.67
1.32
1.33
1.45
1.41
1.87
1.74
1.94
1.94
1.73
1.58
1.35
1.80
2.07
2.22
1.90
1.89
1.98
1.87
2.07
2.13
2.17
2.06
1.93
1.93
1.65
1.51
1.13
0.87
0.90
0.87
0.92
0.75
0.68
0.59
0.56
0.51
0.54
0.44
0.47
0.47
0.50
0.56
0.56
0.57
0.47
0.54
0.60
0.59
0.59
0.57
0.77
0.79
1.10
1.25
1.73
1.73
1.95
1.87
1.77
1.46
1.20
1.07
1.06
1.19
1.59
1.44
1.74
1.66
1.37
1.86
2.57
2.49
2.48
3.26
4.09
3.44
2.83
2.95
2.82
2.66
3.00
2.64
2.45
2.19
1.67
1.76
1.62
1.56
1.56
1.46
1.38
1.52
1.28
1.21
0.94
0.71
0.66
0.63
0.59
0.57
0.54
0.41
0.43
0.47
0.49
1.01
1.21
1.36
1.38
1.21
1.32
1.34
1.39
1.29
1.61
1.33
1.52
1.44
1.73
1.79
1.70
1.66
1.38
1.40
1.32
1.31
1.61
1.70
1.52
1.89
2.37
2.62
2.60
2.95
3.48
3.63
3.95
3.90
4.01
3.37
3.85
3.29
2.90
2.83
2.91
3.26
2.60
2.47
1.94
1.49
1.21
0.91
0.85
0.84
0.88
0.77
0.71
0.67
0.53
0.50
0.56
0.55
0.61
0.61
0.80
0.82
0.74
0.86
1.20
1.21
1.28
1.17
1.56
1.49
1.42
1.47
1.67
1.71
1.55
1.77
1.52
1.82
1.58
1.54
1.57
1.61
1.55
2.15
2.18
2.05
1.99
2.12
2.58
2.20
2.38
2.51
2.42
2.15
2.33
2.31
2.11
2.05
1.77
1.59
1.60
1.88
1.79
1.38
1.12
0.87
0.76
0.56
0.57
0.50
0.53
0.46
0.44
0.40
0.37
0.40
0.52
0.56
0.61
0.93
1.08
1.09
0.95
1.18
1.16
1.34
1.42
1.74
1.84
1.37
1.17
1.03
1.39
1.17
2.09
1.80
2.21
1.84
2.26
2.62
2.62
2.61
3.22
3.04
2.80
3.05
3.38
2.68
2.50
2.25
2.47
2.18
2.20
2.37
1.95
1.56
1.30
1.12
1.10
1.05
0.94
0.88
0.78
0.65
0.55
0.56
0.50
0.55
0.66
0.62
0.65
0.65
0.84
0.70
0.65
0.89
0.84
0.78
0.66
1.14
1.02
1.58
1.37
1.53
1.26
1.05
1.40
1.43
1.35
1.35
1.48
1.33
1.20
1.25
1.64
1.65
2.23
2.49
2.56
3.11
4.08
3.65
3.63
2.95
3.03
2.89
3.02
3.21
2.94
3.19
3.05
3.01
2.47
2.20
2.24
1.85
1.64
1.38
1.08
0.92
0.81
0.77
0.75
0.65
0.57
0.54
0.49
0.45
0.58
0.55
0.65
0.68
0.83
0.95
0.90
1.33
1.33
1.46
1.52
1.63
1.95
1.74
1.58
1.46
1.45
1.51
1.65
1.33
1.26
1.20
1.43
1.95
1.74
1.72
2.07
2.17
2.90
2.65
2.05
2.80
3.35
3.86
2.82
2.31
2.28
2.48
2.75
2.20
2.41
2.56
2.51
2.91
2.32
2.33
2.09
1.87
2.21
1.99
1.82
1.62
1.44
1.21
1.17
1.09
0.88
0.76
0.61
0.59
0.55
0.52
0.65
0.66
0.69
0.87
1.98
2.28
2.66
3.00
2.77
2.52
2.42
2.08
2.08
1.60
1.84
2.29
2.62
2.64
2.34
2.05
1.96
2.28
2.34
2.42
2.66
2.34
2.29
2.28
3.00
2.82
2.90
3.28
3.14
3.43
3.29
3.52
3.36
3.19
2.86
2.40
2.52
1.96
1.79
1.63
1.46
1.15
1.16
1.04
0.85
0.67
0.59
0.47
0.50
0.46
0.51
0.49
0.49
0.69
0.90
0.88
1.31
1.17
1.08
1.05
1.14
1.07
0.92
1.07
0.87
0.95
1.07
1.06
0.93
0.80
0.80
0.78
0.77
0.65
0.63
0.94
0.83
0.76
0.75
0.84
0.88
