0.48
0.74
0.71
0.73
1.07
1.11
1.39
1.76
1.53
1.32
1.47
1.57
1.94
2.18
2.11
2.34
2.15
1.90
1.75
1.65
1.29
1.31
1.57
2.18
1.76
1.61
1.55
1.38
1.30
1.60
1.57
1.39
1.54
1.37
1.18
0.88
0.80
0.65
0.60
0.62
0.58
0.55
0.71
1.02
1.09
1.18
0.86
1.09
0.96
0.81
0.71
0.72
0.76
0.86
0.83
1.22
1.41
1.52
1.29
1.37
1.32
1.31
1.35
1.30
1.29
1.29
1.55
1.82
1.89
1.74
1.81
1.70
1.53
2.31
2.32
2.22
2.15
2.11
1.96
1.67
1.98
2.13
1.73
1.53
1.67
1.74
1.70
1.74
1.50
1.46
1.39
1.50
1.29
1.11
0.89
0.74
0.61
0.50
0.46
0.45
0.46
0.44
0.44
0.39
0.46
0.47
0.60
0.56
0.49
0.59
0.54
0.60
0.60
0.79
0.65
0.62
0.70
0.73
0.69
0.70
0.88
0.90
1.04
1.20
1.35
1.45
1.90
2.11
1.92
1.87
1.66
1.69
1.57
1.53
1.37
1.68
1.92
2.33
2.35
2.97
2.29
2.32
2.60
2.38
2.46
2.25
1.96
1.90
1.62
1.56
1.60
1.63
1.80
1.33
1.07
0.85
0.71
0.64
0.60
0.57
0.53
0.55
0.52
0.47
0.45
0.43
0.47
0.43
0.39
0.44
0.40
0.50
0.56
0.64
0.86
0.85
0.80
0.91
0.87
0.90
0.95
1.06
1.17
1.08
1.05
1.48
1.32
1.47
1.66
1.75
1.81
1.94
1.66
1.60
1.93
2.01
1.91
2.41
2.18
2.45
2.36
2.39
2.47
1.89
1.68
1.96
1.78
2.21
2.11
1.92
2.03
2.05
1.85
1.51
1.30
1.34
1.46
1.21
1.34
1.25
1.32
1.04
0.85
0.66
0.68
0.59
0.54
0.59
0.53
0.55
0.69
0.83
0.80
0.81
0.66
0.62
0.53
0.54
0.63
0.54
0.70
0.65
0.88
1.12
0.99
1.09
1.01
1.27
1.32
1.24
1.21
1.36
1.50
1.87
1.86
1.62
1.73
1.85
1.54
1.92
2.80
2.26
2.37
2.58
2.49
2.51
2.41
2.32
2.93
2.73
2.40
2.73
2.45
2.57
2.48
2.73
2.81
2.43
2.94
2.85
3.00
2.61
2.44
2.17
1.73
1.63
1.49
1.29
1.26
1.04
0.95
0.84
0.78
0.78
0.75
0.67
0.61
0.62
0.57
0.66
0.79
0.86
0.89
0.86
0.81
0.81
0.82
0.79
0.74
0.78
0.67
0.58
0.56
0.47
0.60
0.58
0.64
0.67
0.68
0.72
0.95
0.96
0.86
1.20
1.14
1.21
1.20
1.36
1.12
1.26
1.21
1.15
1.34
1.75
2.14
2.61
2.37
2.11
2.14
2.24
2.13
1.84
1.95
2.67
2.76
2.96
2.73
2.67
2.74
2.38
2.27
1.88
2.14
1.59
1.43
1.41
1.17
1.12
1.04
0.85
0.68
0.56
0.65
0.61
0.55
0.61
0.53
0.54
0.60
0.58
0.58
0.81
0.81
1.09
1.20
1.20
1.19
1.02
0.97
1.37
1.29
1.12
1.40
1.31
1.41
1.32
1.19
1.02
1.19
1.32
1.19
1.38
1.13
1.30
1.25
1.81
1.74
2.12
2.39
2.53
2.88
2.89
3.36
2.72
2.60
2.62
2.47
2.83
2.88
2.59
2.50
2.14
2.04
1.74
1.61
1.75
1.62
1.49
1.48
1.53
1.66
1.39
1.10
1.07
0.87
0.63
0.56
0.47
0.47
0.56
0.51
0.53
0.54
0.71
0.61
0.65
0.63
0.81
0.83
1.02
1.22
1.77
1.67
1.68
1.53
2.01
2.58
2.32
2.24
2.19
1.89
1.88
2.00
1.52
1.72
1.84
2.53
2.27
2.36
2.56
2.27
2.16
1.99
2.02
2.96
3.50
2.93
3.05
2.70
2.55
2.37
2.72
2.53
2.84
2.73
3.68
2.94
2.79
2.02
1.46
1.16
1.05
1.09
0.92
0.80
0.63
0.60
0.54
0.49
0.53
0.65
0.55
0.52
0.58
0.60
0.64
0.95
1.19
1.50
2.01
1.65
1.64
1.68
1.71
1.40
1.23
1.05
0.84
1.33
0.99
1.03
1.34
1.24
1.06
0.99
0.94
1.36
2.31
1.95
2.29
2.02
1.84
2.03
2.26
2.20
2.94
3.38
2.89
2.47
2.40
2.20
2.70
2.41
2.59
2.27
2.02
1.50
1.41
1.40
1.19
1.05
0.90
0.77
0.68
0.70
0.64
0.61
0.56
0.64
0.90
1.46
1.95
2.18
1.78
1.37
1.18
0.89
0.80
0.70
0.65
0.57
0.54
0.54
0.67
0.65
0.98
1.26
1.81
1.66
1.63
1.79
1.69
1.85
1.51
1.32
1.54
2.38
2.70
2.94
2.88
3.14
2.74
2.61
2.89
2.93
3.40
3.51
3.36
2.61
2.72
2.79
2.85
3.12
3.10
2.61
2.39
1.86
1.49
1.42
1.52
1.47
1.55
1.19
0.95
0.74
0.63
0.66
0.67
0.65
0.73
0.74
0.80
0.87
1.29
1.44
1.53
1.93
2.19
1.99
2.38
3.02
2.65
2.32
2.09
1.84
1.79
1.53
1.47
1.35
1.42
1.23
