2.52
2.28
2.33
1.80
2.10
1.93
1.74
1.85
1.96
2.15
2.08
1.81
1.74
1.48
1.79
1.82
1.53
1.68
1.78
1.73
1.78
1.60
1.59
1.49
1.25
1.08
0.98
0.87
0.76
0.67
0.84
0.80
1.01
1.07
1.05
1.04
1.17
0.93
1.27
1.05
1.29
1.31
1.14
1.16
1.26
1.26
1.42
1.52
1.55
1.61
1.74
1.63
1.66
1.77
1.86
1.79
1.41
1.59
1.90
2.11
2.66
2.43
2.32
2.65
2.25
2.33
2.47
2.50
2.36
2.05
2.02
2.14
2.06
2.28
2.16
1.76
1.46
1.26
1.10
0.82
0.72
0.63
0.55
0.65
0.57
0.52
0.62
0.63
0.86
1.08
1.06
1.14
0.96
0.92
0.88
0.90
0.79
0.78
0.65
0.67
0.95
1.10
1.33
1.53
1.43
1.56
1.64
1.87
1.84
1.87
2.24
2.31
1.98
2.11
2.31
2.21
2.43
2.30
1.86
2.04
1.91
2.04
2.36
2.50
2.32
1.83
1.59
1.44
1.31
1.52
1.85
1.50
1.54
1.25
0.93
0.83
0.65
0.55
0.48
0.42
0.43
0.42
0.45
0.52
0.60
0.69
0.84
1.07
1.23
1.05
1.01
1.05
0.81
0.71
0.69
0.82
0.72
0.72
0.93
1.20
1.08
1.07
0.96
0.92
1.21
1.24
1.19
1.37
1.53
1.94
2.10
2.36
2.42
2.54
2.51
2.46
2.82
2.82
2.88
3.00
2.97
2.64
2.30
2.16
2.38
2.10
1.99
2.19
2.08
1.82
1.46
1.11
0.95
0.84
0.68
0.62
0.56
0.52
0.51
0.57
0.83
0.86
1.18
1.72
2.00
1.97
1.54
1.50
1.70
2.03
1.60
1.51
1.52
1.78
1.86
1.91
2.10
1.99
2.24
2.77
2.60
2.94
2.95
3.18
2.91
2.45
2.11
1.99
2.25
2.28
2.28
1.99
2.01
1.89
1.85
1.55
1.44
1.59
1.54
1.39
1.25
1.08
1.01
0.78
0.81
0.70
0.65
0.70
0.80
0.85
1.00
0.95
1.15
1.22
1.09
1.07
0.88
0.95
0.75
1.10
0.89
0.77
0.73
1.00
1.04
0.85
1.06
1.04
1.33
1.22
1.19
1.34
1.50
1.69
2.47
2.83
2.54
3.00
2.85
2.57
2.32
2.73
2.90
3.14
2.78
2.92
2.94
2.66
2.56
2.31
2.03
1.81
1.53
1.37
1.61
1.51
1.43
1.13
0.94
0.74
0.65
0.61
0.74
0.90
1.21
1.15
1.06
1.02
1.04
1.10
1.14
1.15
1.27
1.13
1.30
1.27
1.44
1.13
1.19
1.30
1.10
1.22
1.29
1.18
1.74
1.50
1.30
1.80
1.77
1.76
2.41
1.97
2.32
2.34
2.61
3.13
2.68
2.74
2.83
3.03
3.41
2.82
2.58
2.49
2.94
2.82
2.49
2.67
2.14
1.98
1.65
1.22
0.89
0.85
0.76
0.62
0.55
0.53
0.51
0.57
0.57
1.04
1.33
1.85
2.41
2.27
2.51
2.11
1.88
2.19
1.96
1.63
1.60
1.48
1.41
1.34
1.26
1.25
1.56
2.03
1.96
2.17
1.85
2.11
2.52
2.61
2.74
2.31
2.44
2.26
2.56
2.47
2.13
2.12
2.24
2.62
2.36
2.65
2.34
2.92
2.76
2.39
1.70
1.52
1.20
0.83
0.79
0.70
0.59
0.51
0.49
0.54
0.52
0.56
0.55
0.71
0.89
1.12
1.42
1.30
1.21
1.07
1.20
1.10
1.90
1.88
1.43
1.88
1.53
1.61
1.35
1.42
1.53
1.34
1.48
1.76
1.75
2.20
2.20
2.21
2.70
3.29
3.95
3.46
3.96
4.01
3.64
3.50
3.17
3.76
4.02
3.67
3.27
3.83
4.24
3.65
4.21
3.08
2.38
1.84
1.30
0.97
0.79
0.74
0.76
0.73
0.82
1.02
0.94
0.79
0.78
0.92
1.34
1.32
1.56
1.95
2.21
2.62
2.83
3.05
2.66
2.20
2.54
2.22
2.27
1.97
1.73
1.67
1.62
1.63
1.96
2.06
2.06
2.36
2.34
2.44
2.84
2.76
2.54
2.72
3.61
3.15
3.12
4.19
4.44
4.11
3.15
3.30
3.17
2.57
2.44
2.00
2.16
1.78
1.79
1.53
1.56
1.25
1.11
0.82
0.69
0.56
0.54
0.72
0.81
0.89
0.72
0.68
0.60
0.58
0.73
0.78
1.13
1.55
1.57
1.86
1.44
1.15
1.38
1.16
1.12
0.82
0.88
1.04
1.01
0.87
0.70
0.99
1.59
1.21
1.44
1.41
1.36
1.29
1.07
1.24
1.06
0.91
0.98
0.79
0.57
0.47
0.41
0.36
0.32
0.31
0.31
0.27
