1.28
1.08
1.20
1.22
1.17
1.27
1.16
1.22
1.32
1.25
1.44
1.38
1.47
1.39
1.18
1.22
1.44
1.31
1.19
1.32
1.27
1.57
1.47
1.41
1.29
1.48
1.37
1.43
1.27
1.22
1.24
1.28
1.18
1.23
1.50
1.52
2.12
1.76
2.07
1.86
1.77
2.29
2.51
2.47
2.06
2.19
2.97
3.23
2.77
2.49
1.99
1.96
1.73
1.62
1.63
1.64
1.66
1.53
1.51
1.51
1.57
1.51
1.48
1.49
1.36
1.20
1.34
1.27
1.21
1.26
1.05
1.21
1.17
1.24
1.25
1.17
1.25
1.30
1.35
1.37
1.48
1.47
1.55
1.48
2.12
1.82
1.55
1.71
1.65
1.37
1.51
1.51
1.43
1.43
1.40
1.22
1.20
1.48
1.37
1.77
1.82
2.09
1.67
1.74
2.06
2.21
2.56
2.35
2.24
2.72
3.54
2.85
2.76
2.47
2.40
2.26
2.19
2.43
2.19
2.26
2.02
1.76
1.71
1.69
1.61
1.58
1.49
1.54
1.49
1.46
1.35
1.30
1.24
1.22
1.28
1.22
1.33
1.37
1.40
1.31
1.37
1.33
1.36
1.47
1.39
1.92
1.81
1.65
2.00
1.87
1.94
1.72
1.54
2.11
1.78
1.63
1.64
1.59
1.52
1.49
1.44
1.53
1.36
1.28
1.75
1.80
2.26
2.78
2.90
2.72
2.23
2.53
2.77
2.25
2.72
2.65
2.68
2.22
2.21
2.27
2.07
1.93
2.16
1.96
1.96
1.76
1.71
1.49
1.27
1.38
1.26
1.22
1.18
1.15
1.12
1.31
1.36
1.39
1.33
1.45
1.54
1.48
1.42
1.39
1.46
1.46
2.26
1.88
1.64
1.96
1.66
1.81
1.73
1.63
1.52
1.56
1.47
1.79
1.66
1.44
1.34
1.41
1.57
1.60
1.57
2.33
2.63
2.91
2.94
2.68
2.95
2.69
2.84
2.62
2.35
3.13
2.69
2.63
2.19
2.07
2.05
1.76
1.42
1.52
1.35
1.30
1.30
1.21
1.19
1.12
1.21
1.14
1.11
1.14
1.14
1.23
1.21
1.31
1.55
1.41
1.58
1.47
1.67
1.78
1.62
1.75
1.57
1.51
1.52
1.76
1.83
1.62
1.52
1.75
1.48
1.65
1.47
1.39
1.46
1.44
1.51
1.62
1.84
1.75
1.69
1.89
1.82
2.32
2.41
2.15
2.16
2.01
2.41
2.74
3.49
3.41
4.36
3.92
3.50
3.28
2.60
2.64
2.44
2.09
1.96
1.82
1.57
1.52
1.50
1.57
1.52
1.39
1.41
1.29
1.29
1.34
1.29
1.31
1.19
1.24
1.15
1.17
1.19
1.27
1.37
1.44
1.47
1.54
1.40
2.12
1.76
2.30
2.45
2.02
2.48
2.09
1.77
1.59
1.67
1.74
2.13
1.74
1.88
1.59
1.40
1.64
1.49
1.47
2.06
2.89
2.69
2.14
2.55
2.75
2.44
3.36
4.16
3.96
4.25
3.64
2.66
2.10
1.67
1.79
1.75
1.70
1.64
1.46
1.40
1.56
1.46
1.42
1.44
1.39
1.29
1.37
1.37
1.27
1.32
1.25
1.28
1.23
1.25
1.25
1.16
1.20
1.41
1.39
1.46
1.28
1.36
1.51
1.52
1.64
1.62
1.50
1.42
1.39
1.29
1.29
1.33
1.36
1.54
1.39
1.39
1.44
1.38
1.43
1.38
1.53
1.42
1.55
1.70
2.24
2.47
2.50
2.51
2.29
2.86
2.75
2.63
2.89
3.01
2.72
2.47
2.25
2.25
2.82
2.45
1.96
1.90
1.56
1.39
1.17
1.30
1.21
1.10
1.24
1.20
1.14
1.19
1.11
1.16
1.17
1.16
1.26
1.24
1.37
1.25
1.26
1.36
1.54
1.43
1.62
1.47
1.88
1.67
1.83
1.96
1.74
1.61
1.40
1.42
1.25
1.25
1.28
1.22
1.35
1.73
1.66
1.91
1.67
1.76
1.78
1.96
1.82
2.08
1.93
3.07
3.56
4.30
4.15
3.57
3.75
3.10
2.55
2.44
2.46
2.27
1.98
1.71
1.55
1.41
1.30
1.34
1.31
1.27
1.16
1.19
1.10
1.05
1.13
1.14
1.18
1.13
1.02
1.23
1.16
1.27
1.16
1.16
1.36
1.34
1.73
1.64
1.49
1.86
1.70
1.90
1.63
1.59
1.62
1.45
1.50
1.38
1.53
1.74
1.53
1.33
1.35
1.44
1.64
1.50
1.30
1.37
1.36
1.29
1.23
1.21
1.26
1.24
1.17
1.21
1.33
1.33
1.48
1.46
1.33
1.30
1.39
1.40
1.25
1.45
1.29
1.24
1.15
1.08
1.15
1.11
