1.72
1.51
1.31
1.33
1.35
1.48
1.32
1.42
1.33
1.30
1.35
1.38
1.64
1.49
1.29
1.44
1.68
1.58
1.74
1.59
1.53
1.63
1.97
1.58
1.50
1.36
1.85
2.46
1.88
2.28
2.59
2.75
2.51
2.34
2.66
2.50
2.09
1.87
1.51
1.61
1.35
1.28
1.17
1.28
1.26
1.46
1.34
1.42
1.28
1.34
1.29
1.08
1.11
1.05
1.13
1.08
1.04
1.16
1.10
1.26
1.25
1.21
1.45
1.45
1.81
1.65
1.57
2.26
1.88
1.62
1.48
1.40
1.24
1.34
1.47
1.60
1.60
1.78
1.86
2.14
2.08
2.62
2.48
2.48
2.17
1.84
1.65
1.51
1.46
1.33
1.38
1.37
1.30
1.19
1.26
1.23
1.30
1.22
1.23
1.26
1.28
1.20
1.12
1.16
1.20
1.22
1.39
1.41
1.36
1.55
1.45
1.83
1.60
1.75
1.69
1.47
1.59
1.85
1.59
1.63
1.56
1.68
1.63
1.85
2.55
2.79
2.51
2.70
2.48
2.17
2.15
1.97
1.99
1.74
1.52
1.38
1.31
1.28
1.22
1.26
1.17
1.21
1.14
1.00
1.24
1.23
1.11
1.09
1.03
1.22
1.15
1.24
1.42
1.50
1.39
1.63
1.56
1.60
1.55
1.43
1.49
1.56
1.33
1.50
1.59
1.72
1.71
2.06
1.70
2.19
2.34
2.59
3.09
2.69
2.41
2.01
1.69
1.60
1.65
1.38
1.24
1.23
1.22
1.22
1.09
1.25
1.19
1.13
1.09
1.04
1.13
1.09
1.05
1.33
1.31
1.51
1.40
1.35
1.39
1.33
1.55
1.48
1.50
1.33
1.62
1.95
1.74
2.04
1.98
1.96
1.74
1.62
1.64
1.95
2.02
1.94
1.89
1.78
1.72
1.62
1.70
1.79
1.53
1.47
1.41
1.54
1.49
1.60
1.57
1.54
1.43
1.30
1.20
1.19
1.15
1.13
1.39
1.38
1.62
1.54
1.51
1.56
1.47
1.95
1.84
1.69
2.03
1.71
1.99
2.32
2.10
1.87
1.95
1.71
1.75
1.89
1.96
2.17
2.77
2.40
2.30
2.60
2.31
2.30
2.24
2.32
2.20
1.94
1.94
1.55
1.52
1.44
1.43
1.28
1.22
1.21
1.07
1.15
1.19
1.28
1.49
1.38
1.54
1.47
1.35
1.39
1.44
1.29
1.25
1.28
1.52
1.39
1.67
1.68
1.54
1.74
1.60
1.78
1.85
1.67
1.83
1.84
1.74
1.64
1.50
2.32
3.85
3.28
3.22
4.41
3.59
3.38
2.74
2.62
2.29
2.42
2.17
1.90
1.87
1.70
1.66
1.64
1.53
1.47
1.54
1.39
1.34
1.27
1.36
1.27
1.10
1.16
1.17
1.11
0.97
1.00
1.24
1.19
1.39
1.36
1.25
1.36
1.44
1.42
1.37
1.71
1.78
1.67
1.78
1.62
1.42
1.58
1.34
1.31
1.41
1.32
1.20
1.16
1.16
1.33
1.20
1.21
1.27
1.09
1.32
1.42
1.37
1.39
1.38
1.36
1.18
1.23
1.32
1.31
1.33
1.21
1.18
1.25
1.15
1.19
1.16
1.11
1.12
1.13
