1.32
1.16
1.26
1.42
1.46
1.63
1.57
1.73
2.17
2.22
2.25
2.15
2.05
2.27
2.41
2.37
2.13
2.35
2.18
2.31
1.77
1.77
1.51
1.40
1.29
1.30
1.28
1.25
1.21
1.13
1.11
1.20
1.07
1.08
1.10
1.11
1.11
1.18
1.42
1.24
1.64
1.48
1.94
1.79
1.96
2.20
1.85
1.71
1.92
1.77
2.21
1.81
2.28
2.12
2.02
2.09
2.36
2.52
2.65
2.59
2.41
2.13
1.81
1.51
1.40
1.27
1.34
1.39
1.27
1.36
1.28
1.23
1.16
1.02
1.24
1.14
1.09
0.98
1.04
1.13
1.21
1.31
1.30
1.30
1.61
1.58
1.54
1.52
1.45
1.67
1.50
1.57
1.76
1.81
2.14
1.90
1.76
2.77
2.70
3.17
2.93
2.73
2.69
2.76
2.08
1.76
1.66
1.58
1.87
1.56
1.40
1.25
1.29
1.32
1.18
1.32
1.28
1.19
1.18
1.08
1.16
1.28
1.30
1.45
1.57
1.77
2.01
1.77
1.88
1.85
1.73
3.41
3.26
3.27
3.95
3.08
2.95
2.44
2.50
2.47
2.28
1.93
1.69
1.92
2.32
2.52
2.67
2.05
1.69
1.69
1.48
1.49
1.61
1.70
1.71
1.39
1.50
1.41
1.44
1.52
1.40
1.39
1.20
1.21
1.28
1.18
1.31
1.29
1.26
1.31
1.32
1.59
1.45
1.74
1.81
2.07
2.14
1.72
1.79
1.74
1.63
1.81
1.63
1.74
1.76
2.10
2.03
2.18
1.92
2.22
2.22
2.85
2.88
2.54
2.09
2.23
2.00
1.94
1.67
1.37
1.48
1.35
1.33
1.23
1.21
1.30
1.22
1.30
1.37
1.20
1.31
1.24
1.20
1.17
1.16
1.30
1.26
1.37
1.64
1.60
2.13
2.03
1.66
1.81
1.62
1.78
1.44
1.45
1.80
1.75
1.79
1.92
2.54
2.39
2.32
2.25
2.19
2.09
1.88
2.31
2.54
2.69
2.81
2.21
2.23
1.84
1.65
1.40
1.61
1.71
1.50
1.48
1.46
1.41
1.40
1.30
1.25
1.21
1.18
1.17
1.03
1.31
1.20
1.71
1.51
1.96
1.96
1.79
2.44
2.03
2.34
2.17
1.80
2.00
1.72
1.69
1.86
1.78
1.74
1.65
1.68
2.01
1.82
2.19
2.93
2.80
3.13
2.96
2.98
3.13
2.82
2.66
2.63
2.22
2.03
1.85
1.63
1.52
1.32
1.34
1.46
1.53
1.51
1.46
1.30
1.30
1.13
1.15
1.11
1.11
1.24
1.13
1.29
1.23
1.17
1.24
1.13
1.26
1.24
1.31
1.28
1.98
1.88
1.71
1.54
1.39
1.31
1.23
1.17
1.11
1.17
1.13
1.12
1.20
1.14
1.14
1.16
1.24
1.23
1.26
1.36
1.25
1.17
1.29
1.18
1.18
1.24
1.17
1.21
1.19
1.23
1.19
1.11
1.39
1.23
1.16
1.15
1.09
1.09
1.08
1.14
1.23
