1.46
1.52
1.62
1.51
1.48
1.37
1.34
1.43
1.34
1.23
1.27
1.48
1.58
1.49
1.69
1.55
1.59
1.41
1.36
1.35
1.33
1.24
1.33
1.33
1.64
1.52
1.31
1.50
1.60
2.06
1.86
1.53
1.69
2.06
2.61
3.11
2.87
2.93
2.61
2.79
2.43
2.23
2.01
1.76
1.44
1.40
1.35
1.33
1.48
1.31
1.39
1.18
1.18
1.20
1.16
1.15
1.16
1.09
1.21
1.25
1.25
1.27
1.44
1.59
1.45
1.93
1.69
1.49
1.52
1.49
1.34
1.63
1.49
1.71
1.68
1.63
1.75
2.03
1.99
2.39
2.14
1.76
1.99
1.74
1.83
2.08
2.19
1.91
2.23
1.81
2.06
2.04
1.75
1.50
1.61
1.57
1.72
1.44
1.35
1.33
1.31
1.31
1.36
1.13
1.24
1.25
1.15
1.22
1.16
1.35
1.27
1.46
1.37
1.26
1.56
1.45
1.27
1.50
1.34
1.91
1.67
1.46
1.56
1.72
1.65
1.73
2.04
2.13
2.71
2.39
2.32
2.49
2.02
1.96
2.04
1.90
1.68
1.52
1.48
1.27
1.18
1.10
1.25
1.13
0.99
1.03
1.02
1.04
1.09
1.03
0.98
1.06
1.10
1.09
1.03
1.30
1.21
1.37
1.36
1.25
1.59
1.52
1.49
1.75
1.54
1.35
1.48
1.52
1.48
1.58
1.59
1.84
2.00
1.86
2.17
2.19
2.02
2.36
2.34
1.97
1.80
2.09
1.85
1.59
1.66
1.58
1.42
1.37
1.30
1.31
1.09
1.10
1.23
1.08
1.09
1.26
1.41
1.43
1.39
1.43
1.24
1.34
1.55
1.41
1.60
1.50
1.50
1.36
1.33
1.31
1.23
1.19
1.20
1.41
1.52
1.68
1.70
1.74
1.58
1.79
1.99
2.70
2.27
2.46
2.19
2.11
1.86
2.01
1.89
1.94
1.84
1.98
1.65
1.48
1.42
1.41
1.49
1.42
1.36
1.30
1.42
1.19
1.37
1.44
1.36
1.27
1.17
1.29
1.18
1.17
1.37
1.24
1.19
1.30
1.19
1.18
1.28
1.47
1.53
1.46
1.68
1.43
1.48
1.88
1.65
2.19
1.84
2.29
2.37
2.42
2.27
1.90
1.95
1.72
2.12
1.96
2.14
1.99
2.20
1.90
1.74
1.71
1.64
1.49
1.45
1.31
1.27
1.13
1.13
1.06
1.03
1.09
1.12
1.18
1.44
1.46
1.52
1.38
1.76
1.48
1.90
1.72
2.42
2.87
2.27
3.28
3.13
2.77
3.14
2.51
2.96
2.64
2.42
2.19
2.59
2.69
3.45
2.97
2.45
2.76
2.47
2.04
1.78
1.73
1.73
1.57
1.40
1.50
1.40
1.41
1.39
1.27
1.34
1.19
1.34
1.34
1.24
1.13
1.30
1.35
1.51
1.37
1.40
1.26
1.18
1.28
1.23
1.27
1.20
1.25
1.16
1.13
1.14
1.21
1.36
1.33
1.32
1.38
1.55
1.40
1.30
1.17
1.20
1.19
1.13
1.20
1.28
1.19
1.29
1.19
1.31
1.26
1.27
1.20
1.15
1.35
1.30
1.17
1.26
1.16
1.18
1.13
1.21
1.24
1.31
1.36
1.32
1.25
1.25
1.29
1.19
1.26
1.29
1.29
1.15
1.09
1.15
1.10
1.11
1.10
1.02
1.08
1.00
1.01
1.04
0.94
1.13
1.07
1.05
1.16
