0.72
0.70
0.60
0.54
0.50
0.52
0.61
0.62
0.60
0.50
0.61
0.65
0.75
0.82
0.91
1.13
1.45
1.53
2.21
2.08
2.95
2.96
3.20
2.66
2.89
2.55
2.51
2.52
2.21
1.80
1.80
1.49
1.28
1.11
1.07
0.94
0.98
1.15
1.29
1.25
1.12
1.14
0.96
0.97
0.93
0.87
0.87
0.86
0.86
0.86
0.79
0.88
0.81
0.99
0.89
0.91
1.03
1.32
1.69
1.89
3.04
2.85
3.02
2.63
2.65
2.45
2.18
2.71
2.74
2.47
2.19
1.82
1.75
1.31
1.12
1.08
0.92
1.10
1.09
1.57
1.27
1.56
1.37
1.25
1.01
0.98
0.81
0.77
0.69
0.73
0.63
0.56
0.69
0.82
1.04
1.05
1.01
1.01
1.00
1.10
1.50
1.63
1.58
1.46
1.95
1.81
2.39
2.44
2.35
2.20
1.84
1.77
1.50
1.19
0.88
0.80
0.80
1.12
0.93
0.90
1.06
0.95
0.83
0.77
0.71
0.63
0.62
0.53
0.63
0.64
0.87
0.87
0.81
1.07
0.93
0.92
0.86
0.77
0.78
0.80
1.03
1.49
1.79
1.67
1.43
1.17
1.44
1.77
2.28
2.11
2.17
1.69
1.48
1.24
1.14
0.87
0.95
0.79
0.87
1.03
1.19
1.32
1.11
1.25
1.13
1.01
0.87
0.78
0.84
0.78
0.72
0.69
0.82
0.89
0.80
1.15
1.19
1.03
1.23
1.17
1.19
1.15
1.35
1.64
1.56
1.59
1.68
1.40
1.72
1.91
2.55
2.28
2.21
2.15
2.16
1.97
1.83
1.61
1.52
1.44
1.45
1.24
1.38
1.20
1.21
1.17
1.11
1.08
0.99
1.01
0.90
0.94
0.92
0.89
0.99
0.93
1.03
0.94
1.17
1.15
1.00
1.36
1.43
1.64
2.51
2.88
2.88
2.56
2.32
1.85
2.07
1.87
2.18
1.96
1.64
1.71
1.58
1.75
1.61
1.68
1.63
1.63
1.45
1.54
1.52
1.68
1.29
1.61
1.61
1.35
1.19
1.00
0.89
0.63
0.89
0.78
1.02
1.13
1.20
1.19
1.35
1.69
1.63
1.86
1.49
1.20
1.26
1.18
1.70
1.91
2.39
2.05
1.64
1.88
1.99
1.91
2.12
2.89
2.40
2.17
1.92
1.86
1.50
1.46
1.44
1.40
1.61
1.48
1.59
1.39
1.24
1.19
1.11
1.22
1.15
1.09
1.10
1.10
1.04
1.28
1.36
1.81
1.85
1.82
1.97
1.89
1.65
1.65
1.62
1.58
1.79
2.34
2.95
2.52
1.98
1.42
1.76
1.77
1.54
1.97
1.98
1.85
1.60
1.32
1.26
1.22
1.40
1.23
1.36
1.26
1.50
1.30
1.25
1.17
1.39
1.12
1.35
1.40
1.53
1.35
1.61
1.46
1.45
1.50
1.63
1.68
1.73
1.69
1.48
1.53
1.55
1.59
1.77
2.12
2.43
2.33
2.29
1.64
1.30
1.21
1.24
1.30
1.48
1.51
1.50
1.65
1.79
1.66
1.54
1.47
1.52
1.41
1.49
1.40
1.52
1.16
1.00
1.21
1.49
1.38
1.45
1.37
1.47
1.29
1.23
1.29
1.04
1.29
1.18
1.25
1.02
1.33
1.24
1.50
1.52
2.07
2.27
2.74
3.00
3.44
2.39
2.23
2.15
1.88
1.87
1.76
1.79
2.42
2.38
2.58
2.61
2.61
2.54
2.39
2.06
1.84
1.56
1.33
1.78
1.36
1.26
1.36
1.66
1.82
1.88
1.94
1.76
1.75
1.45
1.46
1.32
1.21
