1.21
1.16
1.20
1.18
1.21
1.17
1.37
1.31
1.22
1.20
1.79
2.32
2.07
2.14
1.81
1.88
1.74
1.83
1.81
1.70
1.86
1.78
1.61
1.58
1.36
1.38
1.34
1.22
1.22
1.22
1.27
1.22
1.16
1.06
1.02
1.04
1.05
1.01
1.12
1.10
1.05
0.99
1.03
1.01
1.19
1.14
1.49
1.65
1.43
1.53
1.43
1.55
1.38
1.76
1.60
1.67
1.67
1.75
1.88
2.00
1.92
2.19
1.96
1.62
1.87
1.71
1.48
1.38
1.29
1.22
1.14
1.19
1.19
1.10
1.18
1.21
1.14
1.10
1.12
1.19
1.24
1.10
1.10
1.06
1.14
1.04
1.07
1.13
1.08
1.41
1.31
1.44
1.49
1.47
1.51
1.58
1.53
1.50
1.35
1.77
1.71
1.72
2.09
2.05
1.76
1.62
1.53
1.84
1.62
2.05
2.48
2.05
1.82
1.62
1.49
1.25
1.23
1.29
1.36
1.23
1.29
1.24
1.10
1.21
1.07
1.14
1.07
1.14
1.25
1.10
1.28
1.19
1.21
1.23
1.17
1.52
1.41
1.34
1.67
1.42
1.40
1.48
1.41
1.63
1.46
1.35
1.42
1.56
1.95
1.67
1.79
1.45
1.53
1.73
1.55
1.58
1.54
1.42
1.39
1.25
1.31
1.10
1.09
1.36
1.34
1.33
1.38
1.29
1.25
1.19
1.06
1.01
1.05
1.08
1.20
1.10
1.07
1.11
1.12
1.18
1.11
1.20
1.14
1.22
1.23
1.41
1.30
1.30
1.30
1.52
1.42
1.48
1.66
2.03
2.26
2.56
2.38
2.30
2.14
2.45
1.88
1.60
1.77
1.46
1.80
1.54
1.64
1.60
1.39
1.34
1.22
1.13
1.19
1.20
1.14
1.21
1.21
1.23
1.25
1.17
1.30
1.35
1.28
1.49
1.37
1.38
1.38
1.32
1.40
1.35
1.39
1.42
1.44
1.49
1.56
1.48
1.58
1.39
1.65
1.65
2.03
1.63
2.77
2.52
2.05
2.10
2.00
1.76
1.48
1.43
1.27
1.22
1.14
1.15
1.13
1.13
1.15
1.12
1.16
1.13
1.07
1.13
1.02
1.05
1.01
0.90
1.05
0.98
1.15
1.33
1.52
1.37
1.23
1.25
1.21
1.23
1.27
1.19
1.51
1.37
1.85
1.75
1.56
1.67
1.44
1.69
1.51
1.65
1.56
1.90
1.99
1.83
2.43
2.51
2.02
1.90
2.02
2.26
1.88
1.72
1.55
1.51
1.40
1.70
1.77
1.57
1.44
1.29
1.17
1.17
1.22
1.06
1.13
1.05
1.15
1.14
1.05
1.13
1.09
1.13
1.16
1.33
1.23
1.18
1.42
1.60
1.46
1.58
1.62
2.07
1.74
1.77
1.59
1.73
1.79
2.13
2.12
1.82
1.59
1.45
1.23
1.33
1.77
1.63
1.58
