2.27
1.93
2.17
1.97
1.86
1.62
1.74
1.72
1.36
1.32
1.26
1.34
1.41
1.34
1.23
1.19
1.73
1.80
1.54
1.59
1.82
1.99
1.70
2.02
1.74
2.22
2.38
2.78
2.74
2.55
2.69
3.00
3.05
2.82
2.75
2.64
3.11
2.86
2.40
2.50
2.96
3.10
2.52
2.16
2.01
1.71
1.72
1.59
1.50
1.28
1.41
1.39
1.33
1.29
1.09
1.13
1.18
1.09
1.11
1.07
1.05
1.08
1.26
1.28
1.37
1.32
1.31
1.71
1.55
1.60
1.61
1.66
1.79
1.85
1.96
1.75
3.45
2.85
3.20
3.01
3.16
3.58
3.71
3.92
4.19
4.26
3.49
3.47
3.18
3.22
3.21
3.41
3.17
2.61
2.16
1.87
1.69
1.71
1.55
1.45
1.44
1.41
1.39
1.32
1.21
1.33
1.28
1.35
1.09
1.31
1.30
1.25
1.11
1.22
1.32
1.34
1.44
1.74
2.29
1.92
1.80
1.56
1.75
1.68
1.67
1.91
1.77
1.73
2.18
2.69
2.73
2.61
3.48
3.88
3.39
3.61
3.66
3.90
3.97
3.58
3.14
3.05
2.43
2.12
2.00
1.69
1.54
1.62
1.59
1.36
1.21
1.19
1.32
1.33
1.11
1.21
1.15
1.15
1.21
1.21
1.22
1.18
1.16
1.18
1.19
1.51
1.52
1.30
1.48
1.36
2.41
2.03
1.69
1.68
1.50
1.51
1.53
1.64
2.28
2.32
2.43
2.17
1.91
2.63
3.03
3.68
3.35
3.80
3.91
3.68
4.69
3.91
3.48
3.32
2.76
2.64
2.14
1.95
1.74
1.75
1.38
1.43
1.38
1.31
1.18
1.14
1.23
1.24
1.10
1.34
1.34
1.30
1.25
1.30
1.32
1.36
1.40
1.50
1.52
1.52
1.72
1.59
1.93
1.77
1.68
2.04
1.78
1.67
1.78
1.62
1.53
1.69
1.65
1.97
2.28
2.77
2.77
3.80
2.75
3.84
3.62
3.54
4.32
3.83
4.67
4.78
4.14
3.90
3.32
2.90
2.64
2.24
2.05
1.99
1.80
1.81
1.80
1.67
1.54
1.31
1.20
1.16
1.18
1.19
1.20
1.09
1.15
1.14
1.19
1.17
1.13
1.35
1.38
2.02
1.73
1.96
1.62
1.62
1.52
1.37
1.35
1.37
1.72
2.33
2.27
3.12
2.87
2.60
3.76
3.26
3.19
2.90
3.24
4.03
3.84
3.36
3.62
3.39
2.93
2.51
2.01
1.91
1.74
1.95
1.93
1.87
1.85
1.68
1.33
1.22
1.10
1.36
1.30
1.24
1.16
1.19
1.27
1.28
1.25
1.58
1.39
1.52
1.61
1.54
1.54
1.95
1.63
1.56
1.45
1.58
1.50
1.77
1.85
1.85
1.99
2.31
3.57
2.80
3.05
3.43
3.88
3.62
3.44
4.10
4.55
3.87
3.81
3.47
3.01
2.90
2.58
2.40
2.19
1.83
1.61
1.71
1.82
1.94
1.73
1.49
1.60
1.46
1.46
1.36
1.25
1.19
1.14
1.15
1.15
1.19
1.30
1.22
1.60
1.43
1.37
1.36
1.54
1.44
1.48
