1.29
1.10
1.21
1.27
1.33
1.25
1.32
1.41
1.39
1.80
1.92
1.68
1.66
1.65
1.79
1.73
1.66
1.71
1.49
1.40
1.31
1.29
1.36
1.31
1.21
1.35
1.30
1.28
1.17
1.12
1.22
1.23
1.22
1.31
1.23
1.36
1.30
1.15
1.43
1.55
2.26
2.60
2.79
2.90
3.57
4.37
4.20
4.12
4.50
4.16
3.94
3.61
3.04
2.56
1.99
1.71
2.02
1.78
1.94
1.72
1.74
1.56
1.29
1.46
1.37
1.35
1.28
1.14
1.12
1.07
1.14
1.09
1.24
1.35
1.28
1.29
1.39
1.71
1.64
2.18
2.17
2.59
2.50
2.21
2.40
2.36
2.48
2.29
2.85
2.65
2.55
2.58
3.02
2.93
3.34
3.58
3.15
3.44
3.43
3.19
2.61
2.52
2.45
2.22
2.03
1.76
1.64
1.70
1.62
1.47
1.57
1.43
1.45
1.37
1.52
1.52
1.25
1.25
1.34
1.18
1.25
1.43
1.53
1.57
1.51
1.84
1.89
1.91
1.96
1.75
1.81
1.68
2.07
1.80
1.67
1.78
1.92
2.80
2.75
2.71
2.80
2.85
2.75
3.19
3.32
3.34
3.14
2.82
2.71
2.19
1.96
1.83
1.44
1.56
1.56
1.42
1.42
1.45
1.45
1.38
1.63
1.44
1.30
1.22
1.20
1.37
1.43
1.25
1.29
1.28
1.75
1.70
1.89
1.70
1.74
2.68
2.48
2.36
2.22
2.48
2.83
2.23
2.57
2.18
2.32
2.49
2.41
2.97
2.92
3.45
3.26
3.33
3.76
3.53
3.14
3.75
3.92
3.70
3.39
3.40
3.14
2.65
2.27
2.11
2.14
1.77
2.02
2.00
1.70
1.63
1.56
1.44
1.46
1.31
1.31
1.45
1.35
1.30
1.30
1.33
1.50
1.53
1.69
1.58
2.25
2.53
2.07
2.09
1.96
1.84
1.79
1.72
1.57
1.74
1.80
2.36
2.24
2.70
2.40
2.55
2.65
2.56
2.55
2.99
3.37
4.21
3.70
3.71
3.24
2.78
2.45
1.98
1.76
1.96
2.13
2.18
2.18
2.02
1.71
1.69
1.46
1.31
1.46
1.43
1.31
1.49
1.40
1.48
1.36
1.24
1.38
1.33
1.48
1.41
1.70
1.65
1.66
1.66
1.52
2.04
1.99
1.81
1.51
1.55
1.60
1.51
1.68
2.09
2.10
2.12
2.45
2.74
3.21
3.94
3.71
3.37
3.28
2.58
2.20
2.23
2.09
1.97
1.74
1.44
1.72
1.66
1.56
1.70
1.53
1.37
1.28
1.36
1.26
1.21
1.32
1.10
1.10
1.30
1.45
1.37
1.55
1.47
1.37
1.70
1.53
1.75
1.63
1.51
1.42
1.32
1.35
1.39
1.76
1.68
1.53
1.58
1.51
2.03
2.51
2.61
2.89
2.73
3.57
3.39
4.27
3.53
3.71
3.42
3.30
3.26
2.93
2.66
2.84
2.38
2.22
2.36
2.30
2.56
2.36
1.99
1.77
1.56
1.52
1.60
1.39
1.47
1.31
1.32
1.41
1.24
1.17
1.21
1.17
1.26
1.66
1.95
1.78
1.84
1.73
1.66
1.62
1.50
1.53
1.48
1.38
1.40
1.33
1.29
1.32
1.30
1.38
1.29
1.28
1.31
1.31
1.34
