1.79
1.75
2.13
2.17
2.49
2.46
2.04
1.75
1.65
1.75
1.90
2.30
2.41
2.28
2.75
2.05
2.69
4.15
4.49
3.99
3.90
4.07
4.46
4.55
3.91
3.59
2.87
2.47
2.28
2.25
2.11
1.82
1.58
1.82
1.98
1.52
1.53
1.58
1.46
1.31
1.31
1.18
1.12
1.03
1.06
1.08
1.16
1.30
1.45
1.71
1.62
1.85
2.25
1.88
2.27
2.75
2.47
2.31
2.18
1.95
2.60
2.83
2.38
3.36
3.55
3.98
3.56
4.65
3.70
3.94
3.57
3.35
3.13
3.09
2.58
2.44
2.07
1.96
1.74
1.73
1.72
1.63
1.49
1.49
1.52
1.48
1.56
1.43
1.39
1.36
1.29
1.37
1.29
1.30
1.69
1.88
2.20
2.64
2.40
2.72
2.31
2.49
2.06
2.19
1.91
1.71
1.70
2.05
2.36
2.65
4.80
4.78
4.33
4.00
4.41
3.90
3.77
3.66
3.07
2.89
2.60
2.13
2.88
2.58
2.14
2.19
1.97
1.99
1.98
1.63
1.61
1.52
1.51
1.53
1.40
1.34
1.27
1.21
1.11
1.35
1.41
2.11
1.81
2.26
2.73
2.30
2.63
2.36
2.70
2.76
2.36
2.43
2.28
2.79
3.38
3.82
4.11
4.22
4.09
4.06
4.57
3.98
4.18
3.61
4.08
3.74
3.43
2.87
2.61
2.51
2.84
2.60
2.71
2.75
2.32
1.99
1.82
1.54
1.55
1.57
1.67
1.51
1.72
1.53
1.48
1.52
1.53
1.72
1.82
1.92
2.01
2.17
1.94
1.84
1.81
1.68
1.62
1.72
1.57
1.52
1.64
1.51
1.73
1.53
2.04
1.99
2.72
3.40
3.70
4.29
4.29
4.42
4.78
4.65
4.33
3.85
3.19
2.59
2.66
2.34
2.12
2.10
2.21
2.69
2.74
3.19
2.51
2.20
1.76
1.80
1.66
1.71
1.48
1.30
1.27
1.14
1.39
1.30
1.28
1.26
1.66
1.84
1.59
1.88
1.74
1.99
1.82
1.73
1.54
1.54
1.63
1.42
2.52
2.41
2.77
2.83
4.13
4.47
4.57
4.78
4.73
4.42
4.78
4.35
4.06
3.40
2.96
2.95
2.49
2.14
2.09
2.43
2.23
2.01
1.58
1.59
1.38
1.53
1.41
1.44
1.48
1.45
1.54
1.60
1.45
1.19
1.15
1.23
1.39
1.41
1.45
1.59
1.52
1.53
1.64
1.58
1.86
2.14
1.98
1.76
1.96
1.95
1.87
1.87
2.17
2.49
2.44
2.98
3.38
3.77
4.09
3.66
3.66
4.75
4.18
3.98
3.74
3.42
3.41
3.26
2.85
2.53
2.74
2.60
2.14
2.14
1.62
1.29
1.48
1.60
1.44
1.23
1.17
1.38
1.50
1.33
1.36
1.31
1.45
1.49
1.65
1.76
1.75
2.03
1.94
1.75
1.65
1.55
1.60
1.50
1.40
1.45
1.44
1.35
1.34
1.32
1.33
1.30
1.26
1.30
1.21
1.35
1.23
1.26
1.33
1.31
1.35
1.35
1.25
1.30
1.25
1.26
1.20
1.13
1.22
1.11
1.00
1.13
1.09
1.16
1.05
1.08
1.13
1.10
1.16
1.15
1.03
1.06
1.09
1.04
1.09
0.94
1.09
1.11
1.13
1.06
0.97
1.03
1.07
0.99
0.99
0.95
1.02
1.01
0.96
1.02
0.93
0.94
0.97
0.93
0.92
0.92
0.95
0.89
0.90
1.03
1.00
0.99
0.99
0.91
0.95
0.90
0.85
0.82
0.81
0.95
0.96
0.92
0.94
0.91
