1.26
1.33
1.87
2.25
2.54
2.74
2.83
3.62
3.86
3.64
3.91
4.33
4.14
3.14
2.80
2.42
2.11
1.86
1.85
1.75
1.53
1.46
1.35
1.26
1.22
1.28
1.18
1.29
1.23
1.13
1.15
1.19
1.13
1.47
1.41
1.47
1.47
1.40
1.62
1.55
1.82
1.70
1.62
1.93
1.87
1.90
2.31
2.51
2.84
2.36
1.90
2.06
1.93
2.81
3.18
3.37
2.83
2.77
2.27
2.38
2.40
2.06
2.17
1.83
1.68
1.54
1.33
1.22
1.15
1.13
1.09
1.15
1.09
1.11
1.11
1.16
1.13
1.17
1.18
1.60
1.59
1.95
2.20
2.07
1.96
1.97
2.02
1.96
1.78
1.72
1.70
1.93
2.65
2.70
3.13
3.87
3.47
4.06
3.88
3.76
3.61
2.89
2.57
2.08
2.30
2.06
1.73
1.52
1.41
1.40
1.11
1.04
1.07
1.02
1.08
1.24
1.09
1.11
1.03
1.00
1.22
1.18
1.49
1.44
2.01
1.83
1.73
1.98
1.74
1.64
1.68
1.41
2.60
2.07
2.24
2.34
2.43
2.64
2.68
2.63
2.62
2.95
3.37
3.22
2.99
3.33
3.30
3.81
3.43
2.82
2.16
1.86
1.69
1.53
1.25
1.29
1.52
1.34
1.26
1.18
1.12
1.17
1.13
1.20
1.09
1.12
1.09
1.16
1.39
1.66
1.71
1.54
1.89
1.58
1.72
1.59
1.68
1.65
1.43
1.54
1.68
1.44
1.54
2.08
2.05
1.83
2.24
3.75
3.28
3.54
3.69
4.07
4.82
4.07
3.12
2.87
2.34
2.39
2.32
1.97
1.77
1.75
1.56
1.63
1.50
1.38
1.29
1.25
0.99
1.12
1.18
1.13
1.23
1.33
1.45
1.53
1.58
2.24
2.12
1.84
2.54
2.12
1.92
1.86
1.76
1.62
1.81
2.34
2.39
2.21
2.80
2.60
2.50
3.21
3.30
3.86
4.48
4.05
3.57
2.77
2.66
2.13
2.16
2.34
1.99
2.17
2.00
1.87
1.73
1.50
1.45
1.44
1.35
1.26
1.32
1.31
1.33
1.35
1.46
1.47
1.73
1.55
1.85
1.75
1.92
1.68
2.17
2.23
1.87
1.90
1.96
1.88
1.63
1.90
2.22
2.33
2.13
2.32
2.04
2.57
3.70
3.65
3.69
3.83
3.79
3.88
3.13
2.57
2.51
2.31
2.07
2.07
2.33
2.30
2.26
2.31
1.87
1.78
1.58
1.50
1.37
1.48
1.43
1.25
1.27
1.25
1.24
1.30
1.33
1.32
1.82
1.74
2.28
2.17
1.85
1.91
1.74
1.66
1.79
1.67
1.52
1.52
1.45
1.41
1.37
1.31
1.29
1.25
1.16
1.30
1.23
1.24
1.23
1.27
1.31
1.28
1.27
1.20
1.35
1.30
1.21
1.14
1.17
1.09
1.09
1.06
1.07
1.01
0.99
1.04
1.09
0.99
1.06
1.07
1.00
1.01
0.88
0.97
0.89
