1.22
1.30
1.29
1.29
1.42
1.54
1.67
2.55
2.59
3.90
3.57
3.52
3.61
3.09
3.98
3.92
3.92
3.37
2.99
2.78
2.19
1.96
1.74
1.66
1.96
1.71
1.64
2.43
2.16
1.66
1.36
1.37
1.26
1.22
1.34
1.30
1.17
1.13
1.07
1.14
1.11
1.20
1.33
1.38
1.71
1.53
1.54
1.88
1.65
1.61
1.55
1.37
1.29
1.51
1.68
1.71
1.60
1.81
2.32
2.99
3.30
3.20
3.63
3.07
2.82
2.64
2.13
2.33
1.94
1.92
1.64
1.47
1.51
1.35
1.52
1.45
1.36
1.29
1.22
1.17
1.10
1.10
1.06
1.05
1.00
1.27
1.13
1.21
1.21
1.14
1.31
1.61
1.60
1.77
1.64
1.47
1.87
1.66
1.86
1.85
2.16
2.34
2.02
2.15
2.49
2.34
2.96
3.14
3.04
2.94
2.64
2.84
2.43
2.58
2.65
2.36
2.04
1.98
1.85
1.72
1.56
1.56
1.41
1.33
1.27
1.11
1.27
1.20
1.27
1.13
1.30
1.29
1.40
1.49
1.56
1.66
1.62
1.47
1.60
1.41
1.33
1.40
1.36
1.31
1.73
1.69
2.58
2.28
2.07
2.21
2.20
2.54
3.18
3.64
4.37
4.01
3.45
2.84
2.34
2.32
2.29
2.34
2.24
1.94
1.93
1.78
1.80
1.61
1.49
1.39
1.54
1.52
1.35
1.33
1.29
1.28
1.25
1.19
1.13
1.39
1.37
1.49
1.52
1.52
1.46
1.88
1.80
1.70
1.52
1.78
2.02
2.10
1.78
2.07
2.05
2.32
2.10
2.54
2.40
3.22
3.47
3.82
3.29
2.98
2.86
2.75
2.49
2.01
2.13
1.90
1.78
1.65
1.61
1.49
1.43
1.29
1.44
1.37
1.63
1.37
1.45
1.40
1.41
1.24
1.25
1.72
1.57
1.52
1.50
1.52
1.64
1.54
1.59
1.74
1.81
1.92
1.78
1.89
1.62
1.73
2.40
3.61
3.12
3.02
3.26
4.18
4.42
3.89
3.79
3.86
4.36
4.12
4.18
3.38
2.82
2.41
2.22
1.84
1.97
1.91
1.86
1.53
1.48
1.28
1.21
1.28
1.58
1.46
1.34
1.26
1.16
1.12
1.18
1.32
1.91
1.76
1.82
1.94
2.19
2.15
2.87
3.01
2.83
2.83
2.56
3.04
2.59
2.32
2.44
4.03
4.78
4.79
4.78
4.78
4.75
4.82
4.76
4.78
4.77
4.83
4.78
4.14
3.28
2.69
2.18
2.09
1.95
1.86
1.89
1.87
1.89
1.58
1.63
1.57
1.68
1.56
1.72
1.63
1.42
1.28
1.25
1.29
1.35
1.37
1.38
1.44
1.54
1.43
1.49
1.45
1.56
1.52
1.41
1.29
1.40
1.86
1.85
2.33
2.16
2.04
1.93
2.06
2.37
2.17
2.55
2.37
2.44
2.12
2.73
2.12
2.63
2.14
1.88
1.70
1.43
