1.69
1.43
1.83
1.75
1.77
2.34
2.47
2.39
2.32
2.08
2.28
1.98
2.25
2.25
2.40
2.77
3.04
3.75
4.36
4.54
4.06
4.21
4.78
4.77
4.78
4.78
4.78
4.78
4.43
3.84
3.27
2.95
2.54
2.27
2.15
1.82
1.68
1.67
1.82
1.80
1.69
1.55
1.39
1.30
1.22
1.24
1.26
1.20
1.37
1.30
1.20
1.17
1.15
1.15
1.49
1.72
1.63
1.59
1.65
1.62
1.77
2.50
2.14
2.78
2.33
2.60
2.35
2.76
2.89
2.97
3.45
3.29
3.25
3.92
3.89
3.64
3.90
4.29
4.77
4.78
4.76
4.80
4.78
4.76
3.93
3.39
2.87
2.66
2.39
2.10
2.10
1.94
2.26
1.96
1.81
1.67
1.39
1.32
1.15
1.17
1.04
1.07
1.13
1.14
1.27
1.21
1.15
1.26
1.31
1.70
1.80
2.02
1.80
2.06
1.99
1.96
2.74
2.64
2.82
2.54
2.33
2.84
2.83
2.84
3.05
3.24
4.23
4.78
4.78
4.76
4.50
4.61
4.78
4.77
4.82
4.77
4.72
3.88
2.87
2.57
2.44
2.24
2.20
2.21
2.30
2.03
1.95
1.68
1.69
1.45
1.31
1.52
1.42
1.58
1.35
1.33
1.20
1.18
1.25
1.21
1.38
1.55
1.85
1.79
1.73
2.01
2.39
2.01
2.14
2.14
2.03
2.79
2.30
2.21
3.13
3.01
3.38
3.22
3.72
4.43
4.10
4.78
4.78
4.78
4.78
4.78
4.55
4.33
4.38
4.54
3.98
3.04
2.68
2.55
2.38
2.54
2.40
2.46
2.15
2.34
2.10
1.78
1.69
1.68
1.71
1.45
1.43
1.18
1.09
1.05
0.94
0.98
1.09
1.31
1.35
1.52
1.55
1.87
2.17
2.27
2.15
2.76
2.19
1.82
1.97
1.96
1.81
2.84
2.53
3.07
2.99
3.82
4.04
4.80
4.78
4.77
4.76
4.80
4.78
4.78
4.78
4.74
4.78
4.42
3.81
3.93
3.87
3.26
3.20
2.80
2.55
2.59
2.97
2.57
2.03
2.10
1.75
1.61
1.49
1.52
1.36
1.45
1.23
1.31
1.20
1.16
1.18
1.21
1.34
1.19
1.69
1.52
1.91
1.83
2.62
2.89
3.47
3.18
2.83
2.63
2.47
2.20
2.09
1.99
2.53
2.40
2.59
3.11
3.42
4.46
3.55
3.69
4.17
4.79
4.80
4.77
4.78
4.77
4.83
4.78
4.78
4.78
4.55
3.61
3.17
3.05
2.90
2.52
2.27
2.59
2.54
2.20
2.11
2.19
2.08
1.79
1.89
1.68
1.66
1.50
1.30
1.29
1.31
1.33
1.46
1.34
1.73
1.82
1.81
1.67
1.66
1.75
2.17
1.92
1.64
1.79
2.14
2.08
2.15
2.34
2.23
2.13
2.54
2.51
2.76
4.07
3.80
4.75
4.78
4.78
4.79
4.78
4.78
4.78
4.78
4.80
4.78
4.78
4.79
4.80
4.73
4.79
4.15
3.72
3.09
3.02
2.68
2.23
2.05
1.84
1.82
1.53
1.64
1.57
1.53
1.36
1.33
1.38
1.25
1.40
1.22
1.43
1.25
1.55
1.46
1.85
1.83
3.46
3.69
3.77
4.31
3.32
3.19
2.67
2.65
2.53
2.33
2.67
3.21
2.41
2.25
