2.36
2.23
2.10
2.31
2.07
1.80
1.96
1.91
1.66
1.86
1.91
1.88
1.87
1.88
1.77
1.48
1.89
1.52
1.76
1.67
1.60
1.95
1.73
1.88
2.07
1.74
1.53
1.40
1.41
1.65
1.66
1.60
1.31
1.37
1.25
1.32
1.23
1.32
1.28
1.20
1.26
1.50
1.51
1.52
1.52
1.52
1.33
1.49
1.55
1.63
1.56
1.89
1.88
1.81
1.91
1.80
1.96
2.45
2.51
3.24
3.54
4.65
4.78
4.77
4.79
4.78
4.78
4.75
4.80
4.75
4.80
4.77
4.78
4.77
4.82
4.04
3.41
3.13
2.64
2.52
2.55
2.30
2.42
2.22
2.12
2.24
1.86
1.79
1.75
1.32
1.31
1.17
1.15
1.30
1.21
1.20
1.36
1.26
1.38
2.04
1.72
1.88
1.86
1.82
1.79
1.61
1.72
2.37
2.38
2.45
2.22
2.17
2.69
3.01
3.64
4.51
4.28
4.40
4.40
4.76
4.80
4.78
4.78
4.78
3.76
3.08
2.70
2.59
2.83
2.59
2.71
2.48
2.32
2.47
2.38
2.43
2.18
1.74
1.66
1.38
1.52
1.35
1.34
1.32
1.27
1.34
1.33
1.50
1.55
2.08
2.50
2.14
2.34
2.15
2.29
2.13
1.93
1.85
1.84
1.96
1.91
2.39
2.01
2.34
2.78
3.54
3.71
3.97
4.13
4.65
4.57
4.28
4.44
4.64
4.77
4.13
3.42
2.95
2.79
2.93
2.90
2.71
2.58
2.26
2.04
2.17
1.93
1.56
1.50
1.41
1.41
1.25
1.23
1.23
1.23
1.37
1.35
1.44
1.49
1.57
1.69
1.76
2.03
2.17
2.59
2.98
2.75
2.47
2.14
2.15
2.89
2.74
3.84
3.93
4.20
3.98
3.89
4.54
4.44
4.79
4.36
4.74
4.70
4.16
3.56
3.11
2.82
2.38
2.33
2.40
2.86
2.71
2.86
2.75
2.62
2.33
2.13
2.01
1.86
1.55
1.66
1.42
1.52
1.35
1.24
1.43
1.54
1.68
1.69
1.82
1.71
1.71
1.96
1.87
2.57
2.19
2.15
2.50
2.86
2.48
2.69
2.70
2.79
3.90
4.13
4.79
4.78
4.78
4.78
4.78
4.78
4.77
4.75
4.80
4.78
4.75
4.78
4.12
3.51
3.32
2.95
2.81
3.12
2.68
3.12
2.58
2.47
2.42
1.97
1.92
2.23
1.77
1.98
1.63
1.64
1.53
1.25
1.21
1.29
1.47
1.51
1.60
1.70
1.64
1.99
1.99
1.96
2.11
1.91
2.45
2.68
2.68
2.63
2.48
2.86
2.84
3.68
4.10
3.81
3.71
3.76
4.17
4.74
4.69
4.78
4.77
4.78
4.78
4.78
4.76
4.78
4.75
4.00
3.54
3.32
3.49
3.21
3.69
3.72
3.19
3.06
2.77
2.34
2.36
2.26
2.31
2.22
1.93
1.55
1.38
1.33
1.22
1.25
1.34
1.67
1.78
1.71
1.80
1.86
1.84
2.11
1.90
2.07
1.91
2.13
2.19
2.09
2.02
2.17
2.31
3.98
4.78
4.78
4.78
4.77
4.78
4.79
4.77
4.80
4.78
4.82
4.78
