1.40
1.44
1.31
1.17
1.19
1.06
1.01
1.00
1.02
1.20
1.38
1.49
1.58
1.55
1.51
1.72
2.22
2.00
2.66
4.00
4.00
4.16
4.28
4.31
4.78
4.76
4.77
4.77
4.78
4.78
4.80
4.78
4.75
4.20
3.26
3.04
2.48
2.15
2.23
2.41
2.37
2.10
2.14
1.74
1.60
1.41
1.40
1.33
1.31
1.28
1.19
1.12
1.13
1.21
1.45
1.41
1.65
1.65
1.76
1.70
1.88
1.83
1.64
1.88
1.65
1.62
1.52
1.53
1.61
1.75
1.62
1.52
2.17
3.28
3.56
4.07
3.91
4.80
4.74
4.79
4.75
4.78
4.78
4.78
4.75
4.79
4.78
4.26
3.42
2.88
2.68
2.60
2.50
2.23
2.32
2.65
2.33
1.90
2.12
1.80
1.66
1.70
1.64
1.50
1.46
1.32
1.30
1.36
1.32
1.37
1.35
1.58
1.86
1.89
2.49
2.17
1.95
2.50
2.56
2.91
2.33
2.05
2.53
2.23
2.99
4.78
4.77
4.78
4.78
4.78
4.78
4.78
4.78
4.78
4.79
4.78
4.78
4.75
4.82
4.75
4.27
3.57
3.39
3.17
2.96
2.73
2.55
2.23
2.47
2.24
2.01
2.08
1.90
1.67
1.67
1.56
1.49
1.39
1.42
1.37
1.31
1.45
1.35
1.76
1.61
1.71
1.87
2.22
2.31
2.06
2.40
2.39
2.65
2.36
2.21
2.36
2.64
2.98
2.72
3.66
3.46
3.93
4.05
4.75
4.83
4.78
4.78
4.75
4.80
4.78
4.75
4.75
4.78
4.78
4.78
4.78
4.76
4.78
4.77
3.85
3.42
2.95
2.66
2.39
2.21
2.07
2.27
2.19
2.04
2.10
2.14
1.71
1.61
1.64
1.66
1.55
1.58
1.77
2.09
1.70
2.58
3.18
2.87
3.09
2.97
2.76
3.59
3.04
3.63
3.42
3.00
3.37
3.56
3.75
3.56
3.63
3.71
3.63
4.38
4.78
4.78
4.79
4.78
4.77
4.78
4.79
4.73
4.78
4.75
4.80
4.78
4.76
4.74
3.97
3.87
3.50
2.97
2.61
2.76
2.76
3.14
2.95
2.88
2.79
2.47
1.98
2.26
1.90
1.85
1.69
1.40
1.31
1.16
1.27
1.21
1.55
1.87
1.93
2.20
2.25
2.06
2.23
2.68
3.14
2.86
2.98
2.69
2.51
2.03
1.88
2.03
2.95
3.29
3.28
3.95
3.69
3.46
2.99
4.74
4.35
4.08
3.78
4.80
4.78
4.77
4.77
4.83
4.73
4.79
4.74
4.78
4.78
4.46
4.59
4.78
4.75
4.77
4.67
4.07
3.69
3.29
2.73
2.73
2.23
1.91
1.82
1.65
1.58
1.61
1.52
1.44
1.35
1.52
1.39
1.81
1.88
2.17
2.32
2.24
2.40
2.72
2.45
3.09
2.58
2.20
1.92
1.94
1.93
1.75
1.99
2.10
2.54
3.12
2.91
3.11
4.06
3.61
4.24
4.76
4.77
4.78
4.78
4.81
4.78
4.77
4.77
4.78
4.79
4.76
4.78
4.76
4.82
4.76
4.78
4.77
4.83
4.79
4.77
4.12
3.79
3.46
3.17
2.70
2.26
2.14
1.92
1.74
1.54
1.53
1.52
1.59
1.46
1.47
1.41
1.59
1.34
1.24
1.38
1.65
1.82
2.52
2.20
2.74
2.55
3.82
3.90
4.07
3.68
2.94
3.26
3.15
2.99
3.67
3.27
2.70
2.55
2.13
2.32
2.35
1.92
1.72
1.55
1.36
1.27
1.30
1.16
1.17
1.16
1.11
1.11
1.14
1.16
1.08
0.99
1.06
1.04
0.96
0.98
1.05
1.02
1.01
0.97
1.06
0.97
0.99
0.97
0.93
1.07
1.06
1.01
1.02
0.97
0.99
1.03
1.03
1.04
0.93
0.97
1.01
0.92
0.91
0.93
0.96
0.88
0.93
0.99
0.97
0.95
0.95
0.88
1.01
0.93
0.93
0.95
0.82
0.90
0.86
0.86
