1.06
1.03
1.13
1.31
1.41
1.38
1.94
2.02
2.48
2.43
3.15
3.14
3.16
3.63
3.31
3.69
4.55
3.87
4.78
4.77
4.77
4.78
4.78
4.76
4.78
4.76
4.36
3.79
3.35
2.94
2.55
2.39
2.50
2.31
2.24
1.95
1.89
1.72
1.64
1.65
1.41
1.46
1.39
1.44
1.35
1.57
1.48
1.36
1.54
1.70
1.71
1.68
1.78
1.86
2.56
2.05
1.91
1.90
2.04
2.44
2.41
2.24
1.83
1.90
2.56
3.31
3.37
4.59
4.73
4.56
4.77
4.78
4.80
4.78
4.80
4.78
4.78
4.75
4.80
4.78
3.91
3.48
2.92
2.58
2.40
2.30
2.09
2.00
1.75
1.69
1.57
1.41
1.56
1.41
1.25
1.21
1.29
1.19
1.49
1.44
1.64
1.60
1.53
1.75
1.60
1.68
1.85
1.62
1.40
1.48
1.96
1.86
2.35
1.97
1.83
1.85
2.38
2.77
2.69
3.23
3.67
4.24
4.33
3.85
4.19
4.78
4.81
4.78
4.79
4.77
4.78
4.78
4.77
4.22
3.40
3.10
2.88
2.58
2.37
2.45
2.57
2.48
2.19
2.39
1.99
1.87
1.70
1.41
1.49
1.51
1.40
1.58
2.08
1.86
2.08
2.19
2.51
3.19
3.28
3.19
3.18
3.14
2.71
2.63
2.19
2.21
2.23
3.17
4.63
4.78
4.78
4.78
4.78
4.79
4.78
4.78
4.75
4.82
4.40
3.95
3.75
3.25
3.47
3.46
3.49
3.03
3.00
2.86
2.82
2.95
2.47
2.67
2.89
2.66
2.68
2.36
2.47
2.22
2.05
1.86
1.90
1.55
1.39
1.32
1.33
1.17
1.20
1.20
1.57
1.62
1.79
2.17
2.40
2.19
2.27
2.00
2.05
2.03
2.15
2.07
2.61
2.34
2.71
2.45
2.91
2.77
4.07
4.72
4.78
4.80
4.55
4.77
4.77
4.78
4.79
4.78
4.78
4.75
4.81
4.77
4.78
4.76
3.80
3.23
2.90
2.80
2.69
2.75
2.76
2.36
1.95
2.19
1.74
1.84
1.81
1.72
1.58
1.70
1.79
1.57
1.58
1.70
1.66
1.57
1.85
1.82
1.79
2.18
2.33
2.01
2.07
2.42
2.79
2.74
2.42
2.54
2.86
2.77
4.31
4.09
4.82
4.78
4.77
4.75
4.79
4.78
4.76
4.77
4.77
4.78
4.78
4.78
4.76
4.78
4.78
4.80
4.78
4.78
4.28
3.49
3.20
2.89
2.73
3.02
2.79
2.57
2.26
2.02
2.13
1.91
1.91
1.71
1.57
1.35
1.27
1.40
1.35
1.14
1.51
1.52
1.55
2.69
2.43
3.17
3.05
2.60
2.72
2.37
2.05
1.72
2.15
2.67
3.00
3.04
2.96
2.73
4.18
3.98
4.54
4.78
4.78
4.82
4.76
4.78
4.77
4.80
4.77
4.76
4.77
4.79
4.78
4.78
4.77
4.78
3.98
3.65
4.05
3.28
3.00
2.67
2.42
2.25
2.05
2.22
2.14
2.20
2.31
1.90
1.92
1.70
1.60
1.55
1.50
1.44
1.26
1.33
1.14
1.06
1.24
1.27
1.37
1.44
1.42
1.44
1.58
1.91
2.04
2.00
2.31
2.25
2.30
2.77
3.22
3.89
2.94
3.00
2.61
2.36
2.40
2.39
2.14
2.39
2.05
2.20
2.02
2.62
2.17
2.03
1.72
1.46
1.25
1.25
1.10
1.06
1.10
1.04
1.12
1.02
