0.46
0.84
0.75
0.83
0.69
0.62
0.58
0.54
0.65
0.70
0.65
0.65
0.68
0.73
0.62
0.68
0.70
0.80
0.88
1.06
1.30
1.60
2.28
2.64
2.61
2.33
1.87
1.63
1.55
1.55
2.00
1.77
1.50
1.32
1.31
1.11
1.03
1.08
0.97
0.93
1.07
1.23
1.09
1.01
1.41
1.35
1.06
0.96
0.95
0.89
0.78
0.81
0.88
0.90
0.91
1.22
1.22
1.61
1.70
1.56
1.63
1.63
2.27
2.15
2.02
1.66
1.66
1.67
1.95
2.05
2.34
2.26
2.29
2.26
2.46
2.77
2.40
2.09
1.88
1.78
1.32
1.34
1.00
1.13
0.99
1.15
1.20
1.08
0.99
0.99
1.00
0.77
0.73
0.62
0.64
0.58
0.60
0.65
0.60
0.83
1.01
1.29
1.17
1.17
1.42
1.49
1.53
2.02
1.99
2.79
2.57
2.49
1.96
1.53
1.59
1.33
1.42
1.76
1.43
1.81
1.87
1.49
1.32
1.06
1.07
0.89
1.26
1.10
1.09
0.86
0.94
0.86
1.14
1.00
0.85
0.71
0.65
0.63
0.66
0.67
0.72
0.77
0.74
0.93
1.27
1.27
1.24
1.25
1.33
1.59
1.37
1.25
1.20
1.38
1.84
1.74
1.98
2.05
2.05
1.78
1.78
2.24
2.11
2.02
1.78
1.62
1.54
1.40
1.15
1.20
0.90
0.97
0.77
0.86
0.81
0.81
0.84
0.72
0.78
0.77
0.82
0.76
0.71
0.85
0.98
1.24
1.45
1.62
1.75
1.54
1.65
1.44
1.17
1.09
1.17
1.29
1.39
1.81
2.43
2.73
2.33
2.19
2.03
2.39
2.13
2.09
2.46
2.01
2.05
1.67
1.60
1.35
1.20
1.38
1.17
1.12
1.36
1.09
0.95
0.86
0.84
1.02
0.94
0.81
0.84
0.69
0.63
0.70
0.88
1.10
0.95
0.89
0.93
0.97
1.14
1.17
1.27
1.26
1.20
1.52
1.63
2.36
2.80
2.27
2.42
2.04
2.26
2.21
1.75
1.60
1.30
1.22
1.23
0.97
0.79
0.96
0.95
0.91
1.44
1.17
1.41
1.29
1.00
1.10
1.05
0.99
1.05
1.34
1.48
1.60
1.69
1.59
1.53
1.68
1.55
1.38
1.26
1.39
1.62
1.88
2.43
2.31
2.37
1.89
2.82
3.11
4.63
3.97
3.18
2.61
2.35
2.05
1.77
1.87
1.67
1.64
1.50
1.38
1.31
1.29
0.98
0.87
0.77
0.73
0.67
0.65
0.66
0.73
0.83
1.00
1.38
1.47
2.07
1.74
2.06
2.26
2.14
2.12
1.88
1.67
1.76
1.79
1.85
2.78
2.15
1.75
1.83
1.42
1.51
1.78
1.40
1.33
1.25
1.12
1.17
1.07
1.34
1.12
1.47
1.29
1.10
1.08
1.02
0.94
0.87
0.89
0.78
0.64
0.62
0.59
0.58
0.54
0.64
1.05
1.16
1.63
1.34
1.19
1.09
1.15
1.04
1.40
1.62
1.91
2.67
2.38
2.21
1.96
1.70
1.49
1.36
1.68
1.35
1.68
1.39
1.49
1.39
1.41
1.35
1.25
1.29
1.47
1.37
1.22
1.46
1.35
1.22
1.35
1.17
1.06
0.97
0.93
0.83
0.89
0.90
0.89
0.95
1.16
1.50
1.52
1.34
1.42
1.31
1.30
1.28
1.67
2.49
3.25
3.59
3.25
3.03
3.43
2.41
2.22
2.25
2.10
2.20
1.81
1.61
1.45
1.37
1.10
1.15
0.94
0.91
0.96
0.92
0.99
1.16
0.96
0.90
0.93
0.77
0.87
0.75
0.81
0.66
0.70
0.60
0.75
0.87
0.94
1.23
1.05
1.23
1.35
1.63
1.71
1.60
1.27
1.22
1.28
1.54
1.65
2.09
2.77
3.76
3.21
2.66
2.79
2.28
2.60
2.76
2.50
2.29
1.82
1.75
1.48
1.39
1.19
1.14
0.99
1.06
1.50
1.93
2.55
1.98
1.63
1.41
1.26
1.01
0.84
0.83
0.79
1.09
1.09
1.34
1.49
1.78
2.12
2.39
2.88
2.62
2.27
2.08
1.86
1.91
1.84
1.73
1.56
2.12
2.63
2.94
3.33
3.04
2.15
1.85
1.62
1.80
2.22
2.04
2.06
1.65
1.63
1.44
1.20
1.58
1.50
1.37
1.16
2.20
1.76
1.84
2.20
1.79
1.69
1.32
1.17
1.19
0.99
1.03
0.92
0.93
0.96
1.05
1.37
1.45
1.63
1.72
2.11
1.68
1.50
1.77
2.10
2.11
1.81
1.69
2.06
2.14
2.73
2.62
2.49
2.26
2.29
2.87
2.18
1.76
1.69
1.62
1.33
1.39
1.20
1.44
1.19
2.24
3.10
2.55
2.01
1.73
1.87
1.58
1.53
1.28
1.44
1.44
1.66
1.56
1.28
1.29
1.22
1.16
1.16
1.18
1.45
1.57
1.54
1.50
1.21
1.20
1.20
1.35
1.91
2.16
2.29
2.81
3.11
