2.44
2.13
1.95
1.96
1.92
1.81
1.48
1.53
1.43
1.26
1.45
1.57
1.40
1.56
1.40
1.42
1.25
1.15
1.08
1.12
1.10
1.09
1.31
1.29
1.28
1.09
1.17
1.05
1.06
1.11
1.19
1.48
1.68
1.83
1.89
2.17
2.82
3.30
3.91
4.78
4.55
4.62
4.78
4.73
4.78
4.80
4.78
4.78
4.25
4.19
4.46
4.07
3.96
3.15
2.49
2.25
1.95
2.25
1.87
1.98
1.77
1.65
1.42
1.44
1.26
1.28
1.12
1.05
1.17
1.22
1.19
1.44
1.48
1.47
1.53
2.09
2.17
1.68
2.38
2.10
2.26
2.23
2.10
1.78
2.09
1.95
2.32
2.27
2.49
3.12
3.37
3.94
3.89
4.24
4.56
4.76
4.80
4.78
4.79
4.49
4.04
4.09
3.26
2.61
2.33
2.03
2.05
2.19
2.11
1.90
1.73
1.69
1.50
1.49
1.58
1.60
1.49
1.50
1.45
1.37
1.43
1.42
1.38
1.46
1.61
1.52
1.70
1.83
1.65
1.63
2.12
2.06
2.15
2.43
1.97
1.78
1.70
1.94
2.36
2.24
2.82
2.88
3.06
3.20
3.60
3.90
4.57
4.51
4.80
4.78
4.78
4.80
4.78
4.37
3.59
3.23
2.84
2.60
2.31
2.59
2.68
2.35
2.42
2.31
2.36
2.12
2.37
2.07
1.63
1.63
1.44
1.36
1.38
1.42
1.43
1.52
1.63
1.55
1.75
1.78
1.63
1.83
1.68
2.15
2.05
2.36
2.29
2.28
1.98
1.99
2.17
2.71
3.07
3.13
2.93
2.95
2.92
2.71
3.45
4.45
4.77
4.79
4.78
4.78
4.78
4.77
4.75
4.53
3.65
3.31
2.66
2.38
2.28
2.39
2.38
2.35
2.09
1.75
1.92
1.74
1.73
1.78
1.74
1.76
1.61
1.43
1.23
1.15
1.52
1.39
1.35
1.49
1.54
1.77
1.77
1.81
1.96
1.78
2.08
2.54
2.73
2.33
2.26
2.59
2.10
1.86
1.54
2.33
3.22
4.83
4.24
3.90
4.03
4.78
4.78
4.77
4.78
4.77
4.78
4.78
4.78
4.77
4.78
4.77
4.54
3.78
3.08
2.71
2.27
2.47
2.12
2.21
2.77
2.53
2.34
2.43
1.84
1.74
1.59
1.36
1.28
1.24
1.35
1.43
1.43
1.72
1.44
1.64
2.07
1.97
2.77
2.42
2.39
2.69
2.38
2.90
2.43
2.74
2.94
2.86
3.78
3.51
4.05
4.78
4.81
4.78
4.79
4.78
4.78
4.75
4.80
4.73
4.71
4.75
4.80
4.22
3.99
3.64
4.10
3.45
2.82
2.66
2.35
2.16
2.18
2.44
2.28
1.81
2.07
1.93
1.68
1.74
1.71
1.49
1.36
1.51
1.44
1.22
1.02
1.12
1.45
1.91
1.90
2.39
2.28
2.49
2.42
2.16
2.05
1.94
1.90
1.80
1.95
2.36
1.94
2.15
2.40
2.90
3.15
3.47
4.69
4.78
4.77
4.78
4.78
4.79
4.80
4.78
4.78
4.75
4.80
4.80
4.73
4.79
4.75
4.06
3.66
3.17
2.74
2.53
2.52
2.53
2.22
1.89
1.65
1.52
1.94
1.94
1.90
1.83
1.57
1.35
1.36
1.30
1.21
1.41
1.18
1.29
1.12
1.22
1.47
1.48
1.68
1.96
2.28
2.11
1.72
1.63
1.55
1.50
1.40
1.31
1.26
1.16
1.08
1.13
1.08
1.02
1.02
1.20
1.16
1.05
0.99
1.61
1.41
1.99
1.88
1.51
1.98
2.21
2.01
1.91
1.52
1.41
1.23
1.17
1.09
1.12
1.21
1.19
1.21
1.21
1.18
1.23
1.10
1.12
1.09
1.03
1.05
1.04
1.05
