1.33
1.29
1.20
1.42
1.46
1.57
1.88
1.64
1.60
1.53
1.57
1.68
1.72
1.81
1.98
1.83
2.06
1.74
1.80
1.74
1.49
1.49
1.70
2.09
2.22
2.25
2.50
2.67
2.41
2.13
2.64
2.72
2.51
2.42
2.78
2.38
2.25
2.24
2.12
2.47
2.55
2.49
2.29
1.92
1.77
1.64
1.81
1.54
1.48
1.63
1.49
1.48
1.47
1.40
1.51
1.66
1.61
1.59
1.47
1.39
1.73
1.56
1.62
1.66
1.61
1.55
1.43
1.50
1.43
1.54
1.85
1.66
1.79
1.60
1.55
1.60
1.54
1.74
2.00
1.99
1.81
2.10
2.07
2.65
2.56
3.21
2.80
2.77
2.49
2.11
2.10
1.89
1.95
1.96
2.06
1.91
2.53
2.23
2.13
1.70
1.52
1.51
1.47
1.44
1.41
1.31
1.29
1.30
1.29
1.24
1.59
1.58
1.43
1.59
1.43
1.61
1.61
1.92
1.72
1.47
1.82
1.80
1.98
2.02
1.85
1.79
1.58
1.42
1.92
1.61
1.65
1.53
1.66
2.08
1.78
1.68
1.94
2.12
2.39
2.23
2.38
2.65
2.39
1.98
1.85
1.78
1.64
1.65
1.59
1.64
1.84
1.73
1.46
1.44
1.51
1.33
1.43
1.30
1.28
1.37
1.19
1.28
1.42
1.31
1.46
1.39
1.58
1.52
1.42
1.49
1.56
1.43
1.71
1.48
1.40
2.12
1.74
1.52
1.44
1.39
1.37
1.29
1.38
1.75
1.80
2.14
2.40
2.27
2.03
2.56
2.46
2.16
2.56
2.23
2.18
1.91
1.78
1.91
1.88
1.91
1.81
1.74
1.96
1.65
1.44
1.49
1.38
1.35
1.35
1.43
1.53
1.44
1.40
1.32
1.41
1.55
1.50
1.80
1.81
1.96
2.13
1.76
2.21
2.16
1.75
2.57
2.11
1.82
2.33
1.97
2.23
2.14
2.50
2.63
3.28
3.30
2.61
3.19
3.54
3.26
2.99
3.25
2.76
2.92
2.84
2.63
2.41
2.18
1.88
1.70
1.42
1.69
1.65
1.68
1.79
1.58
1.62
1.49
1.54
1.61
1.56
1.70
1.55
1.40
1.39
1.31
1.45
1.35
1.41
1.80
1.87
2.13
2.17
1.78
2.19
2.02
1.81
2.41
1.95
2.63
4.80
3.89
3.71
3.20
2.72
3.17
2.41
2.75
2.31
2.81
2.60
2.76
3.23
3.52
3.47
3.35
2.82
2.60
2.56
2.07
1.89
1.64
1.93
1.77
1.71
1.58
1.41
1.46
1.45
1.45
1.59
1.49
1.49
1.33
1.40
1.47
1.87
1.94
1.82
1.73
1.73
2.00
1.64
1.81
2.09
1.95
2.45
2.43
2.03
2.12
2.20
2.33
2.53
2.55
2.33
2.11
1.78
1.62
1.63
1.95
2.06
2.77
2.25
2.20
2.99
2.80
2.32
2.03
2.05
1.87
1.80
1.69
1.73
1.75
1.61
1.39
1.34
1.27
1.24
1.22
1.17
1.30
1.37
1.37
1.30
1.23
1.34
1.33
1.64
1.79
1.58
1.58
1.43
1.74
1.66
1.65
1.98
1.68
1.47
1.54
1.47
1.73
1.71
1.89
2.06
2.11
2.97
2.58
2.35
2.60
2.56
3.17
2.68
2.55
2.11
2.30
2.64
3.02
3.48
3.16
3.45
3.58
2.86
2.72
2.49
2.40
2.34
2.20
2.20
2.26
2.05
1.93
1.79
1.70
1.53
