1.35
1.43
1.65
2.17
2.20
2.02
2.39
2.35
2.81
2.59
2.14
2.31
2.52
3.15
3.05
3.18
3.42
3.23
2.91
2.45
2.13
1.96
1.72
1.75
1.68
1.41
1.38
1.46
1.29
1.43
1.45
1.35
1.26
1.15
1.28
1.43
1.43
1.66
1.55
1.94
1.80
1.64
1.84
1.71
1.57
1.67
2.02
1.97
1.77
1.74
1.96
1.88
1.90
1.92
1.93
2.11
2.15
2.42
2.56
2.57
2.18
1.76
2.30
2.00
1.83
2.02
1.68
1.60
1.55
1.34
1.34
1.29
1.22
1.36
1.33
1.39
1.32
1.36
1.52
1.44
1.48
1.38
1.30
1.36
1.33
1.52
1.48
1.53
1.61
1.39
1.98
1.78
1.69
1.74
1.52
1.92
2.06
1.76
2.09
2.17
2.39
2.07
1.90
2.11
1.93
1.75
2.10
2.15
2.59
2.55
2.75
2.64
2.25
2.44
2.14
2.10
2.31
2.17
2.06
1.87
1.79
1.69
1.57
1.53
1.56
1.54
1.56
1.43
1.44
1.40
1.54
1.49
1.55
1.40
1.52
1.44
1.78
1.64
1.90
1.96
1.70
1.56
1.52
1.89
1.68
1.66
2.10
2.04
2.03
1.90
1.86
1.95
2.13
2.39
2.42
2.59
3.22
4.19
3.98
3.79
4.01
4.09
3.27
2.83
2.70
2.24
2.03
1.89
1.95
1.79
1.74
1.48
1.40
1.50
1.62
1.65
1.62
1.57
1.52
1.37
1.72
1.68
1.47
1.58
1.90
2.03
1.85
2.70
2.31
2.75
3.30
2.64
2.17
1.90
2.49
2.15
2.18
2.06
1.91
2.62
2.75
2.51
2.31
2.46
3.26
3.86
4.05
3.48
3.04
2.89
3.09
3.66
2.87
2.50
2.34
2.01
2.20
1.96
1.80
1.71
1.52
1.48
1.33
1.36
1.43
1.38
1.35
1.36
1.24
1.48
1.52
1.68
1.99
1.73
1.98
1.86
2.20
2.53
2.03
2.12
2.08
1.90
1.96
1.84
2.02
2.10
2.55
3.15
3.03
2.84
2.83
2.72
3.69
3.27
2.53
2.41
2.95
3.31
2.63
2.89
2.37
1.99
1.92
1.95
1.76
1.77
1.73
1.74
1.41
1.44
1.48
1.40
1.43
1.39
1.24
1.34
1.23
1.26
1.86
1.91
1.92
2.21
1.89
1.94
1.73
1.64
2.21
2.33
2.05
1.99
1.83
1.96
1.77
2.02
2.11
2.06
2.71
2.86
2.82
2.27
2.59
2.83
3.40
3.26
3.25
3.29
3.80
3.23
3.17
2.89
2.35
2.43
2.35
2.00
1.90
1.79
1.86
1.70
1.56
1.48
1.53
1.69
1.62
1.83
1.67
1.49
1.63
1.66
1.47
1.41
1.33
1.31
1.70
1.45
1.52
1.43
1.51
1.71
1.50
1.50
1.66
1.56
1.60
1.70
2.16
2.05
1.78
2.02
1.68
1.65
1.49
1.47
1.50
1.31
1.36
1.33
1.35
1.45
2.05
1.94
1.80
2.07
2.01
1.74
1.57
1.50
1.43
1.39
1.32
1.30
1.36
1.20
1.34
1.38
1.35
1.35
1.34
1.47
1.41
1.31
1.39
1.36
1.38
1.36
1.31
1.39
1.25
1.30
1.38
1.31
1.45
1.48
1.46
1.41
1.46
1.40
1.43
1.30
1.34
1.31
1.51
1.34
1.32
1.33
1.29
1.30
1.31
1.43
1.50
1.43
1.52
1.53
1.42
1.56
1.42
1.40
1.36
1.32
1.34
1.31
1.24
1.35
1.26
1.24
1.24
1.19
1.27
1.22
1.18
1.24
1.25
1.24
1.27
1.18
1.28
1.20
1.21
1.20
1.17
1.28
1.22
1.11
1.28
1.21
1.34
1.37
1.17
1.32
1.24
1.23
1.30
1.24
1.29
1.25
1.14
1.15
1.07
