1.36
1.52
1.33
1.56
1.41
1.30
1.33
1.30
1.48
1.71
1.58
1.76
1.52
1.39
2.03
1.79
1.76
1.72
1.83
2.19
1.86
1.54
1.58
1.43
1.64
1.58
1.60
2.20
2.11
2.26
2.32
2.24
2.33
2.33
2.75
2.39
2.29
2.30
2.24
2.11
1.96
1.71
1.53
1.51
1.45
1.46
1.50
1.44
1.37
1.40
1.34
1.21
1.19
1.46
1.49
1.41
1.48
1.52
1.80
2.88
2.36
2.87
2.52
2.45
2.43
1.92
2.35
2.12
2.84
3.66
3.05
2.69
2.65
2.43
2.19
2.52
2.61
2.78
3.40
3.49
3.00
2.72
2.27
1.96
1.66
1.73
1.53
1.72
1.78
1.68
1.54
1.41
1.31
1.34
1.40
1.39
1.28
1.18
1.20
1.17
1.45
1.41
1.41
1.49
1.42
1.58
1.62
1.56
1.79
1.46
2.06
1.96
2.11
2.17
2.00
2.20
1.80
1.74
1.58
1.71
1.59
2.03
1.82
2.20
2.11
2.24
2.03
2.31
2.30
2.19
1.93
1.64
1.57
1.52
1.60
1.42
1.27
1.31
1.38
1.28
1.15
1.26
1.25
1.23
1.18
1.15
1.32
1.19
1.33
1.29
1.24
1.37
1.36
1.48
1.56
1.58
1.47
1.71
1.41
1.52
1.86
1.66
1.88
1.73
1.87
2.11
1.85
1.72
2.26
1.85
1.64
2.47
2.35
2.16
2.59
3.04
2.83
2.79
2.92
2.54
2.72
2.34
2.18
2.17
2.25
2.16
2.07
1.77
1.72
1.69
1.68
1.42
1.50
1.41
1.38
1.43
1.34
1.29
1.29
1.27
1.25
1.31
1.42
1.84
1.53
2.24
1.78
2.22
2.14
1.70
1.80
1.80
1.70
1.74
1.73
1.84
1.68
1.55
1.60
1.62
1.92
1.99
2.18
2.08
1.85
2.04
2.19
2.66
2.94
3.76
3.35
3.04
2.50
2.44
2.12
1.86
1.65
1.46
1.42
1.53
1.39
1.36
1.25
1.35
1.25
1.31
1.29
1.29
1.19
1.28
1.17
1.43
1.44
1.82
1.85
1.56
1.38
1.52
1.71
1.98
1.61
1.92
1.68
1.79
1.96
1.78
2.31
2.01
2.11
2.44
2.41
2.37
2.64
2.32
3.21
3.06
3.30
2.92
3.68
3.26
2.99
2.30
2.04
1.93
1.92
1.63
1.52
1.44
1.28
1.38
1.37
1.42
1.41
1.38
1.39
1.32
1.20
1.24
1.31
1.30
1.27
1.39
1.39
1.67
1.55
1.51
1.50
1.48
1.42
2.10
1.96
1.81
2.23
1.85
1.85
1.81
2.09
2.44
2.99
2.62
2.87
2.94
2.55
2.11
2.71
3.18
3.28
3.33
2.97
3.31
3.32
3.01
2.87
3.71
2.98
2.46
2.14
1.91
1.68
1.50
1.33
1.48
1.33
1.32
1.33
1.38
1.45
1.32
1.36
1.27
1.41
1.52
1.41
1.45
1.51
1.94
1.74
1.47
1.73
1.61
1.96
1.84
1.59
2.04
2.07
1.89
1.70
1.60
2.04
1.79
1.70
2.15
2.11
2.08
2.99
3.35
2.98
2.66
2.10
2.77
2.54
3.08
2.73
3.57
3.13
2.86
2.67
2.24
1.98
1.63
1.57
1.30
1.30
1.43
1.54
1.50
1.57
1.53
1.42
1.44
1.46
1.46
1.37
1.32
1.31
1.26
1.21
1.29
1.28
1.35
1.29
1.24
1.33
1.43
1.59
1.52
1.73
1.74
2.29
1.89
1.79
2.19
1.80
1.62
1.50
1.49
1.31
1.67
1.67
1.71
2.14
2.12
2.46
2.15
2.08
2.79
2.50
2.24
2.24
1.99
2.20
2.24
2.57
2.60
2.94
3.35
3.34
3.24
3.26
2.99
2.63
2.23
1.96
1.71
1.94
1.98
1.77
1.57
1.52
1.42
1.37
1.46
1.43
1.42
1.36
1.35
1.26
1.21
1.23
1.25
1.09
1.21
1.50
1.60
1.55
1.62
1.45
1.39
1.44
1.44
1.41
1.31
1.41
1.46
1.42
1.34
1.29
1.29
1.21
