2.02
1.93
1.87
1.91
1.74
1.75
1.48
1.52
1.36
1.37
1.45
1.39
1.46
1.43
1.40
1.32
1.27
1.26
1.39
1.38
1.72
1.62
1.68
1.80
1.53
1.68
1.66
1.46
1.71
1.54
1.94
1.89
1.68
2.12
2.27
2.34
2.73
2.47
2.38
2.33
2.55
2.36
2.35
2.16
2.30
2.40
3.19
3.25
3.23
2.62
2.71
2.54
2.21
1.82
1.63
1.54
1.54
1.39
1.41
1.21
1.25
1.23
1.17
1.16
1.18
1.16
1.19
1.25
1.37
1.44
1.31
1.36
1.22
1.19
1.19
1.57
1.50
1.36
1.31
1.29
1.49
1.50
1.57
1.48
1.65
1.60
1.40
1.83
1.96
1.95
1.96
2.20
1.99
2.23
2.82
3.09
3.15
2.73
2.82
3.04
2.94
2.84
2.86
2.66
2.26
2.09
1.80
1.85
1.65
1.58
1.52
1.33
1.31
1.15
1.25
1.23
1.06
1.19
1.15
1.21
1.24
1.23
1.44
1.40
1.46
1.42
1.49
1.49
1.48
1.46
1.38
2.13
1.89
1.72
2.06
1.89
1.90
1.75
1.90
2.56
2.71
2.25
2.00
2.11
2.44
2.94
3.28
2.67
2.28
2.23
2.54
3.14
2.67
2.77
2.20
2.28
2.15
2.23
2.05
1.78
1.55
1.37
1.29
1.37
1.33
1.36
1.30
1.29
1.35
1.30
1.29
1.25
1.12
1.17
1.26
1.33
1.45
1.25
1.30
1.35
1.22
1.23
1.21
1.56
1.54
1.80
1.54
1.79
1.70
1.90
2.39
2.23
2.54
2.64
2.60
2.36
2.31
2.61
3.19
3.46
3.31
2.94
3.09
3.06
2.79
2.38
2.28
2.24
1.85
1.52
1.33
1.34
1.29
1.18
1.16
1.09
1.16
1.16
1.11
1.10
1.12
1.11
1.27
1.32
1.37
1.35
1.25
1.98
1.65
1.94
1.75
1.63
2.09
1.72
1.69
1.51
1.49
1.65
1.66
1.76
2.16
2.17
1.76
2.80
2.96
2.54
2.88
2.87
2.33
2.22
2.78
2.42
3.98
3.41
3.10
2.88
2.28
2.10
1.93
1.80
1.81
1.64
1.52
1.30
1.30
1.34
1.35
1.39
1.43
1.28
1.35
1.25
1.13
1.30
1.22
1.33
1.49
1.35
1.88
1.65
2.18
2.03
1.67
1.77
1.46
1.51
1.56
1.85
1.82
2.30
1.97
2.16
2.19
2.16
2.89
2.89
2.73
2.83
3.15
3.13
3.20
2.87
2.47
2.70
2.33
2.60
3.11
2.74
2.47
2.09
2.04
2.00
2.04
1.88
1.86
1.53
1.46
