3.92
0.86
1.24
3.55
0.93
3.04
1.27
1.20
3.82
0.92
2.97
1.94
1.07
3.88
0.89
2.50
2.50
1.01
3.70
0.82
1.57
3.06
0.98
3.40
0.86
1.25
3.38
0.96
3.08
1.06
1.16
3.92
0.96
3.11
2.15
1.63
4.73
1.55
3.19
2.98
1.84
4.44
1.70
2.48
3.69
1.66
3.91
1.25
1.49
3.26
0.70
2.76
0.60
0.78
3.37
0.50
2.73
1.07
0.73
3.51
0.60
2.20
1.88
0.80
3.50
0.51
1.79
2.44
0.69
3.44
0.55
1.01
3.01
0.72
2.91
0.60
0.92
3.28
0.65
2.78
1.10
0.87
3.44
0.71
2.33
1.74
0.65
3.55
0.48
1.88
2.67
1.24
4.04
1.52
2.23
4.30
2.27
4.27
2.13
2.19
4.33
1.46
3.08
1.56
1.10
3.67
0.78
2.35
1.96
0.81
3.70
0.58
1.91
2.59
0.81
3.40
0.66
1.44
3.00
0.75
2.86
0.56
0.88
3.37
0.59
2.59
1.20
0.86
3.61
0.68
2.78
1.96
0.89
3.50
0.76
1.82
2.52
0.91
3.38
0.70
1.09
3.17
0.73
3.04
0.65
1.09
3.80
1.15
3.35
2.27
2.09
4.88
2.09
3.54
3.22
1.88
4.36
1.43
2.35
3.23
1.36
3.59
0.93
1.25
3.35
0.93
3.10
0.77
1.11
3.68
0.80
2.74
1.58
1.09
3.78
0.82
2.41
2.11
0.81
3.63
0.61
2.13
2.66
0.79
3.23
0.62
1.07
3.11
0.82
2.97
0.84
1.09
3.58
0.80
2.70
1.39
0.94
3.76
0.82
2.47
2.17
0.99
3.84
0.84
2.08
3.08
1.27
3.99
1.25
1.73
3.68
1.38
3.62
1.35
1.67
4.18
1.27
2.95
1.67
1.09
3.70
0.70
2.25
1.95
0.72
3.66
0.47
1.71
2.49
0.65
3.37
0.53
1.01
2.99
0.61
3.37
0.51
0.78
3.29
0.50
2.51
1.01
0.65
3.45
0.48
2.51
1.74
0.65
3.45
0.49
1.75
2.39
0.73
3.41
0.56
0.98
3.07
0.67
3.04
0.81
1.27
3.87
1.19
3.15
1.93
1.77
4.63
1.82
3.27
2.96
1.67
4.19
1.10
2.40
2.80
0.93
3.28
0.57
0.89
2.99
0.53
2.68
0.35
0.84
3.35
0.65
2.79
1.21
0.78
3.47
0.46
2.02
1.73
0.54
3.41
0.32
1.41
2.37
0.44
2.99
0.31
0.74
2.88
0.46
2.71
0.51
0.78
3.22
0.57
2.37
1.15
0.68
3.43
0.43
2.13
1.92
0.63
3.61
0.65
1.74
3.06
1.25
3.82
1.61
2.18
4.48
2.15
4.12
2.00
1.75
3.98
1.04
2.55
1.52
0.89
3.51
0.40
1.96
1.94
0.56
3.23
0.26
1.13
2.43
0.57
2.81
0.35
0.69
2.79
0.20
2.35
0.31
0.43
3.10
0.18
2.04
1.06
0.35
3.24
0.16
1.65
1.79
0.35
3.04
0.26
1.73
2.45
0.47
2.90
0.35
0.67
2.88
0.48
2.43
0.64
0.71
3.27
0.42
2.57
1.38
0.63
3.45
0.43
1.84
2.09
0.70
3.42
0.53
1.29
2.86
0.81
3.15
0.80
1.20
3.53
1.01
3.17
1.40
1.38
4.04
1.32
3.04
2.51
1.58
4.32
1.34
2.55
2.90
1.29
3.84
1.05
1.46
3.22
1.06
3.22
0.79
1.11
3.51
0.76
2.73
1.17
0.95
3.62
0.65
2.37
1.71
0.78
3.48
0.47
2.17
2.32
0.69
3.17
0.44
0.87
2.77
0.59
2.83
0.47
0.86
3.25
0.59
2.53
1.02
0.80
3.57
0.60
2.43
1.73
0.74
3.59
0.57
1.91
2.45
0.69
3.44
0.29
0.82
2.78
0.56
2.76
0.32
0.66
3.24
0.38
2.45
0.81
0.58
3.51
0.34
2.08
1.52
0.52
3.42
0.37
1.68
2.14
0.49
3.12
0.20
0.81
2.71
0.34
2.74
0.31
0.59
3.15
0.35
2.36
0.77
0.69
3.41
0.33
2.07
1.51
0.57
3.43
0.31
1.69
2.16
0.53
3.17
0.29
0.79
2.74
0.47
2.70
0.43
0.74
3.24
0.53
2.57
0.92
0.69
3.41
0.62
2.12
1.78
1.05
3.63
0.76
2.28
2.61
0.84
3.85
0.69
1.09
3.03
