1.43
1.76
1.86
1.70
1.76
1.60
1.76
1.68
1.66
1.72
1.70
2.06
2.11
2.23
2.07
2.07
2.07
1.95
2.68
2.98
3.66
4.61
3.98
4.16
4.80
4.11
3.65
3.38
4.29
4.79
4.79
4.41
4.06
3.52
3.05
2.41
2.20
2.16
2.03
2.28
2.41
2.34
1.92
1.51
1.33
1.30
1.50
1.57
1.70
1.76
1.79
2.05
1.87
1.92
2.05
2.35
2.54
2.35
2.37
1.99
1.71
2.10
1.71
2.03
2.28
1.82
1.76
1.71
1.61
1.52
1.74
1.62
1.83
2.33
2.12
1.92
2.26
2.70
2.39
2.56
2.54
2.67
2.89
3.25
2.99
2.86
3.29
3.61
3.40
4.20
3.77
3.85
3.09
2.59
2.08
1.98
1.76
1.52
1.48
1.31
1.20
1.11
1.16
1.04
1.07
1.35
1.57
1.91
2.16
2.27
2.50
2.47
2.66
2.66
2.84
2.82
2.73
2.67
2.81
2.43
2.58
2.36
2.49
2.29
2.23
2.10
1.89
1.82
1.72
1.48
1.45
1.27
1.08
0.97
1.09
0.95
1.42
1.86
1.97
2.13
2.44
2.21
2.33
1.91
2.13
2.24
2.83
2.36
2.13
1.85
2.19
2.27
1.80
1.50
1.38
1.29
1.21
1.22
1.19
1.40
1.59
1.71
1.92
1.84
1.55
1.33
1.43
1.52
1.79
2.03
2.08
2.17
2.41
2.52
2.78
2.85
3.01
3.22
3.07
3.00
3.09
2.89
3.11
2.90
2.90
2.47
2.40
2.08
1.81
1.72
1.52
1.56
1.44
1.51
1.60
1.86
2.02
2.57
2.26
2.02
2.00
2.62
2.29
2.15
1.86
1.99
1.74
1.79
1.67
1.53
1.49
1.55
1.59
1.65
1.52
1.52
1.65
1.53
1.65
1.45
1.35
1.20
0.95
0.92
0.91
0.93
0.89
1.01
1.06
1.15
1.45
1.42
1.73
1.69
1.70
2.14
1.72
1.64
1.78
1.60
1.95
1.66
1.54
1.70
1.44
1.24
1.07
0.97
0.92
1.30
1.32
1.17
1.42
1.69
2.38
2.43
2.79
2.71
3.34
3.32
3.83
3.51
4.55
4.79
4.80
4.77
4.80
4.79
4.82
4.78
4.80
4.79
4.83
4.79
4.78
4.25
3.59
3.43
2.91
2.39
2.03
1.60
1.38
1.21
0.99
0.95
0.98
1.11
0.93
1.12
1.01
1.35
1.73
1.59
1.72
1.58
1.61
1.61
1.65
1.54
1.71
1.54
1.37
1.28
1.22
1.07
1.10
1.11
1.30
1.20
1.18
1.38
1.49
1.91
2.27
2.20
3.03
2.42
2.45
2.24
2.61
2.99
3.08
3.37
3.29
3.22
3.36
3.15
3.37
3.20
3.28
3.04
2.59
2.09
1.83
1.52
1.31
1.19
1.16
1.09
1.23
1.20
1.36
1.44
1.55
1.70
1.74
1.96
1.94
2.10
2.35
2.50
2.58
2.65
2.35
2.71
2.19
2.66
2.57
2.46
2.55
2.38
2.42
2.48
2.45
2.65
2.67
2.79
2.75
2.64
3.01
2.93
2.61
2.61
3.21
3.43
3.73
3.94
4.36
3.96
3.29
4.82
4.79
4.64
4.30
3.70
3.64
3.30
3.20
3.00
2.74
2.62
2.40
2.46
2.23
2.33
2.32
2.26
2.21
2.18
2.16
2.51
2.58
2.86
2.94
2.95
3.10
2.99
3.11
3.24
3.28
3.43
3.41
3.48
3.31
3.46
3.45
3.63
3.67
3.74
3.67
3.32
3.33
3.23
3.14
2.80
2.72
2.46
2.43
2.13
2.17
2.05
1.93
1.99
2.03
2.07
1.72
1.87
2.83
3.19
2.71
4.18
4.12
3.52
3.95
3.59
2.80
2.97
3.39
3.67
2.99
2.63
2.14
1.96
1.72
1.60
1.52
1.37
1.38
1.51
1.37
1.35
1.16
1.02
1.01
0.94
0.81
1.02
0.98
1.40
1.54
1.35
1.49
1.88
2.14
2.24
1.91
2.19
2.09
1.73
1.56
1.30
1.18
1.17
1.07
1.15
1.06
1.09
1.10
1.01
1.21
1.20
1.19
1.46
2.14
1.73
1.79
1.53
1.75
1.63
1.56
1.59
2.09
2.64
2.78
2.47
3.23
2.68
2.58
2.60
3.12
2.43
2.01
1.91
1.84
1.68
1.56
1.82
1.89
1.85
1.64
1.42
1.24
1.17
0.98
1.00
1.09
1.12
1.44
1.37
1.50
1.75
2.04
1.98
2.26
2.20
1.85
2.11
2.15
1.86
1.52
1.66
1.40
1.41
1.25
1.03
0.98
1.02
1.38
1.38
1.72
2.32
2.58
2.88
3.03
3.96
3.61
4.39
4.78
4.77
4.79
4.79
4.80
4.80
4.80
4.80
4.80
4.82
4.78
4.81
4.79
4.80
4.79
4.69
4.20
3.68
3.07
2.29
1.88
1.49
1.30
1.20
1.37
1.40
1.36
1.35
1.25
1.37
1.38
1.53
1.70
1.81
1.96
1.96
1.98
2.12
1.96
2.21
2.47
2.42
2.23
1.86
1.76
1.68
1.45
1.47
1.27
1.32
1.40
1.32
1.44
1.33
