4.79
4.69
4.10
3.68
3.17
3.17
2.94
3.48
3.51
3.31
4.82
4.80
4.77
4.81
4.80
4.81
4.79
4.79
4.77
4.84
4.79
4.79
4.78
4.82
4.79
4.77
4.77
4.79
4.80
4.83
4.80
4.78
4.42
4.80
4.81
4.34
4.11
4.78
4.81
4.78
4.81
4.77
4.83
4.79
4.78
3.87
4.06
3.28
3.60
2.70
2.65
2.62
3.07
2.77
2.69
2.89
3.25
3.00
2.92
4.16
3.99
4.10
3.37
3.81
3.67
3.20
3.08
4.54
4.74
4.12
4.79
4.79
4.81
4.79
4.80
4.78
4.82
4.79
4.81
4.79
4.82
4.77
4.80
4.79
4.79
4.79
4.80
4.79
4.81
4.79
4.82
4.80
4.80
4.78
4.77
4.81
4.78
4.81
4.78
4.84
4.79
4.77
4.77
4.80
4.79
4.79
4.80
4.76
4.79
4.80
4.81
4.79
4.58
4.41
4.42
3.25
2.52
2.30
2.54
2.14
2.64
2.61
3.23
3.80
3.22
3.54
4.34
4.24
4.49
4.45
4.42
4.79
4.80
4.21
4.80
4.79
4.78
4.80
4.80
4.79
4.77
4.80
4.79
4.80
4.79
4.80
4.79
4.82
4.80
4.80
4.80
4.77
4.69
4.79
4.79
4.77
4.82
4.79
4.80
4.80
4.79
4.80
4.83
4.79
4.80
4.81
4.78
4.82
4.78
4.80
4.78
4.84
4.79
4.75
4.07
4.26
4.24
3.15
3.04
3.02
2.60
3.02
3.00
3.25
2.98
2.96
4.04
3.28
4.81
4.51
3.98
3.32
4.39
3.44
4.41
4.80
4.73
4.79
4.79
4.79
4.82
4.80
4.77
4.80
4.79
4.82
4.78
4.80
4.78
4.84
4.80
4.77
4.78
4.80
4.80
4.78
4.79
4.78
4.79
4.79
4.80
4.79
4.80
4.78
4.83
4.78
4.79
4.78
4.84
4.79
4.77
4.79
4.80
4.79
4.79
4.79
4.66
4.19
3.10
2.80
2.51
3.09
2.47
3.02
2.64
3.01
3.08
3.49
4.77
3.97
3.75
3.02
2.59
3.00
4.13
4.80
4.82
4.79
4.67
4.78
4.80
4.80
4.81
4.77
4.83
4.60
4.80
4.80
4.78
4.79
4.80
4.80
4.82
4.80
4.80
4.80
4.81
4.81
4.78
4.81
4.78
4.84
4.79
4.78
4.77
4.80
4.80
4.79
4.79
4.80
4.80
4.80
4.80
4.78
4.80
4.77
4.84
4.78
4.79
4.77
4.81
4.79
4.62
4.77
4.59
4.72
4.81
4.79
4.80
4.29
4.81
4.80
4.78
4.80
4.78
4.80
4.79
4.68
4.78
4.64
4.80
4.77
4.77
4.53
4.79
4.78
4.77
4.79
4.79
4.79
4.79
4.80
4.78
3.85
3.16
3.43
4.79
4.78
4.82
4.79
4.79
4.79
4.84
4.79
4.80
4.79
4.80
4.79
4.80
4.79
4.79
4.78
4.81
4.80
4.79
4.79
4.77
4.82
4.78
4.81
4.77
4.82
4.83
4.78
4.77
4.82
4.80
4.79
4.79
4.79
4.79
4.78
4.79
4.10
4.80
4.80
4.82
4.79
4.08
3.83
3.48
3.88
3.29
3.72
4.51
4.78
4.80
4.79
4.76
4.79
4.35
4.42
4.37
4.58
4.80
4.80
4.78
4.82
4.49
4.84
4.78
4.79
4.77
4.82
4.80
4.80
4.79
4.79
4.80
4.82
4.80
4.80
4.79
4.80
4.82
4.79
4.79
4.78
4.84
4.80
4.79
4.77
4.80
4.78
4.79
4.79
4.80
4.79
4.79
4.79
4.80
4.79
4.78
4.82
4.80
4.80
4.77
3.90
3.56
3.87
3.26
3.46
3.32
3.56
3.15
4.02
3.37
4.31
4.03
3.31
4.05
3.32
3.92
3.66
2.90
3.57
4.82
4.78
4.81
4.77
4.80
4.80
4.70
