1.34
1.22
1.28
1.48
1.34
1.38
1.53
1.82
2.16
2.20
1.98
2.46
3.15
4.80
4.35
3.71
3.39
2.83
2.75
2.89
2.55
2.70
2.89
4.80
4.77
4.45
3.98
4.08
3.49
3.59
3.73
3.64
3.96
4.49
4.78
4.61
3.87
3.72
2.83
2.14
1.90
1.96
1.78
2.03
1.88
1.80
2.00
1.65
1.48
1.80
2.02
2.10
2.17
2.05
1.74
2.05
1.89
1.76
1.68
2.54
2.37
3.12
2.60
2.73
2.49
2.96
2.77
3.04
2.96
3.32
3.04
3.83
3.21
2.48
2.21
2.93
3.06
3.79
3.67
3.30
3.00
3.76
3.83
4.48
4.80
4.78
4.80
4.23
4.74
4.41
4.79
4.79
4.26
3.92
4.14
3.14
2.79
2.52
2.13
1.79
1.81
1.78
1.78
1.80
1.67
2.15
1.99
2.28
2.91
2.79
3.66
2.77
2.69
2.83
2.83
4.80
4.03
4.66
3.54
3.22
3.70
3.57
3.33
2.97
3.37
3.86
4.19
3.64
3.89
3.98
4.42
4.06
4.43
4.19
4.15
4.22
4.31
3.51
3.94
4.43
4.61
4.78
4.77
4.26
4.22
3.52
2.96
2.68
2.44
2.35
2.16
2.40
1.97
1.82
1.96
2.04
2.42
1.98
1.96
1.79
2.25
2.36
2.23
3.41
3.00
2.91
2.93
2.47
3.66
3.02
2.77
3.27
2.75
2.95
3.72
3.63
3.80
3.11
2.81
2.71
3.11
3.18
3.93
4.57
4.84
4.32
3.71
3.82
3.24
4.59
4.15
4.61
4.80
4.79
4.79
4.79
4.25
4.74
4.71
3.73
4.54
3.98
4.25
3.51
2.81
2.35
2.19
1.70
1.85
2.11
1.97
2.05
2.03
1.92
2.55
2.35
2.98
2.51
2.77
2.50
2.45
3.17
2.58
2.66
2.76
3.05
3.40
2.94
2.73
3.17
3.11
3.07
4.12
3.40
4.80
4.80
4.79
4.79
4.07
3.60
3.69
3.41
4.25
4.80
4.78
4.81
3.78
4.65
4.70
4.84
4.19
3.78
4.77
4.10
3.41
2.86
2.48
2.17
1.95
1.96
1.80
1.84
1.73
1.43
2.17
2.56
2.61
2.87
2.52
2.87
3.25
3.78
3.19
4.47
4.52
3.59
3.79
3.94
3.59
3.55
3.09
3.21
2.68
3.57
3.22
2.64
3.49
3.64
3.54
3.39
2.99
4.47
4.20
3.93
4.01
4.04
4.41
4.80
4.79
4.79
4.79
4.63
3.81
4.34
3.33
2.60
2.41
2.13
2.37
1.98
2.20
2.21
2.25
2.09
1.97
2.19
2.05
2.51
2.43
2.68
3.54
3.04
2.58
3.60
3.17
2.67
2.38
2.24
2.85
2.87
2.70
3.37
2.78
4.02
4.08
4.51
4.61
4.27
4.75
3.53
4.77
3.73
3.30
3.01
2.61
3.80
3.25
4.17
4.81
4.79
4.80
4.79
4.81
4.80
4.79
4.78
3.73
4.21
3.18
2.74
2.29
1.96
1.77
1.91
1.87
1.68
1.92
2.28
2.81
2.83
3.29
3.11
3.15
2.98
2.93
3.55
2.71
2.68
2.34
2.44
2.63
2.28
1.94
1.69
3.46
4.77
4.78
4.01
3.80
4.52
4.16
4.63
4.79
3.48
3.79
4.24
4.43
4.40
4.82
4.78
4.81
4.77
4.82
4.77
4.79
4.80
4.09
4.16
4.23
3.87
3.10
2.52
2.36
2.53
2.55
2.29
1.95
1.69
1.90
2.79
2.41
2.93
2.28
2.50
2.56
2.31
2.85
2.87
2.89
2.96
2.99
3.06
3.08
3.96
2.92
3.32
3.36
3.62
3.12
3.85
4.14
4.79
4.79
4.77
4.82
4.79
4.22
4.79
4.80
4.80
4.51
4.80
4.77
4.80
4.80
4.80
4.78
4.79
4.78
4.83
4.77
4.61
3.87
3.79
3.13
2.64
2.60
2.57
3.08
2.78
2.19
1.92
1.91
1.87
1.83
2.15
2.49
2.27
3.32
2.83
2.92
3.44
3.03
2.83
2.92
2.44
3.32
3.68
2.92
3.85
3.46
2.99
3.84
3.55
3.91
3.56
3.43
2.84
2.45
