3.28
3.17
2.84
2.79
2.76
3.56
4.00
4.77
4.11
4.07
3.62
3.56
3.25
3.71
3.68
4.03
3.76
3.36
3.48
3.05
3.24
3.29
3.27
3.54
3.88
3.26
2.73
2.46
2.18
2.90
3.14
2.82
3.04
3.27
3.49
3.48
3.12
2.79
3.08
2.70
2.50
2.46
2.53
2.86
2.56
2.25
2.57
2.27
2.08
2.04
1.79
1.69
1.75
2.12
1.83
1.55
1.34
1.57
2.00
1.55
1.73
1.76
2.19
2.21
2.07
2.31
2.12
2.94
2.81
2.71
2.09
2.15
2.93
2.99
2.68
2.88
3.07
2.72
3.28
3.31
3.41
3.34
3.30
3.11
3.09
3.73
4.44
4.78
4.78
4.78
4.77
4.78
4.21
4.76
4.78
4.79
4.77
4.06
4.00
3.30
3.49
3.33
3.62
3.64
3.14
3.18
3.16
2.91
2.81
2.85
2.76
2.65
2.51
3.13
2.99
2.96
2.79
2.32
2.43
2.39
2.14
1.91
2.50
2.94
2.52
2.41
2.45
2.50
2.26
2.14
1.89
1.92
1.93
2.06
2.25
1.99
2.04
2.28
2.28
2.49
2.20
2.12
2.09
2.22
2.20
2.36
2.25
2.46
2.72
3.49
3.37
3.26
2.90
2.54
2.97
2.54
2.53
2.30
2.43
2.57
2.25
2.46
2.91
2.99
2.93
3.23
3.75
3.55
3.08
2.95
3.77
4.08
4.18
3.60
3.40
3.43
3.44
3.58
3.94
3.47
3.37
4.20
4.38
3.57
3.45
3.46
3.77
3.85
3.53
3.06
2.93
3.21
3.57
3.26
3.87
3.48
3.38
3.39
3.00
2.78
2.84
2.47
2.29
2.45
2.38
2.61
2.36
2.11
1.98
2.13
2.06
1.77
1.96
2.26
2.23
2.17
2.05
2.02
1.98
1.89
2.00
1.90
1.69
1.80
2.14
1.94
2.22
1.97
2.20
2.58
2.52
2.42
2.53
2.17
2.02
2.21
2.35
2.66
2.48
2.28
2.30
2.42
2.74
3.25
3.12
3.48
2.75
2.89
2.89
3.20
3.51
3.91
3.90
4.59
4.60
4.42
4.24
4.69
4.77
4.73
4.75
4.71
4.57
4.63
4.70
3.61
4.27
3.97
3.56
3.38
3.31
3.00
2.70
3.07
2.54
2.83
2.62
2.36
2.39
2.19
2.48
2.43
2.61
2.77
2.70
2.56
2.47
2.09
1.86
2.14
2.20
2.16
2.07
2.06
2.03
2.33
2.45
2.27
2.28
2.43
2.43
2.15
2.43
2.49
2.56
2.55
2.48
2.42
2.40
2.33
2.70
2.93
2.41
2.28
2.11
2.27
1.99
2.23
1.90
2.10
1.97
1.99
2.34
2.17
2.94
2.72
2.75
2.73
2.77
3.34
2.77
2.62
2.40
2.60
2.91
3.58
3.56
3.15
2.93
2.51
2.77
2.83
2.88
2.70
2.59
2.57
2.75
2.54
2.65
2.94
2.61
2.78
2.58
2.53
2.26
2.33
2.18
2.60
2.26
2.35
2.55
2.04
2.05
1.97
1.98
2.23
2.08
1.81
1.79
2.16
1.83
2.34
2.23
2.39
2.18
2.36
2.38
2.26
2.44
2.58
2.39
2.49
2.68
2.59
2.84
2.81
2.69
2.37
2.29
2.33
2.11
2.29
2.01
2.20
2.10
2.22
2.06
2.09
2.25
1.84
1.96
2.15
2.23
2.00
2.07
2.02
2.17
2.19
2.02
2.40
2.02
2.16
2.11
2.22
2.55
2.14
2.27
2.09
2.13
2.20
2.16
2.04
1.98
2.01
2.04
2.10
2.03
2.03
1.87
2.14
2.00
1.94
2.04
1.90
1.88
1.98
