1.85
1.83
1.78
1.46
1.62
2.30
2.03
1.98
2.27
2.23
2.46
2.81
2.39
2.01
1.84
1.96
1.71
1.74
1.72
1.78
1.68
1.86
2.19
2.36
2.55
2.91
2.25
2.35
2.33
2.51
2.70
2.86
3.32
3.42
3.82
4.00
4.23
4.58
4.51
4.46
4.32
3.80
3.81
3.36
2.94
2.77
2.45
2.50
2.27
2.21
2.17
1.96
1.93
2.02
1.82
1.87
2.31
2.10
2.52
2.39
2.34
2.53
2.42
2.13
2.44
2.73
2.37
2.17
2.20
2.31
2.46
2.76
3.30
3.27
3.36
3.05
2.90
2.65
2.12
2.28
2.62
2.79
2.69
2.94
2.60
2.49
2.19
2.24
2.17
2.19
2.24
2.44
1.91
1.84
2.03
1.84
2.19
2.01
2.38
2.37
3.00
3.48
3.63
4.18
4.35
4.32
4.52
4.41
4.39
4.14
3.87
3.72
3.37
3.12
2.79
2.61
2.58
2.14
2.30
2.23
2.20
2.04
2.37
2.33
2.13
2.94
2.55
2.76
2.70
2.82
2.84
2.57
2.56
2.48
2.75
2.73
2.40
3.02
3.03
2.71
2.61
2.16
2.04
2.23
2.02
2.75
3.65
4.03
3.89
3.63
3.01
2.58
2.71
2.61
2.23
2.39
2.54
2.25
2.52
2.30
2.41
2.23
2.10
2.05
1.76
2.17
2.20
2.01
1.96
2.05
1.98
1.90
2.07
1.91
2.35
2.58
2.88
3.34
3.55
3.92
4.15
4.13
4.36
4.38
4.22
4.10
3.39
3.26
2.97
2.54
2.72
2.25
2.05
1.98
1.74
1.84
1.94
1.69
2.08
1.97
1.91
2.04
2.12
2.20
2.51
2.00
2.26
1.93
2.00
2.13
1.91
2.09
2.46
2.72
2.24
2.13
2.24
2.52
2.21
1.94
2.57
2.89
2.69
2.54
3.31
3.62
3.49
3.88
3.98
3.58
3.61
3.21
2.83
2.32
2.19
2.39
2.81
2.97
3.23
3.34
3.24
3.16
3.08
2.97
3.37
3.19
3.10
2.79
2.93
3.71
4.09
4.24
4.13
4.69
4.66
4.71
4.69
4.69
3.93
3.87
3.63
3.50
3.36
3.40
3.50
3.18
3.32
3.49
3.32
3.36
2.92
3.35
3.19
3.28
3.26
2.88
3.40
3.00
2.86
2.72
2.19
2.47
2.41
2.43
2.90
2.73
2.96
2.83
2.79
2.87
2.61
2.21
2.19
1.99
1.58
2.09
2.14
2.36
2.63
2.94
3.18
3.43
3.64
3.88
3.76
4.06
4.25
4.08
4.57
4.52
3.98
4.03
3.35
3.14
3.02
2.72
2.60
2.24
2.22
2.69
2.73
2.64
2.97
3.03
2.97
3.60
3.53
3.39
2.82
2.56
2.27
2.09
2.14
2.50
2.42
2.59
2.51
2.42
2.22
2.18
2.32
2.12
2.04
2.06
2.61
2.41
2.03
1.98
1.77
1.81
2.35
2.72
3.30
3.93
4.25
4.72
4.68
4.71
4.49
4.14
3.83
3.57
3.04
2.56
2.34
2.12
1.80
1.80
2.14
2.62
2.33
2.59
3.00
2.85
3.01
3.44
3.57
3.61
3.50
3.71
4.23
4.22
4.35
4.54
4.31
4.12
3.85
3.59
3.09
3.03
3.32
3.67
3.71
4.21
4.44
3.75
3.18
3.07
3.10
2.68
2.55
2.68
2.77
2.66
2.73
3.33
3.11
3.29
2.97
3.67
3.39
2.91
2.66
2.33
2.39
2.52
3.06
3.57
4.11
4.66
4.70
4.70
4.70
4.54
4.24
3.59
3.35
3.05
2.40
2.34
1.93
1.99
1.96
1.88
1.85
2.11
2.59
2.92
3.19
3.11
3.11
3.33
3.24
3.63
3.37
3.44
3.09
3.13
2.73
2.82
2.61
3.20
2.98
2.98
2.67
2.49
2.52
1.91
1.94
2.67
2.49
2.30
2.27
1.70
1.74
1.64
1.92
2.34
2.35
2.32
1.91
2.80
2.82
2.91
2.66
2.37
2.67
2.49
2.96
2.39
2.36
2.25
3.04
3.26
3.26
3.50
3.43
