2.26
2.30
2.30
2.80
2.91
2.69
3.04
3.14
2.84
3.25
3.27
2.94
3.10
3.23
3.64
3.64
3.32
3.01
3.36
3.05
2.98
2.70
2.83
3.12
3.30
3.12
2.81
2.64
2.41
2.47
2.74
2.44
2.52
2.46
2.48
2.64
2.67
2.77
2.73
2.83
2.96
2.83
3.18
3.01
2.99
3.25
2.97
3.20
3.05
3.16
3.38
3.08
3.27
3.39
3.35
3.52
3.50
3.45
3.92
3.53
3.26
3.40
3.12
3.23
2.89
3.15
2.51
2.27
2.41
2.01
2.03
2.76
2.40
2.24
2.08
2.15
2.53
2.79
3.11
2.66
2.97
2.67
2.28
2.14
2.03
2.05
1.92
1.78
1.78
1.57
1.87
1.54
1.54
1.64
1.63
1.64
1.81
1.93
1.85
1.98
1.96
2.05
1.99
2.06
2.08
1.98
2.25
2.01
2.14
1.87
2.07
1.92
2.26
2.03
2.05
1.86
2.19
2.16
2.39
2.47
2.44
2.39
2.39
2.66
2.87
2.36
2.26
2.25
2.20
2.21
2.53
2.68
2.56
2.52
2.45
3.50
3.47
3.84
4.31
4.75
4.74
4.73
4.73
4.75
4.73
4.58
4.20
3.91
3.52
3.59
3.05
3.11
2.91
2.64
2.18
2.13
2.13
2.12
2.10
1.96
1.81
1.64
1.72
1.62
1.56
1.43
1.54
1.44
1.55
1.32
1.50
1.56
1.57
1.26
1.22
1.49
1.80
1.68
1.64
1.52
1.95
1.79
2.00
1.85
1.85
2.33
2.58
2.49
2.75
2.47
2.65
2.23
2.54
2.65
2.48
2.71
2.44
2.65
2.97
3.01
3.21
3.39
3.06
2.93
2.78
2.32
2.58
2.71
3.36
3.36
3.48
3.57
3.89
3.24
2.80
2.54
2.11
2.10
2.02
2.56
2.46
2.27
2.51
2.07
2.38
2.07
2.21
2.05
1.91
1.60
1.50
1.39
1.41
1.43
1.24
1.29
1.28
1.20
1.43
1.55
1.77
1.84
1.75
1.72
2.06
1.91
1.93
1.79
2.23
2.17
2.23
2.42
2.54
2.59
2.13
2.30
2.73
2.95
2.53
2.34
2.17
1.95
2.03
2.41
2.57
2.54
3.20
3.88
4.34
3.77
3.24
3.25
3.14
3.52
3.87
3.93
3.87
3.57
2.73
2.83
2.43
2.07
2.15
2.11
2.21
2.25
1.84
2.23
2.19
2.14
2.03
2.15
1.93
1.83
1.75
1.59
1.60
1.52
1.44
1.34
1.34
1.33
1.63
1.42
1.81
1.62
1.69
1.70
1.64
1.83
2.07
2.03
1.88
2.35
1.97
2.24
2.18
2.56
2.17
2.55
2.33
2.27
2.17
1.74
1.91
2.10
2.09
2.20
2.34
2.69
2.32
2.75
2.39
2.42
2.85
3.83
4.73
4.78
4.76
4.66
3.83
4.08
4.50
3.87
4.54
4.74
4.74
4.29
3.58
3.39
3.06
2.62
2.98
3.26
3.34
3.18
2.74
2.77
2.22
2.15
2.17
1.87
1.84
2.06
1.92
1.61
1.88
1.62
1.37
1.53
1.48
1.43
1.53
1.76
1.75
2.00
1.89
1.74
1.62
1.68
1.66
1.58
1.50
1.37
1.47
1.96
2.04
2.29
1.93
2.25
2.02
3.05
2.42
2.74
2.48
2.25
2.71
2.37
3.01
3.27
3.08
2.66
2.55
2.70
3.43
2.91
2.73
3.30
3.28
3.68
3.38
3.53
4.51
4.35
4.41
4.55
4.44
4.73
4.45
3.55
3.67
3.14
2.93
2.70
2.57
2.51
2.84
2.99
2.86
2.63
2.76
2.44
1.92
1.89
1.96
1.78
1.74
1.85
1.69
1.43
1.45
1.49
1.37
1.18
1.08
1.31
1.23
1.50
1.66
1.74
1.64
1.53
1.51
1.39
1.57
1.67
1.83
2.07
1.83
1.66
1.80
1.61
1.75
2.61
2.03
2.32
2.28
3.08
2.67
2.59
3.94
3.37
3.40
