1.91
1.60
1.87
1.69
1.51
1.94
1.88
2.08
1.82
1.80
1.62
1.72
1.54
1.64
1.71
1.69
1.79
1.69
1.82
1.48
2.03
1.99
2.05
1.91
1.70
1.83
1.78
1.68
1.65
1.96
1.77
1.79
1.77
1.56
1.77
1.93
1.74
1.40
1.48
1.51
1.77
1.93
1.79
1.80
1.74
1.62
2.13
1.97
1.71
1.86
1.51
1.88
1.90
1.69
2.03
1.75
2.06
1.88
2.09
2.18
2.04
2.07
1.77
1.85
2.08
2.15
1.87
1.93
1.99
1.98
2.00
1.87
2.19
1.79
2.01
1.92
1.96
2.07
1.91
1.85
1.63
1.77
1.66
1.56
1.58
1.73
1.76
1.59
1.60
1.66
1.77
1.69
1.65
1.55
1.56
1.38
1.52
1.66
1.60
1.76
1.52
1.64
1.48
1.65
1.55
1.56
1.49
1.57
2.15
1.96
1.94
1.67
1.91
1.63
1.84
1.87
1.52
1.64
1.56
1.62
1.45
1.65
1.58
1.77
1.77
1.79
1.93
1.63
1.58
2.01
2.30
2.16
2.17
2.14
2.09
2.15
2.00
1.95
1.72
1.88
1.88
2.02
1.97
2.07
2.09
1.84
1.65
1.59
1.70
1.55
1.49
1.38
1.54
1.53
1.68
1.72
1.55
1.94
1.65
1.66
1.53
1.62
1.70
1.47
1.44
1.57
1.95
1.71
1.75
1.58
1.83
1.84
1.83
2.05
1.81
2.13
2.09
1.91
1.94
1.93
1.85
1.70
2.01
1.97
2.07
1.86
2.09
2.00
1.84
2.16
2.20
2.47
1.94
2.28
2.12
2.07
2.11
1.97
1.98
1.78
1.91
1.89
2.07
1.63
1.96
1.59
1.64
1.73
1.77
1.60
1.55
1.71
1.89
2.09
1.77
2.02
2.15
1.88
1.82
1.74
1.80
1.60
1.54
1.72
1.40
1.53
1.40
1.32
1.36
1.54
1.59
1.65
1.51
1.50
1.75
1.59
1.57
1.56
1.68
1.81
1.83
1.90
1.47
1.43
1.80
1.80
1.37
1.56
1.56
1.77
1.58
1.73
1.87
1.66
1.95
1.73
1.82
1.77
1.73
2.09
1.88
1.89
1.93
2.01
1.74
1.74
1.52
1.57
1.43
1.57
1.46
1.27
1.36
1.39
1.66
1.55
1.77
1.74
1.86
1.97
1.62
1.90
1.85
1.79
1.85
2.08
2.17
2.10
3.00
2.79
2.20
2.61
2.57
2.06
1.78
1.97
1.86
1.95
2.08
2.10
2.20
2.23
2.26
2.12
2.36
2.34
3.28
3.30
2.79
2.84
2.56
2.34
2.09
2.22
2.11
2.13
2.53
2.37
2.14
2.12
2.50
2.11
2.04
1.88
1.79
1.86
1.80
1.86
1.77
1.55
2.17
2.27
1.88
1.90
2.28
2.46
2.27
2.50
2.39
2.29
2.22
2.10
1.99
1.85
1.82
1.73
1.58
1.30
1.44
1.42
1.53
1.87
1.85
1.99
1.89
2.21
2.22
2.53
2.29
2.32
2.44
2.37
2.99
2.93
3.24
2.44
2.31
2.44
2.83
3.04
2.78
2.86
2.57
2.79
2.35
2.32
2.15
1.91
1.99
2.04
1.72
1.92
1.67
1.86
1.86
1.89
2.13
2.07
2.07
2.39
2.42
2.40
2.19
2.22
1.80
1.84
1.84
1.87
2.06
1.95
2.09
2.04
1.93
2.00
2.02
1.81
1.73
1.74
1.47
1.62
1.61
1.72
1.62
1.66
1.82
2.08
1.87
2.30
2.59
2.46
2.67
2.41
3.48
2.86
2.98
2.84
2.45
2.80
2.33
2.17
1.69
2.18
2.07
2.52
2.38
2.28
3.29
3.37
3.48
3.18
3.12
3.60
3.66
3.52
3.83
3.16
2.78
2.39
2.29
2.35
2.40
2.40
2.31
2.70
2.41
2.58
2.56
2.64
2.17
2.65
2.69
2.47
2.93
3.05
3.75
3.99
4.32
4.47
4.12
4.04
3.40
3.29
