1.12
1.03
1.07
1.00
0.86
0.91
0.88
0.97
1.06
0.95
1.04
1.01
1.08
1.06
1.03
1.05
1.27
1.08
1.16
1.27
1.50
1.33
1.27
1.15
0.88
0.99
0.94
0.88
0.83
0.87
0.87
0.83
0.71
0.65
0.66
0.69
0.74
0.83
0.69
0.68
0.68
0.77
0.68
0.69
0.73
0.61
0.64
0.60
0.54
0.60
0.54
0.61
0.60
0.56
0.62
0.58
0.65
0.65
0.66
0.65
0.65
0.61
0.64
0.63
0.58
0.65
0.60
0.70
0.73
0.71
0.78
0.66
0.72
0.73
0.71
0.72
0.76
0.74
0.74
0.84
0.84
0.87
0.86
0.93
0.89
0.81
0.79
0.81
0.69
0.69
0.65
0.66
0.70
0.76
0.85
0.95
0.86
1.09
0.90
0.76
0.76
0.73
0.72
0.72
0.79
0.75
0.74
0.89
0.78
0.66
0.72
0.69
0.69
0.66
0.68
0.70
0.67
0.63
0.65
0.63
0.63
0.62
0.59
0.64
0.61
0.66
0.66
0.64
0.65
0.66
0.66
0.56
0.60
0.67
0.64
0.62
0.61
0.65
0.66
0.62
0.64
0.65
0.68
0.69
0.77
0.73
0.72
0.78
0.70
0.71
0.74
0.72
0.80
0.72
0.65
0.75
0.77
0.68
0.80
0.69
0.77
0.74
0.83
1.00
0.98
1.03
1.03
1.00
1.11
1.03
0.98
0.84
0.87
0.94
0.88
0.73
0.70
0.87
0.75
0.72
0.78
0.77
0.66
0.61
0.63
0.59
0.60
0.53
0.61
0.67
0.62
0.67
0.61
0.59
0.61
0.60
0.60
0.54
0.57
0.56
0.58
0.57
0.59
0.62
0.56
0.59
0.63
0.67
0.65
0.63
0.67
0.63
0.68
0.65
0.73
0.76
0.66
0.75
0.73
0.79
0.87
0.80
0.71
0.65
0.77
0.65
0.68
0.67
0.75
0.77
0.71
0.80
0.76
0.80
0.74
0.98
0.97
1.13
1.31
1.18
1.09
1.09
1.07
1.21
1.21
1.06
1.05
1.05
0.82
0.84
0.76
0.74
0.85
0.73
0.75
0.81
0.76
0.78
0.75
0.77
0.76
0.68
0.70
0.68
0.64
0.69
0.68
0.70
0.69
0.70
0.71
0.66
0.67
0.71
0.67
0.78
0.68
0.72
0.77
0.65
0.71
0.63
0.62
0.66
0.68
0.64
0.66
0.76
0.85
0.83
0.80
0.73
0.74
0.83
0.82
0.85
0.77
0.78
0.76
0.73
0.79
0.92
0.84
0.74
0.69
0.78
0.64
0.67
0.77
0.64
0.58
0.64
0.65
0.66
0.61
0.62
0.69
0.72
0.71
0.66
0.61
0.65
0.61
0.66
0.64
0.65
0.66
0.63
0.67
0.68
0.68
0.72
0.60
0.67
0.60
0.63
0.65
0.66
0.68
0.72
0.71
0.64
0.65
0.71
0.69
0.74
0.71
0.65
0.68
0.65
0.75
0.75
0.72
0.65
0.67
0.64
0.64
0.65
0.73
0.71
0.74
0.64
0.59
0.70
0.69
1.04
0.99
0.96
1.20
1.35
1.27
0.99
1.12
1.03
0.85
0.87
0.94
0.89
0.96
0.90
0.77
0.76
0.82
0.76
0.77
0.69
0.70
0.64
0.61
0.64
0.63
0.68
0.67
0.64
0.63
0.63
0.65
0.61
0.69
0.66
0.72
0.64
0.66
0.63
0.63
0.63
0.62
0.69
0.66
0.69
0.71
0.64
0.66
0.65
0.70
0.71
0.70
0.79
0.65
0.62
0.69
0.69
0.78
0.72
0.72
0.73
0.70
0.65
0.81
0.87
1.01
1.28
1.11
1.06
1.02
1.17
1.37
1.34
1.31
1.33
1.20
1.21
1.14
0.88
0.95
0.93
0.86
0.73
0.69
0.61
0.48
0.60
0.60
0.66
0.60
0.54
0.56
0.53
0.64
0.60
0.63
0.61
0.62
0.69
0.59
0.61
0.65
0.66
0.65
0.63
0.57
0.61
0.67
0.65
0.69
0.68
0.70
0.61
0.72
0.81
0.77
0.84
0.69
0.59
0.63
0.64
0.69
0.94
0.82
0.66
0.66
0.72
0.67
0.97
1.07
0.94
1.07
