1.09
1.15
1.09
1.09
1.07
1.10
1.13
1.15
1.24
1.14
1.13
1.04
1.37
1.31
1.06
1.12
1.37
1.57
1.35
1.37
1.28
1.30
1.28
1.94
2.01
2.07
1.81
1.55
1.36
1.21
1.03
0.93
0.87
0.72
0.73
0.65
0.69
0.69
0.65
0.67
0.60
0.64
0.56
0.59
0.62
0.58
0.68
0.59
0.59
0.60
0.59
0.58
0.56
0.54
0.59
0.58
0.56
0.59
0.65
0.63
0.57
0.60
0.68
0.64
0.68
0.69
0.77
0.67
0.68
0.76
0.61
0.74
0.75
0.80
0.84
0.81
1.24
1.23
1.27
1.21
0.97
1.27
1.23
1.08
1.06
1.22
1.30
1.18
0.97
0.78
0.89
0.97
0.94
0.79
0.74
0.86
0.77
0.79
0.77
0.86
0.72
0.70
0.71
0.56
0.61
0.61
0.60
0.55
0.53
0.52
0.55
0.54
0.48
0.53
0.56
0.65
0.64
0.57
0.55
0.64
0.70
0.66
0.71
0.61
0.55
0.65
0.69
0.70
0.72
0.62
0.67
0.70
0.65
0.68
0.65
0.67
0.93
0.82
0.86
0.78
0.89
0.79
0.71
1.02
0.87
1.01
1.30
1.27
1.48
1.24
1.35
1.29
1.08
0.96
0.94
0.98
0.84
0.87
0.91
0.87
0.75
0.63
0.82
0.80
0.72
0.65
0.66
0.69
0.70
0.71
0.58
0.62
0.63
0.61
0.66
0.66
0.64
0.57
0.64
0.59
0.64
0.60
0.62
0.65
0.57
0.66
0.56
0.56
0.54
0.75
0.77
0.84
0.81
0.97
1.02
1.14
0.96
1.12
1.06
1.22
1.04
1.32
1.30
1.11
1.16
1.19
1.28
1.45
1.43
1.50
1.37
1.28
1.76
1.39
1.32
1.37
1.38
1.57
1.28
1.20
1.07
0.91
0.87
0.73
0.64
0.64
0.74
0.64
0.62
0.74
0.69
0.77
0.73
0.68
0.53
0.55
0.51
0.56
0.56
0.52
0.57
0.54
0.65
0.61
0.61
0.59
0.61
0.61
0.56
0.63
0.60
0.71
0.64
0.62
0.80
0.85
0.90
1.12
1.10
1.11
1.12
1.08
0.90
0.98
1.03
0.95
1.10
1.08
1.30
1.38
1.56
1.24
1.51
1.47
1.44
1.53
1.38
1.72
1.55
1.53
1.37
1.09
1.13
1.11
1.03
1.22
1.12
1.09
1.11
1.05
1.13
1.15
1.11
1.16
1.04
1.16
1.12
1.19
1.14
1.07
1.07
0.99
1.01
0.99
0.91
0.85
0.79
0.83
0.78
0.73
0.77
0.75
0.67
0.65
0.57
0.85
0.82
0.81
1.18
0.97
1.18
1.13
1.29
1.34
1.12
0.90
0.95
1.02
1.01
1.14
1.18
1.25
1.29
1.33
1.52
1.62
1.71
1.95
2.06
1.68
1.73
1.53
1.46
1.21
1.02
1.26
1.13
1.08
0.91
0.84
0.84
0.69
0.72
0.68
0.65
0.57
0.60
0.56
0.53
0.59
0.65
0.68
0.70
0.66
0.64
0.69
0.62
0.61
0.63
0.62
0.76
0.66
0.77
0.68
0.73
0.68
0.76
0.84
1.08
1.00
0.93
0.98
1.01
0.91
0.83
1.01
1.09
1.06
1.01
0.99
0.94
1.04
1.33
1.55
1.35
1.37
1.45
1.39
1.24
1.39
1.62
1.86
1.87
1.80
1.45
1.19
1.14
1.02
0.85
0.82
0.81
0.82
0.87
0.77
0.74
0.71
0.66
0.65
0.57
0.62
0.64
0.61
0.66
0.67
0.66
0.60
0.61
0.60
0.61
0.66
0.64
0.66
0.56
0.62
0.61
0.63
0.67
0.76
0.71
0.60
0.60
0.65
0.78
0.79
0.72
0.65
0.58
0.98
0.91
0.80
0.81
0.84
1.02
1.23
1.09
1.01
1.10
1.09
1.37
1.55
1.53
1.52
1.47
1.43
1.31
1.27
1.65
1.58
1.39
1.55
1.39
1.19
1.04
0.98
0.97
