1.16
1.47
1.51
1.84
1.84
1.77
1.57
1.40
1.43
1.52
1.33
1.26
1.07
0.98
0.95
0.94
0.83
0.74
0.68
0.65
0.65
0.72
0.71
0.64
0.67
0.65
0.58
0.56
0.58
0.63
0.63
0.65
0.63
0.54
0.57
0.61
0.55
0.65
0.59
0.65
0.71
0.72
0.73
0.90
0.88
1.01
0.90
1.31
1.16
1.35
1.09
1.35
1.25
1.43
1.28
1.36
1.23
1.23
1.06
1.00
0.99
1.57
1.51
1.62
2.32
2.14
1.81
1.83
1.59
1.60
1.74
1.72
1.62
1.79
1.64
1.29
1.27
1.20
1.20
1.05
0.98
0.91
0.90
0.95
1.01
0.93
0.91
0.87
0.87
0.79
0.85
0.84
0.77
0.80
0.85
0.84
0.85
0.89
0.97
1.00
0.98
1.09
1.07
1.12
1.26
1.44
1.71
1.46
1.63
1.50
1.53
1.48
1.29
1.26
1.28
1.46
1.30
1.38
1.39
1.29
1.40
1.36
1.58
1.40
1.30
1.16
1.72
1.53
1.80
1.59
1.86
2.16
1.84
2.04
2.49
2.59
2.92
2.58
2.15
2.04
1.96
1.74
1.54
1.31
1.24
1.01
1.03
1.27
1.18
1.03
0.92
0.94
0.89
0.89
0.87
0.87
0.92
0.87
0.84
0.79
0.71
0.79
0.84
0.83
0.76
0.99
0.93
1.07
0.88
1.00
1.03
0.89
0.84
0.99
0.96
0.97
0.98
1.23
1.31
1.50
1.28
1.39
1.59
1.23
1.12
1.28
1.18
1.42
1.59
1.39
1.16
1.35
1.85
1.99
2.04
1.87
2.21
2.19
2.26
2.31
1.99
2.31
2.04
2.05
2.43
2.67
2.93
2.55
2.32
1.98
1.95
1.81
1.49
1.37
1.30
1.22
1.31
1.13
0.96
0.86
0.86
0.75
0.75
0.78
0.78
0.75
0.81
0.75
0.65
0.70
0.71
0.73
0.66
0.64
0.75
0.79
0.81
0.83
1.16
1.03
1.12
1.05
1.18
1.34
1.34
1.41
1.21
1.79
1.79
1.53
1.34
1.35
1.31
1.42
1.63
1.69
1.47
1.59
1.74
1.55
1.74
2.01
1.97
2.02
2.40
2.68
2.68
2.54
2.26
2.36
2.21
2.31
1.95
2.20
2.16
2.09
1.84
1.45
1.50
1.28
1.20
1.26
1.05
1.08
1.01
0.95
0.83
0.81
0.79
0.79
0.75
0.77
0.74
0.75
0.89
0.80
0.84
0.86
1.04
1.02
1.21
1.07
1.13
0.98
0.99
1.56
1.70
1.49
1.52
1.37
1.44
1.48
1.39
1.75
1.84
1.76
1.93
2.18
2.33
2.29
2.44
3.35
2.97
2.60
2.49
3.18
3.72
3.84
3.91
3.24
2.66
2.27
2.18
2.20
1.80
1.98
1.52
1.55
1.50
1.33
1.39
1.20
1.12
0.96
0.80
0.85
0.79
0.79
0.74
0.78
0.66
0.73
0.70
0.76
0.75
0.73
0.75
0.91
1.17
1.18
1.33
1.28
1.63
1.43
1.45
1.47
1.66
2.39
2.46
2.62
2.32
2.47
2.21
2.30
2.68
2.75
2.38
2.11
1.80
2.42
2.43
2.57
2.17
1.87
2.08
2.10
2.01
1.83
1.99
2.36
2.32
2.32
2.16
2.91
3.12
3.04
2.56
1.89
1.92
1.70
1.50
1.13
1.04
1.03
0.97
0.81
0.77
0.87
0.74
0.83
0.82
0.75
0.85
0.81
0.69
0.80
0.67
0.86
0.71
0.83
0.92
0.81
0.87
1.08
1.02
1.03
0.88
0.82
0.98
1.01
1.10
1.25
1.13
1.05
1.04
1.42
1.62
1.36
1.33
1.34
1.27
1.12
1.15
1.27
1.44
2.34
2.20
2.25
2.29
2.70
2.77
2.54
2.63
2.64
3.17
3.96
3.49
2.86
3.20
3.16
2.77
2.52
2.49
2.17
2.08
1.94
1.99
1.92
1.87
1.94
1.90
1.93
1.94
1.77
