0.87
0.93
0.97
1.13
1.16
1.35
1.49
1.79
1.78
1.75
1.77
2.00
2.24
1.84
1.67
1.75
1.74
1.89
1.75
1.99
1.89
1.78
1.60
1.55
1.25
1.40
1.42
1.59
1.43
1.32
1.31
1.18
1.01
1.00
0.89
0.86
0.85
0.81
0.86
0.89
0.95
0.82
0.80
0.74
0.86
1.00
1.02
0.91
1.21
1.08
1.11
1.60
1.24
1.75
1.33
1.38
1.21
1.51
1.60
1.60
1.61
1.57
1.58
1.50
1.57
1.65
1.65
1.89
1.51
2.36
2.69
2.77
2.72
2.57
2.37
2.55
3.01
3.32
3.50
3.29
3.31
3.10
2.98
2.77
2.63
2.27
2.18
2.14
2.04
1.96
1.67
1.97
1.83
1.85
1.68
1.63
1.61
1.33
1.37
1.30
1.13
1.09
1.08
1.04
1.07
0.97
0.97
0.97
0.91
1.11
0.99
0.99
1.15
1.09
1.27
1.31
1.23
1.42
1.73
1.80
1.82
1.84
1.89
1.90
1.81
1.79
1.92
1.85
1.71
1.83
1.77
1.62
1.78
1.72
2.12
1.87
1.84
1.86
2.61
2.94
2.71
2.05
1.99
2.22
2.08
3.25
2.70
2.97
3.04
2.90
2.98
3.11
3.80
3.70
3.41
2.89
2.84
3.25
3.42
3.32
2.77
2.49
2.23
2.05
1.80
1.79
1.42
1.32
1.18
0.93
0.88
0.92
0.85
0.80
0.91
0.91
1.13
1.18
1.09
1.25
1.08
1.09
1.22
1.36
1.37
1.25
1.23
1.32
1.09
1.45
1.21
1.31
1.27
1.46
1.13
1.40
1.35
1.27
1.16
1.75
1.65
2.09
2.62
2.64
3.23
3.38
3.55
3.19
3.55
3.46
3.33
3.09
4.12
4.72
4.61
4.74
4.64
4.65
4.76
4.70
4.34
4.41
4.18
3.73
3.57
3.19
3.11
2.77
2.82
2.65
2.45
2.22
1.77
1.67
1.52
1.19
1.28
1.14
1.18
1.41
1.25
1.16
1.05
1.25
1.30
1.26
1.65
1.33
1.20
1.35
1.16
1.04
1.09
0.98
1.26
1.18
1.68
1.64
1.86
1.76
1.82
2.25
2.63
2.41
2.36
2.45
2.99
3.33
3.33
3.57
3.25
4.12
4.16
4.04
4.07
3.85
3.50
4.17
4.52
4.33
4.58
4.27
4.75
4.42
3.57
4.04
4.22
3.96
3.13
2.53
2.34
2.06
1.82
1.95
1.82
1.78
1.84
1.95
2.15
2.29
2.64
2.93
3.25
3.34
3.49
3.34
3.29
3.18
3.41
3.33
3.29
3.55
3.44
3.47
3.52
3.60
3.40
3.62
3.47
3.32
3.25
3.21
3.02
3.24
3.14
3.26
3.51
3.22
3.15
2.87
2.71
2.56
2.56
3.23
3.00
3.83
4.29
4.23
3.58
4.67
4.14
4.53
4.73
4.74
4.74
4.73
4.75
4.73
4.35
3.61
3.72
3.77
3.47
3.75
3.23
3.01
2.58
2.15
1.99
1.72
1.65
1.55
1.47
1.60
1.58
1.32
1.36
1.44
1.31
1.31
1.39
1.50
1.41
1.27
1.19
1.05
1.18
1.09
1.05
1.25
1.27
1.27
1.18
1.37
1.19
1.01
0.80
1.09
1.24
1.58
1.43
1.64
1.69
2.10
2.03
2.39
2.01
2.12
1.73
1.60
1.69
1.45
1.52
1.63
1.74
1.85
1.95
1.79
1.60
1.53
1.54
1.62
2.14
2.99
3.39
3.53
3.28
3.96
4.74
4.74
4.75
4.76
4.74
4.76
4.76
4.76
4.76
4.75
4.72
4.45
3.94
4.05
4.56
4.47
4.60
4.23
4.14
3.38
3.39
3.32
2.50
2.18
1.88
1.58
1.38
1.33
1.52
1.26
1.27
1.16
1.10
0.99
1.04
1.10
1.27
1.22
1.10
1.08
1.26
1.33
1.28
1.40
1.36
1.34
1.62
1.34
1.72
2.06
1.89
1.89
1.89
2.04
1.73
1.54
