1.13
1.11
1.18
1.13
1.01
1.27
1.61
1.57
1.94
2.15
2.47
2.15
2.26
2.42
2.83
2.82
2.83
2.68
2.85
2.55
3.04
3.39
2.81
3.17
3.17
3.36
3.47
3.68
3.35
3.39
3.08
3.00
2.70
2.82
2.96
3.22
3.08
2.43
2.63
2.17
1.90
1.84
1.51
1.42
1.05
1.03
1.03
1.16
1.25
1.09
1.24
1.23
1.22
1.12
1.23
1.24
1.32
1.17
1.59
1.42
1.45
1.45
1.24
1.45
1.41
1.81
1.71
1.66
1.88
1.74
1.75
1.68
2.09
1.61
1.82
1.90
1.96
2.64
2.57
3.00
2.54
2.42
2.17
3.38
3.89
4.41
4.07
4.41
4.13
3.76
3.97
3.59
3.51
2.97
2.91
3.17
3.27
3.06
2.99
2.50
2.23
1.96
1.62
1.53
1.41
1.37
1.38
1.33
1.26
1.10
1.16
1.32
1.33
1.45
1.31
1.40
1.54
1.90
1.61
1.93
2.12
2.49
2.70
2.54
2.45
2.33
2.23
2.24
2.22
2.36
2.33
2.28
2.28
3.11
2.98
3.06
2.96
2.85
2.76
3.21
3.48
3.66
4.05
3.42
3.42
4.05
3.85
3.34
3.40
3.55
3.91
4.01
4.72
4.75
4.72
4.05
3.85
4.22
4.25
4.59
3.91
3.52
3.19
3.43
3.66
4.08
3.65
3.85
3.23
3.15
3.25
2.72
2.61
2.27
2.10
1.85
1.87
1.87
1.65
2.14
2.14
2.12
2.27
2.33
2.09
1.85
2.14
1.82
1.94
1.66
1.97
1.96
1.79
1.64
1.49
1.53
1.58
1.71
1.91
1.82
1.66
1.62
1.41
1.35
1.46
1.43
1.27
1.12
1.41
1.52
1.58
1.44
1.44
1.88
1.73
1.81
1.68
1.73
1.85
1.71
1.64
1.62
1.54
1.63
1.81
1.98
1.70
2.04
1.84
1.85
1.92
1.82
1.82
2.02
2.13
2.61
3.41
3.39
3.13
2.84
2.63
3.48
3.09
2.79
2.93
3.86
4.25
3.76
3.77
3.12
3.60
3.54
3.04
4.20
4.03
3.22
3.45
3.66
3.09
3.25
3.03
2.43
2.43
2.35
2.04
1.86
1.64
1.30
1.25
1.11
1.26
1.43
1.18
1.14
1.07
1.19
1.54
1.41
1.22
1.14
1.25
1.41
1.60
1.39
1.53
1.38
1.30
1.35
1.52
1.49
1.82
1.39
1.85
1.83
1.59
1.73
1.33
1.22
1.17
1.82
1.46
1.53
1.48
1.33
1.38
1.30
1.31
1.57
2.00
1.96
2.34
2.27
2.14
2.28
2.71
2.33
2.19
2.35
2.39
2.25
2.40
2.32
2.09
2.20
2.25
2.35
2.14
2.21
2.24
2.55
2.37
2.89
3.11
3.39
3.36
3.19
3.37
2.92
2.94
3.19
4.25
4.74
4.70
4.68
4.75
4.73
4.74
4.75
4.74
4.18
4.74
4.75
4.71
4.75
4.09
3.51
3.65
3.61
3.39
3.60
3.75
3.35
3.18
3.00
2.74
2.83
2.48
2.22
1.63
1.50
1.26
1.30
1.26
1.21
1.75
1.91
1.89
1.58
1.69
1.71
1.52
1.65
1.47
1.46
1.15
1.31
1.25
1.93
1.52
2.09
2.03
2.00
2.34
2.33
2.04
1.60
2.82
2.85
3.09
2.58
2.39
2.49
2.27
2.51
2.58
2.62
2.68
2.37
2.79
3.09
2.87
3.25
2.95
3.09
3.24
2.89
3.11
2.77
3.10
3.07
2.81
3.24
3.28
2.82
2.28
2.33
2.18
3.09
2.59
2.92
2.90
2.54
2.41
2.70
2.59
2.81
2.77
3.76
4.23
4.35
3.84
4.75
4.69
4.14
4.09
3.93
4.22
4.34
4.76
4.75
4.75
4.75
4.76
4.73
4.71
4.74
4.76
4.75
4.74
4.75
4.72
4.40
4.73
4.73
4.75
4.55
4.28
4.46
3.93
3.36
3.68
3.90
4.28
3.81
