2.46
2.50
2.61
2.35
2.38
2.38
2.53
2.35
1.86
2.35
2.02
1.88
1.88
1.88
1.71
2.09
2.04
2.34
2.49
2.07
2.22
2.12
2.79
2.52
2.13
1.72
1.65
1.57
1.60
1.37
1.51
2.04
1.99
1.79
1.79
1.56
1.56
1.64
1.74
1.72
1.72
1.49
1.53
1.43
1.41
1.53
1.63
1.66
1.42
1.47
1.49
1.42
1.25
1.30
1.28
1.23
1.22
1.47
1.40
1.39
1.48
1.38
1.30
1.23
1.22
1.48
1.57
1.47
1.52
1.68
1.54
1.75
1.63
1.59
1.50
1.54
1.61
1.79
1.71
1.76
2.08
1.99
1.80
2.00
1.90
1.84
1.76
2.20
2.15
2.26
2.23
2.52
2.43
2.48
2.78
2.64
2.46
2.61
2.83
2.18
1.71
1.68
2.15
2.36
2.13
2.02
1.95
2.05
2.02
1.74
2.07
1.88
1.99
1.85
1.78
1.72
1.76
1.78
1.97
1.93
1.66
1.59
1.57
1.61
1.39
1.39
1.50
1.60
1.40
1.47
1.69
1.62
1.47
1.61
1.41
1.47
1.33
1.44
1.52
1.70
1.56
1.74
1.53
1.41
1.43
1.29
1.38
1.44
1.44
1.54
1.58
1.76
1.77
1.66
1.75
2.05
1.80
2.12
2.03
1.88
2.07
2.18
2.81
2.65
3.27
2.65
2.83
2.78
2.27
1.89
1.90
1.85
1.83
1.62
1.96
1.99
2.05
2.02
2.20
2.12
2.68
2.47
2.37
2.77
2.54
2.58
2.90
2.83
2.83
2.39
2.36
2.13
2.47
2.26
2.44
2.72
2.45
2.32
2.37
2.26
2.30
2.45
2.34
2.39
2.85
3.21
2.90
2.28
2.63
2.72
3.01
2.89
2.78
2.33
1.98
2.13
2.57
2.15
2.14
2.09
1.89
1.80
2.10
2.34
2.74
2.72
2.43
2.35
2.34
2.06
2.41
2.74
2.69
2.63
2.41
2.39
2.57
2.37
2.80
2.63
2.67
2.97
2.95
2.70
2.39
2.20
2.02
1.76
1.93
1.70
2.11
2.14
1.92
1.93
1.86
1.82
1.68
1.62
1.59
1.64
1.63
1.80
1.65
1.65
1.74
1.57
1.52
1.42
1.44
1.48
1.54
1.65
1.43
1.66
1.68
1.53
1.65
1.51
1.40
1.51
1.30
1.63
1.87
1.67
1.57
1.74
1.74
2.11
2.89
3.02
3.13
2.60
2.85
2.60
1.99
2.25
2.73
2.54
2.20
2.05
2.45
2.36
2.48
2.56
2.30
2.07
2.58
2.77
2.50
2.57
2.23
2.66
2.74
2.57
2.48
2.54
2.34
1.94
1.69
1.49
1.49
1.55
1.66
1.65
1.66
1.43
1.53
1.52
1.46
1.65
1.52
1.53
1.54
1.61
1.58
1.81
1.62
1.55
1.76
1.66
1.50
1.79
1.75
1.52
1.78
1.57
1.61
1.54
1.59
1.77
1.73
1.81
2.34
2.66
2.41
1.88
2.03
1.99
1.89
1.71
1.62
1.62
2.09
1.97
1.91
2.17
1.92
1.74
1.67
1.63
1.77
1.69
1.85
1.72
1.89
1.54
1.59
1.65
1.75
1.62
1.68
1.59
1.58
1.74
1.72
1.75
1.60
1.88
1.86
1.98
1.89
1.88
1.61
1.59
1.63
1.53
1.82
1.58
1.72
1.44
1.58
1.37
1.27
1.27
1.34
1.50
1.47
1.56
1.62
1.81
1.54
1.49
1.42
1.27
1.39
1.67
1.79
1.58
1.58
1.46
1.37
1.43
1.37
1.40
1.40
1.39
1.51
1.71
1.78
1.70
1.37
1.54
1.47
1.58
1.36
1.30
1.31
1.50
1.50
1.52
1.32
1.43
1.33
1.44
1.42
1.50
1.72
1.57
1.57
1.55
1.49
1.57
1.57
1.31
1.27
1.27
1.32
1.52
1.52
1.44
1.29
1.26
1.41
1.54
1.29
1.34
