2.41
2.70
2.88
2.52
1.96
1.69
2.11
2.48
2.41
2.11
1.81
1.89
1.86
1.71
2.03
1.83
1.90
1.98
2.12
2.07
1.91
1.66
1.93
1.95
1.82
1.74
1.52
1.80
1.64
1.79
1.70
1.67
1.74
1.66
1.80
1.85
1.82
1.83
1.87
1.76
1.79
1.55
1.56
1.65
1.50
1.69
1.61
1.62
1.58
1.68
1.72
1.58
1.70
1.85
1.75
1.59
1.69
1.64
1.76
1.63
1.71
1.76
1.55
1.69
1.74
1.76
1.73
1.76
1.58
1.49
1.60
1.75
1.67
1.75
1.73
1.81
2.12
2.01
1.64
1.62
1.90
2.11
1.83
2.17
1.96
1.89
1.86
1.73
1.96
1.74
2.06
1.85
1.94
1.87
1.80
1.81
1.63
2.01
1.76
2.61
2.47
2.89
2.76
2.76
2.84
2.69
2.63
2.30
2.13
1.92
1.80
1.66
1.80
1.69
1.86
2.07
2.14
2.14
2.09
2.08
1.76
1.75
1.76
1.70
1.68
1.70
1.67
1.60
1.63
1.74
1.70
1.69
1.71
1.75
1.76
1.78
1.78
1.80
1.67
1.71
1.71
1.71
1.80
1.70
1.86
1.77
1.89
1.84
1.87
2.02
1.88
1.80
1.70
1.71
1.84
2.05
1.85
2.05
1.96
1.93
1.92
2.06
1.95
2.14
1.92
2.01
1.86
2.22
2.28
2.16
1.73
1.54
1.77
2.06
2.24
2.30
1.89
2.11
2.41
2.16
2.33
1.89
1.99
2.30
2.27
2.42
2.27
2.93
2.76
2.55
2.88
2.52
2.40
2.21
1.93
2.08
2.15
1.93
2.01
1.58
1.60
1.65
1.76
1.91
1.93
2.06
1.88
1.86
1.96
1.99
1.88
1.98
2.15
2.00
2.23
2.07
2.20
2.12
1.98
2.01
1.98
2.06
2.09
2.04
1.87
1.84
1.86
1.84
1.66
1.67
1.73
1.79
1.75
1.98
2.01
2.10
1.97
1.96
1.98
2.17
1.97
2.17
1.88
2.23
2.30
2.09
2.18
2.27
2.07
1.98
2.14
2.07
2.12
1.75
1.97
1.98
2.47
3.27
3.44
3.04
3.02
3.46
3.97
3.64
3.06
2.62
2.48
2.45
2.26
2.26
2.26
2.36
2.36
2.06
2.03
1.71
1.93
1.94
1.90
1.81
1.93
1.81
1.84
2.27
2.16
2.43
2.44
2.61
2.71
2.50
2.62
2.73
2.62
2.40
2.34
2.44
2.62
2.60
2.44
2.36
2.17
2.11
2.02
1.95
1.81
2.05
2.02
1.98
1.95
1.78
1.85
1.60
1.81
1.94
1.97
1.98
1.84
1.94
2.29
2.30
2.29
2.30
2.10
2.06
2.36
2.18
1.84
2.05
2.15
1.72
1.94
2.23
2.31
2.27
1.87
2.06
2.14
2.20
2.51
2.60
2.51
2.39
2.80
2.99
2.48
2.25
2.75
2.48
2.45
2.30
2.09
2.02
2.11
2.18
1.90
1.81
2.13
2.05
1.82
1.97
2.07
2.11
2.30
2.25
2.25
2.12
2.15
2.28
2.20
2.29
2.34
2.21
2.24
2.26
2.24
2.30
2.08
2.14
2.14
2.15
2.11
2.05
1.97
1.77
1.89
1.77
1.83
1.69
1.76
1.87
1.69
1.82
1.69
1.72
1.98
1.95
2.04
2.17
1.91
2.11
2.01
2.01
2.32
2.13
2.32
2.16
1.88
1.65
1.94
2.03
1.84
1.80
1.94
1.72
1.76
2.11
1.95
1.86
2.11
2.21
2.30
2.00
2.19
1.85
2.25
1.81
2.15
2.14
2.56
2.94
2.80
3.16
3.13
2.74
2.31
2.69
2.33
2.44
2.04
1.93
1.89
1.89
1.91
1.90
2.02
1.83
1.88
1.99
1.94
2.09
1.99
2.14
1.86
2.17
2.50
2.42
2.81
2.78
2.80
2.79
2.73
2.92
2.79
2.72
2.44
2.39
2.22
2.20
2.28
2.16
2.05
2.04
1.93
2.12
2.10
2.39
2.70
3.03
3.33
2.97
2.67
