1.74
1.70
1.82
1.86
1.74
1.87
1.74
1.78
1.59
1.76
1.95
2.12
1.70
1.67
1.83
2.01
2.13
2.33
2.14
2.24
2.40
2.55
2.64
2.87
2.62
2.77
2.56
2.89
2.67
2.56
2.52
2.38
2.38
2.52
2.18
2.69
2.57
2.45
2.27
2.40
2.21
1.87
1.95
2.04
2.04
2.23
2.19
1.91
2.13
2.15
2.32
2.40
2.47
2.34
2.15
2.31
2.43
2.20
2.44
2.24
2.54
2.64
2.81
2.40
2.17
2.54
2.31
2.39
2.53
2.61
2.23
1.96
1.92
1.79
1.89
1.93
1.96
2.02
2.17
1.87
1.90
1.95
2.11
2.09
1.97
1.92
2.21
1.94
2.08
2.09
1.95
2.57
2.37
2.33
2.74
2.89
2.37
2.32
2.18
2.20
2.31
2.48
2.52
2.59
2.47
2.18
2.18
2.28
1.95
2.00
1.69
1.80
1.81
1.72
1.86
1.91
1.81
1.75
1.75
2.07
2.12
2.05
2.24
2.04
1.91
2.34
2.15
2.11
2.10
2.39
2.62
2.26
2.44
2.06
2.25
1.97
2.10
2.90
2.63
1.99
1.81
1.98
1.91
2.23
2.45
2.16
1.94
1.91
1.93
1.73
1.85
1.87
2.11
2.07
1.99
2.16
2.57
2.50
2.40
2.40
3.06
3.29
2.70
2.29
2.62
2.63
2.31
2.36
2.31
2.50
2.35
2.49
2.70
2.61
2.59
2.22
2.20
1.92
2.04
2.08
2.11
1.88
1.71
1.88
1.80
2.05
2.06
1.87
1.99
1.82
1.72
1.81
1.67
1.87
2.33
2.38
1.96
1.76
2.32
2.55
2.28
1.87
1.62
2.00
1.87
2.29
2.41
2.26
2.01
2.18
2.35
2.79
2.83
2.95
2.86
2.60
2.58
2.30
2.15
1.92
1.66
1.63
1.68
1.84
1.89
1.79
2.14
2.03
1.79
2.13
2.56
2.18
2.15
2.35
2.57
2.25
2.01
2.41
2.66
2.64
2.51
2.60
2.65
2.72
2.35
2.14
2.07
2.18
2.27
2.20
2.16
1.78
1.74
1.64
2.02
1.93
2.04
1.88
1.97
2.07
2.02
1.84
1.73
1.87
2.04
2.40
2.11
1.94
2.42
2.21
2.43
2.66
2.29
1.98
1.78
2.11
2.07
2.17
1.96
2.00
2.01
1.93
2.03
1.98
2.40
2.26
2.13
1.87
1.96
2.14
2.26
2.25
2.35
2.49
2.57
2.67
2.84
2.88
2.60
2.07
2.35
2.62
2.98
3.08
2.63
2.27
2.32
2.33
2.19
2.48
2.34
2.38
2.18
2.20
2.05
1.97
2.01
2.33
2.16
1.88
1.72
1.70
1.77
1.67
1.81
1.90
2.15
2.18
2.35
2.36
1.96
2.00
1.95
2.03
1.99
1.86
2.13
2.64
2.56
2.29
2.29
2.24
2.46
2.34
2.38
2.42
2.97
2.69
2.31
2.57
2.75
2.27
2.25
2.34
2.19
2.07
1.85
1.95
2.00
2.17
2.14
2.02
2.04
2.16
2.68
2.70
2.61
2.53
2.34
2.09
1.76
1.99
2.40
2.40
3.09
2.77
3.33
2.69
2.87
2.79
2.85
2.65
2.20
2.06
2.46
2.54
2.38
2.01
1.82
2.17
2.21
1.93
1.86
1.94
2.11
1.88
1.96
2.04
1.99
1.98
2.22
2.26
2.18
2.00
2.03
2.28
2.40
2.14
2.18
2.05
2.03
2.04
2.43
2.23
2.42
2.81
2.52
2.63
2.96
2.79
2.10
2.19
2.28
2.12
1.82
2.17
2.37
2.24
2.39
2.26
2.81
2.72
2.45
2.59
2.18
2.57
2.93
2.59
3.35
3.13
3.39
3.70
3.83
4.34
3.31
3.04
2.41
2.22
2.39
2.36
1.96
2.01
1.87
1.88
2.07
2.01
2.21
1.90
1.99
1.91
1.96
1.78
1.98
2.06
2.09
1.68
1.86
1.69
1.61
1.74
1.70
