4.13
3.93
3.66
3.60
4.14
3.43
3.11
3.43
3.06
3.37
4.27
4.73
4.74
4.72
4.75
3.76
3.98
4.13
3.80
4.05
4.30
4.56
3.87
4.07
3.78
3.29
2.37
2.24
2.70
2.38
2.18
2.57
2.57
2.77
2.70
2.04
1.74
1.77
1.96
2.25
2.28
2.66
2.77
2.26
2.20
2.73
2.85
2.71
2.63
2.61
2.51
2.32
2.44
2.62
2.74
2.59
2.38
2.42
2.66
2.61
2.50
2.36
2.65
3.21
3.38
3.45
3.24
3.64
3.35
3.58
3.00
3.80
4.43
4.20
4.62
4.69
4.72
4.70
4.54
4.22
4.23
4.19
4.24
4.42
4.55
4.10
3.53
3.16
2.48
2.26
2.28
2.47
2.24
2.19
2.66
2.83
2.89
2.17
2.03
2.23
2.31
2.74
2.95
3.65
3.19
3.28
3.15
3.56
3.70
3.69
3.09
2.84
3.05
2.50
3.18
3.37
3.10
2.70
2.65
2.41
2.32
2.57
2.42
2.93
2.87
2.68
2.57
2.98
3.07
3.47
3.46
3.03
3.54
3.03
3.50
3.47
3.19
4.64
4.54
4.72
4.67
4.72
4.71
4.49
3.97
3.79
3.79
3.29
3.79
3.26
3.99
3.28
3.60
3.08
2.87
2.80
2.81
3.04
2.64
2.53
2.00
1.75
2.04
2.27
2.14
2.65
2.63
2.88
2.74
2.90
2.56
2.50
2.47
2.82
2.63
2.74
2.99
3.48
3.55
3.26
3.41
3.35
3.09
2.71
2.69
2.44
2.49
2.15
2.03
2.28
3.71
4.67
4.64
4.40
4.70
4.47
4.64
3.92
4.00
3.65
4.23
4.58
4.59
4.53
4.34
3.73
4.17
4.13
4.11
3.75
4.54
4.05
4.68
4.73
4.71
4.16
3.75
4.71
4.17
4.20
4.16
3.60
3.49
3.07
2.48
2.54
2.73
3.25
2.80
2.25
2.17
1.85
2.24
2.45
2.54
2.65
2.27
2.15
2.32
2.25
2.92
2.48
3.25
4.30
4.08
3.69
4.66
3.72
3.98
4.11
3.35
3.98
4.32
4.09
3.47
3.48
4.19
4.69
4.70
4.53
4.32
4.71
4.51
4.31
4.58
4.32
4.74
4.49
4.67
4.71
4.50
4.63
4.57
4.26
3.87
3.28
4.14
3.59
3.35
3.35
3.17
3.09
3.27
2.98
3.52
3.87
3.73
3.22
3.28
3.03
2.14
2.06
2.03
2.02
1.70
1.82
2.22
3.26
3.20
2.73
2.66
2.31
2.79
2.98
2.58
3.10
3.09
3.29
3.63
4.65
4.70
3.70
3.33
3.29
2.71
2.65
2.41
2.08
1.83
2.02
2.75
2.58
2.60
4.25
4.00
4.65
4.75
4.72
4.71
4.74
4.70
4.71
4.71
4.69
4.71
4.71
4.73
4.74
4.73
4.70
4.73
4.64
4.70
4.59
3.70
4.22
3.44
3.53
3.20
2.73
2.74
2.81
2.86
3.15
2.78
2.68
2.28
2.62
2.88
2.57
2.61
2.29
2.23
2.35
2.38
2.91
2.46
2.57
2.70
2.38
2.60
3.64
4.14
4.37
4.15
3.30
3.48
4.32
4.71
4.71
4.72
4.72
4.71
4.03
3.70
4.37
4.41
4.73
4.70
4.70
4.69
4.73
4.73
4.70
4.72
4.72
4.73
4.75
4.72
4.72
4.71
4.68
4.70
4.72
4.63
4.61
3.61
4.08
3.25
3.86
2.98
2.93
2.73
2.25
3.03
3.73
3.44
2.68
2.18
1.97
2.17
1.78
1.90
2.00
2.28
2.01
2.18
2.41
2.75
2.91
3.01
2.98
3.27
3.24
2.78
3.03
4.10
3.91
3.51
3.97
4.00
3.59
3.67
3.85
3.20
3.26
3.24
3.71
3.69
3.32
3.74
4.02
4.61
4.69
4.71
4.70
4.66
4.68
4.69
4.70
4.71
4.71
4.67
4.72
4.70
4.70
4.69
4.75
4.71
4.71
4.72
4.68
4.30
4.37
4.05
3.12
2.83
