4.58
4.26
3.72
3.30
3.56
3.30
4.13
4.56
4.64
4.64
4.66
4.59
4.64
4.64
4.63
4.63
4.65
4.64
4.62
4.38
4.36
4.62
4.64
4.64
4.48
3.98
3.40
3.97
3.36
2.96
3.18
3.86
4.50
4.64
4.47
3.58
3.02
3.23
2.75
2.41
2.36
2.42
2.15
2.17
1.76
1.70
1.71
1.91
2.16
2.01
2.63
2.53
2.64
2.45
2.63
2.58
2.48
2.38
2.35
2.22
2.11
2.64
2.11
2.41
2.39
2.99
2.62
2.69
3.16
3.66
3.37
3.70
4.21
4.25
4.41
4.36
4.53
4.52
4.27
4.57
4.58
4.57
4.57
4.31
3.50
4.11
3.98
4.28
4.44
4.54
4.52
4.54
4.55
4.65
4.58
4.55
4.43
4.49
4.41
4.53
4.48
4.52
3.98
4.29
3.63
3.21
3.21
3.08
2.74
2.35
2.08
2.01
1.81
1.54
1.59
1.52
1.64
1.40
1.74
1.76
1.73
2.43
2.14
2.44
2.08
2.25
2.44
2.36
2.34
2.24
2.42
2.42
2.57
2.37
2.35
2.29
2.50
2.92
3.15
4.15
4.49
4.48
4.47
4.47
4.41
4.41
4.43
4.45
4.43
4.49
4.45
4.42
4.46
4.46
4.46
4.39
4.39
4.35
4.46
4.46
4.45
4.44
4.42
4.39
4.68
4.65
4.57
4.70
4.69
4.30
4.29
3.64
3.21
3.52
3.21
3.20
3.94
3.93
3.66
3.55
3.72
3.56
3.22
3.03
2.66
2.37
2.59
2.39
2.08
1.72
1.83
1.39
1.77
1.58
1.96
2.15
2.31
2.80
2.89
3.05
3.05
3.08
2.45
2.54
2.60
2.23
2.61
2.36
2.24
2.51
2.30
2.49
2.85
2.61
2.75
3.33
3.15
2.99
3.16
4.43
4.07
3.81
4.54
4.59
4.61
4.61
4.60
4.52
4.57
4.57
4.56
4.48
4.51
4.49
4.52
4.55
4.56
4.56
4.57
4.53
4.56
4.56
4.53
4.47
4.51
4.52
4.41
3.84
4.13
4.16
4.16
4.13
3.57
4.22
3.80
3.07
2.68
2.93
2.75
3.98
3.20
3.38
2.71
2.40
2.41
2.17
2.19
1.89
1.78
1.57
1.45
1.75
1.72
1.62
1.74
2.35
2.53
2.81
2.91
2.77
2.67
2.65
2.22
3.03
3.29
3.16
2.95
2.67
2.61
2.42
2.60
2.11
1.81
1.99
2.49
3.43
3.42
4.07
4.49
4.55
4.54
4.53
4.52
4.55
4.54
4.55
4.52
4.54
4.54
4.50
4.54
4.51
4.52
4.48
4.53
4.54
4.53
4.51
4.53
4.53
4.53
4.53
4.51
4.45
4.50
4.51
4.52
4.55
4.54
4.57
4.56
4.56
4.55
4.54
4.48
4.57
4.52
4.57
4.57
4.58
4.58
4.59
4.56
4.57
4.56
4.59
4.57
4.55
4.58
4.57
4.58
4.58
4.24
4.51
4.37
3.61
3.24
3.82
3.02
3.33
3.38
3.33
4.13
3.72
2.86
2.92
2.48
2.12
2.10
1.80
1.78
1.63
1.75
2.40
2.35
2.97
3.04
3.09
3.14
3.27
3.54
3.44
3.42
3.40
3.66
3.28
3.06
3.15
3.23
2.95
3.31
2.80
2.92
2.69
2.86
2.95
3.12
2.99
2.45
2.84
2.40
2.01
2.00
2.13
2.05
2.83
2.59
2.58
2.23
2.29
2.84
3.11
3.34
3.40
3.34
2.85
2.95
2.68
2.54
2.73
2.94
2.50
2.50
2.00
2.10
1.74
2.20
2.45
1.95
2.23
2.30
2.21
2.07
2.05
1.99
1.96
1.74
2.23
2.21
2.35
2.43
2.07
2.26
2.39
2.13
2.28
2.12
2.26
2.29
2.15
2.45
2.21
2.34
2.36
2.05
2.25
1.83
1.91
1.96
2.17
2.06
1.61
1.99
2.04
1.89
1.92
