0.71
0.63
0.72
0.75
0.82
0.85
0.93
1.10
0.95
1.13
1.24
1.25
1.02
1.21
1.29
1.14
1.70
1.39
1.73
1.75
1.52
1.49
1.37
1.38
1.45
1.43
1.30
1.21
1.07
1.15
1.00
0.93
0.94
0.73
0.86
0.82
0.75
0.82
0.73
0.83
0.75
0.86
0.96
0.99
1.02
1.15
1.35
1.31
1.67
1.40
1.42
1.22
1.37
1.20
1.46
1.32
1.42
1.43
1.09
1.27
1.24
1.13
1.29
1.15
1.38
1.44
1.26
1.04
1.18
1.22
1.36
1.39
1.35
1.29
1.20
1.21
1.10
1.13
0.93
0.93
1.18
1.03
1.03
0.84
0.89
0.85
0.81
0.87
0.77
0.83
0.87
1.24
1.20
1.25
1.26
1.49
1.64
1.70
1.91
2.18
2.31
2.17
2.26
2.28
2.15
2.02
1.86
1.73
1.38
1.44
1.35
1.15
1.39
1.10
1.16
0.96
1.00
1.07
1.18
1.10
1.08
1.08
1.05
1.39
1.29
1.59
1.47
1.43
1.24
1.34
1.16
1.07
1.25
1.05
1.17
1.09
1.20
1.15
1.07
1.21
1.17
1.24
1.24
1.20
1.02
0.99
0.86
0.83
0.74
0.75
0.87
0.77
0.82
0.93
1.00
0.93
1.02
1.17
1.10
1.23
1.30
1.43
1.30
1.22
1.37
1.05
1.33
1.07
0.94
1.08
1.29
1.07
1.00
1.09
0.87
0.88
0.88
0.93
1.14
1.37
1.25
1.60
1.43
1.63
1.66
1.48
1.48
1.41
1.20
1.21
1.08
1.10
0.91
0.96
0.82
0.91
0.94
0.79
0.87
0.84
0.88
0.71
0.73
0.78
0.69
0.65
0.74
0.90
0.86
1.05
1.12
1.04
1.16
1.13
1.14
1.14
1.13
0.94
1.20
1.12
0.87
0.87
0.91
0.80
0.91
0.70
0.84
1.09
1.21
1.08
0.96
1.18
1.24
1.61
1.43
1.55
1.60
1.34
1.48
1.44
2.02
1.97
2.09
1.78
1.65
1.39
1.31
0.95
0.92
0.91
0.74
0.80
0.87
0.91
0.88
1.01
1.04
1.03
1.04
0.90
0.79
0.63
0.63
0.73
0.63
0.84
0.93
0.93
0.92
0.92
1.01
0.85
0.96
0.99
0.81
0.89
0.79
0.78
0.60
0.64
0.69
0.83
0.81
1.13
1.27
1.47
1.39
1.52
1.32
1.21
1.52
1.15
1.47
1.65
1.75
1.81
1.84
1.63
1.66
1.72
1.45
1.19
1.15
1.01
1.01
0.83
0.87
0.85
0.87
0.93
1.09
1.11
1.23
1.26
1.02
0.99
0.84
0.80
0.59
0.70
0.78
0.82
1.01
1.01
1.14
1.06
1.14
1.16
0.95
1.09
0.99
1.15
0.88
0.93
1.09
0.82
1.65
1.25
1.09
1.32
1.30
1.10
1.39
1.30
1.34
1.37
1.07
1.02
0.86
1.20
1.24
1.21
1.32
1.28
1.46
1.17
1.09
1.09
1.06
0.93
0.85
1.07
1.00
1.05
1.17
1.09
1.16
1.11
1.26
1.20
1.16
0.89
0.86
0.80
0.81
1.06
1.09
1.39
1.41
1.57
1.52
1.50
1.66
1.42
1.65
1.39
1.21
1.15
0.98
0.91
0.86
0.82
0.78
1.19
1.00
1.41
1.39
1.42
1.26
1.18
1.28
1.61
1.70
1.60
1.75
2.00
1.71
1.93
1.53
1.45
1.35
1.42
1.40
1.48
1.25
1.30
1.26
1.22
1.12
0.94
0.92
0.80
0.92
0.91
0.87
0.97
0.96
1.09
0.82
0.80
0.87
0.80
0.87
0.83
0.95
0.98
1.07
1.06
1.07
1.10
1.06
1.30
1.09
1.19
1.02
0.79
1.00
0.79
0.96
0.66
0.68
0.85
0.67
0.69
0.78
0.82
0.94
1.07
0.94
1.02
1.31
1.46
1.59
1.28
1.47
1.51
1.60
1.77
2.19
2.18
2.33
2.62
1.94
1.73
1.68
1.41
1.23
1.27
1.29
0.95
1.03
0.72
0.85
0.96
