2.14
1.99
2.51
2.54
2.08
2.11
1.95
2.14
1.86
1.53
1.42
1.41
1.42
1.28
1.10
0.89
0.93
0.94
1.25
0.78
1.03
1.18
0.75
0.79
0.88
0.91
1.11
1.05
1.23
1.28
1.38
1.21
1.30
1.31
1.38
1.42
1.42
1.61
2.01
2.32
2.12
1.84
2.19
2.03
1.61
1.63
1.76
1.68
1.88
1.93
1.99
2.13
2.05
1.56
1.43
1.30
1.56
1.50
1.24
1.21
1.11
1.19
1.28
1.12
1.05
1.15
1.27
1.09
1.23
0.91
0.89
0.91
0.61
0.70
0.85
0.91
0.84
1.08
0.96
0.88
1.02
1.17
1.33
1.52
1.54
1.30
1.23
1.48
1.54
1.53
1.18
1.63
1.52
1.45
1.59
1.48
1.53
1.67
1.75
2.39
2.34
1.87
2.26
1.91
2.05
2.00
1.69
1.44
1.08
1.05
1.21
1.35
1.34
1.50
1.67
1.83
2.15
2.34
2.47
2.57
2.61
2.57
2.41
1.74
1.48
1.31
1.07
1.10
1.23
1.39
1.35
1.46
1.29
1.21
2.16
1.69
1.41
1.26
1.09
1.14
1.12
0.96
1.28
1.48
1.29
1.54
1.51
1.71
1.69
2.36
2.09
2.45
2.38
3.39
3.91
3.64
3.71
3.31
3.07
2.75
2.83
2.52
2.28
2.19
1.66
1.55
1.10
1.10
1.17
1.20
1.30
1.43
1.72
1.68
2.10
2.05
1.93
1.71
1.56
1.31
1.02
0.89
0.93
1.16
1.54
1.41
1.59
1.51
1.52
1.43
1.38
1.17
1.07
1.02
1.69
1.33
1.00
1.30
1.37
1.41
1.37
1.56
1.34
1.77
1.94
1.95
2.15
2.47
2.26
2.55
2.37
2.23
2.51
2.39
3.20
3.03
2.61
2.50
2.62
2.38
2.34
1.98
1.90
1.65
1.41
1.35
1.48
1.44
1.77
1.98
2.23
2.61
2.45
2.44
2.27
1.80
1.49
1.34
0.99
1.19
1.07
1.29
1.35
1.57
1.78
1.54
1.88
1.94
2.18
1.89
2.07
1.92
1.70
1.91
1.39
1.45
1.41
1.44
1.72
1.76
1.53
1.91
1.74
1.58
1.95
2.13
2.26
1.80
2.25
2.94
2.51
3.70
2.89
2.41
2.21
1.96
1.78
1.57
1.23
1.55
1.72
1.70
1.76
2.02
1.94
1.82
1.93
2.10
2.13
2.15
1.78
1.60
1.13
1.03
0.89
0.98
0.90
1.12
1.37
1.34
1.66
1.56
1.59
1.39
1.58
1.60
1.45
1.45
1.21
1.53
1.48
1.49
1.64
1.92
1.93
1.88
2.13
1.89
2.09
2.21
2.16
2.62
2.51
2.49
2.26
2.45
2.04
2.12
1.86
2.00
1.89
1.67
1.16
1.19
1.27
1.12
1.21
1.54
1.97
1.85
1.82
1.99
2.22
2.25
2.24
2.21
1.84
1.67
1.55
1.14
0.82
0.80
1.10
1.24
1.72
1.49
1.43
1.43
1.29
1.49
1.45
1.56
1.51
1.66
1.30
1.47
1.53
1.23
1.31
1.23
1.34
1.51
1.59
1.86
2.47
2.95
4.16
3.89
3.48
3.97
4.42
3.65
3.91
3.53
3.05
3.53
3.78
3.20
2.75
3.41
2.84
2.15
1.78
1.47
1.67
1.78
2.33
2.66
3.09
3.58
3.77
4.07
4.38
4.56
4.46
4.40
3.81
3.36
2.85
2.14
1.67
1.21
1.30
1.52
1.72
1.68
1.97
1.86
1.87
1.88
1.59
1.75
1.45
2.14
1.84
1.54
1.30
1.34
1.22
0.99
1.05
1.09
1.37
1.43
2.04
2.54
2.87
2.72
3.13
2.98
2.92
3.29
3.71
3.58
3.17
3.58
3.54
3.25
2.80
2.37
2.83
2.62
2.08
1.66
1.58
1.58
2.03
2.39
2.72
3.22
3.52
3.82
3.81
3.98
3.84
3.68
2.98
2.62
2.09
1.54
1.45
1.30
1.32
1.41
1.80
1.93
2.17
2.56
2.44
2.43
2.30
2.35
2.12
2.26
