2.00
1.79
2.08
1.93
2.49
1.97
1.78
1.61
2.22
4.04
3.91
3.99
3.50
4.24
4.41
4.55
3.97
3.96
4.02
3.71
4.25
4.26
4.49
4.18
3.92
4.22
3.69
3.11
3.80
3.53
2.90
3.30
3.15
2.53
2.33
1.93
1.78
1.50
1.63
1.40
1.42
1.61
1.34
1.17
1.04
1.20
1.33
1.46
1.55
1.26
1.36
1.31
1.30
1.37
1.40
1.41
1.54
1.61
1.45
1.70
1.91
1.88
1.70
1.63
1.88
1.88
2.12
3.33
2.41
2.85
2.29
2.73
3.28
3.33
4.69
4.73
4.71
4.72
4.72
4.71
4.72
4.73
4.65
4.73
4.71
4.77
4.72
4.72
4.73
4.72
4.73
4.74
4.73
4.71
4.73
3.99
3.61
3.36
3.42
2.68
2.40
2.40
2.02
1.93
1.82
1.87
1.74
1.41
1.48
1.22
1.30
1.23
1.16
1.00
0.94
1.02
0.99
1.41
1.29
1.38
1.12
1.52
1.40
2.11
1.86
2.07
2.25
2.27
3.14
2.94
2.90
3.63
3.94
4.21
4.43
4.71
4.74
4.71
4.71
4.72
4.70
4.74
4.73
4.73
4.67
4.70
4.70
4.67
4.70
4.71
4.69
4.73
4.74
4.71
4.71
4.46
4.74
4.16
3.83
3.63
3.63
3.45
3.14
3.05
2.91
3.08
3.39
3.62
4.36
4.31
4.52
4.24
3.79
3.31
2.77
2.40
2.01
1.99
1.62
2.31
1.70
1.96
1.43
1.76
1.86
1.91
2.21
2.13
3.34
2.72
2.83
3.01
3.62
4.64
4.62
4.33
4.04
4.74
4.76
4.72
4.73
4.73
4.64
4.69
4.73
4.73
4.73
4.73
4.73
4.73
4.70
4.72
4.72
4.71
4.78
4.72
4.73
4.74
3.97
3.88
3.38
3.53
3.74
3.93
4.45
4.71
4.74
4.70
4.74
4.73
4.73
4.67
4.71
4.39
3.61
3.15
2.42
2.88
2.42
2.56
2.53
2.30
2.15
1.60
2.19
2.06
2.22
2.25
3.06
2.96
2.82
2.79
3.73
3.83
4.53
4.68
4.74
4.73
4.72
4.71
4.72
4.75
4.72
4.72
4.74
4.69
4.74
4.71
4.76
4.65
4.75
4.65
4.74
4.73
4.68
4.74
4.60
4.54
4.71
4.77
4.70
3.52
2.89
2.39
2.18
2.22
1.82
1.76
1.79
1.60
1.53
1.36
1.40
1.22
1.03
1.11
1.20
1.35
1.47
1.29
1.78
2.08
1.82
2.34
2.25
2.27
2.12
2.62
2.14
2.97
3.19
3.38
3.76
3.48
4.72
4.36
4.72
4.72
4.19
3.66
4.73
4.69
4.74
4.73
4.73
4.69
4.71
4.61
4.74
4.73
4.72
4.74
4.75
4.72
4.72
4.68
4.71
4.74
4.73
4.73
4.74
4.73
4.73
4.73
4.72
4.71
4.65
4.56
4.35
4.44
3.91
3.82
3.89
4.05
4.13
4.43
4.33
4.56
4.67
4.71
4.59
4.57
4.49
4.01
3.78
3.40
2.98
2.66
2.79
2.45
2.22
2.11
2.75
2.99
2.94
3.57
3.05
3.33
3.32
3.34
4.44
3.72
4.01
3.91
4.17
4.75
4.71
4.66
4.73
4.75
4.75
4.76
4.73
4.76
4.75
4.75
4.76
4.67
4.69
4.77
4.75
4.74
4.76
4.76
4.75
4.74
4.77
4.69
4.76
4.74
4.76
4.75
4.72
4.75
4.76
4.75
4.70
4.74
4.64
4.76
4.26
3.92
3.67
3.62
3.34
3.51
3.61
3.68
3.66
3.92
3.99
4.05
3.76
3.48
2.86
2.51
1.96
1.90
1.79
2.08
1.90
1.80
2.04
2.10
2.13
2.70
2.77
3.41
3.26
3.16
3.78
3.61
2.77
3.20
3.01
4.70
4.73
4.71
4.70
4.72
4.71
4.73
4.72
4.71
4.75
4.73
4.70
4.74
4.67
4.72
4.72
4.72
4.73
4.74
4.71
