2.88
3.14
2.71
3.31
3.43
4.14
3.37
3.86
3.38
4.45
3.67
3.08
2.66
3.04
3.43
2.99
3.21
2.16
1.74
1.25
1.11
1.09
1.09
1.11
1.14
1.21
1.00
1.15
1.26
1.46
1.59
1.71
1.31
1.57
1.50
1.27
1.27
1.01
0.95
0.98
0.91
0.86
0.92
1.03
0.99
1.05
1.23
1.34
1.32
1.55
1.69
1.63
2.04
1.99
2.45
2.11
2.03
2.09
1.64
1.82
1.58
1.72
1.53
1.62
2.05
2.07
1.85
1.97
2.27
2.36
2.59
2.53
2.39
2.05
2.07
2.37
2.49
2.87
2.66
3.48
3.18
3.35
3.25
3.02
2.73
2.48
2.22
1.97
2.15
1.97
2.02
1.90
1.89
1.77
1.69
1.63
1.30
1.10
0.85
0.92
0.87
0.95
0.77
0.87
0.87
1.11
1.17
1.23
1.56
1.50
1.58
1.72
1.45
1.88
2.26
2.24
1.85
1.74
1.60
1.55
1.90
1.57
1.79
1.60
1.62
1.63
1.85
2.06
2.12
2.57
2.72
3.04
3.00
3.00
2.69
3.54
3.86
3.41
3.74
3.52
3.17
3.02
2.65
2.65
2.54
2.44
2.17
2.38
2.17
2.22
1.98
2.06
1.88
1.85
1.77
1.81
1.63
1.56
1.33
1.14
1.15
0.97
0.91
1.00
0.92
0.96
0.93
1.23
1.18
1.59
1.61
2.23
1.87
1.91
1.85
2.07
2.20
1.99
2.05
2.11
2.30
2.24
2.40
2.53
2.18
2.42
3.16
3.11
3.40
4.70
3.89
4.18
4.75
4.22
4.74
4.14
3.62
3.55
3.73
3.09
3.14
3.00
2.36
2.45
2.12
1.96
1.96
1.89
2.43
2.05
1.82
1.78
1.52
1.43
1.39
1.20
1.27
1.01
1.03
1.00
1.03
0.97
1.17
1.24
1.77
1.69
2.24
2.17
2.61
2.40
2.18
2.47
2.35
2.78
2.76
2.46
2.50
2.44
2.61
2.43
2.30
2.65
3.05
2.64
2.61
3.71
3.60
3.73
4.35
4.25
4.68
4.38
4.22
3.70
3.39
2.96
2.90
2.57
2.70
2.31
2.25
1.89
1.86
1.86
1.83
1.83
2.10
1.57
1.30
1.08
1.14
1.05
0.91
1.07
0.87
1.04
0.98
1.24
1.30
1.34
1.66
1.51
1.87
1.76
2.01
2.00
2.50
2.17
2.84
2.66
2.27
2.24
2.47
2.14
2.02
2.35
2.70
2.54
2.98
3.45
4.73
4.52
3.96
4.39
4.75
4.72
4.05
3.37
3.71
3.37
2.76
2.77
2.54
2.13
1.78
2.02
1.79
1.89
2.04
2.11
2.04
2.03
1.85
1.74
1.43
1.29
1.05
1.18
1.01
1.11
1.00
1.11
1.13
1.05
0.98
0.98
1.05
1.14
1.55
1.40
2.05
1.74
2.63
2.32
2.42
2.01
1.69
2.17
1.83
2.39
2.57
2.32
2.54
2.29
2.44
2.58
3.74
3.23
3.78
3.17
3.91
3.47
4.71
4.73
4.72
4.73
4.73
4.73
4.34
3.70
3.97
3.55
3.01
2.78
3.09
3.02
2.89
2.55
2.32
1.97
2.07
1.85
1.67
1.55
1.51
1.21
1.12
1.04
0.97
0.85
0.80
0.91
1.04
1.48
1.38
1.72
1.61
2.26
1.91
1.96
1.89
1.70
2.21
2.12
2.08
1.94
2.00
2.26
2.41
2.62
2.46
2.29
2.51
2.24
2.29
2.50
2.53
3.39
3.09
3.67
3.18
2.97
3.90
3.99
3.47
3.12
2.76
2.54
2.33
1.86
1.75
1.88
2.09
1.81
1.63
1.36
1.35
1.32
1.27
1.05
0.99
0.99
1.09
1.11
1.18
0.97
1.20
1.03
1.42
1.25
1.46
1.30
1.57
1.57
2.95
2.67
2.36
2.44
1.80
2.15
1.92
1.79
2.35
2.20
2.73
3.13
3.06
3.61
4.41
3.67
3.45
3.38
3.94
4.19
4.73
4.73
4.35
4.68
4.71
4.71
4.73
4.75
