4.04
4.26
3.63
3.00
2.99
2.59
2.51
2.82
2.80
2.88
3.14
2.89
3.44
4.08
3.37
2.76
2.69
2.60
3.01
3.45
2.54
3.46
2.94
2.92
2.80
3.00
2.15
2.58
2.27
2.21
2.20
2.10
1.79
2.20
2.09
2.68
2.81
1.96
2.35
2.17
2.49
3.97
4.76
4.74
4.74
4.75
4.71
4.75
4.75
4.76
4.70
4.74
4.72
4.72
4.73
4.75
4.73
4.76
4.75
4.73
4.75
4.73
4.72
4.74
4.76
4.76
4.74
4.32
3.97
4.74
4.71
4.30
4.01
3.81
3.08
2.90
2.36
2.38
2.13
2.11
2.17
2.10
2.22
2.15
2.13
2.11
2.30
2.17
2.25
1.99
1.93
1.68
1.77
2.13
1.86
2.12
2.01
3.09
3.49
2.84
3.31
2.86
4.06
2.92
2.83
2.52
3.14
2.99
2.98
2.63
2.79
3.05
4.74
4.76
4.76
4.75
4.75
4.74
4.74
4.70
4.77
4.74
4.73
4.75
4.73
4.76
4.75
4.75
4.74
4.74
4.70
4.77
4.76
4.71
4.76
4.75
4.74
4.74
4.07
3.98
4.70
4.70
3.72
3.50
4.59
4.53
4.13
3.81
3.49
4.08
4.32
4.22
4.76
4.36
3.56
3.09
3.15
2.65
2.36
2.41
2.31
1.98
1.95
1.82
1.72
1.74
1.64
1.77
1.72
2.08
1.88
1.94
1.85
1.80
2.17
2.32
2.39
2.61
2.51
2.38
3.19
2.78
3.89
3.83
3.47
3.68
3.35
3.48
3.41
3.63
2.97
3.40
3.63
3.80
3.74
3.29
3.74
4.65
4.65
4.68
4.64
4.66
4.66
4.68
4.64
4.63
4.63
4.68
4.67
4.63
4.68
4.65
4.65
4.64
4.66
4.56
4.67
4.66
4.67
4.68
4.69
4.65
4.66
4.65
4.67
4.73
4.74
4.76
4.75
4.75
4.74
4.76
4.76
4.33
4.76
4.74
4.70
4.76
4.72
4.77
4.77
4.34
4.20
3.81
3.87
3.95
3.95
3.47
3.70
3.32
3.15
2.77
2.49
2.92
2.79
2.50
2.92
2.85
2.77
2.99
3.02
3.10
2.97
3.08
2.94
2.87
2.75
2.66
2.49
2.39
2.40
1.95
2.10
1.51
1.79
1.62
1.89
1.99
2.34
2.39
2.47
2.75
3.10
3.30
3.41
3.99
3.31
3.23
3.50
3.97
3.86
3.58
4.35
4.28
4.57
4.04
4.10
4.76
4.51
4.76
4.74
4.76
4.76
4.76
4.73
4.77
4.76
4.72
4.77
4.74
4.74
4.78
4.72
4.76
4.76
4.76
4.74
4.77
4.75
4.76
4.75
4.76
4.77
4.78
4.77
4.75
4.77
4.74
4.77
4.75
4.77
4.77
4.75
4.71
4.77
4.76
4.76
4.77
4.76
4.74
4.77
4.75
4.23
3.66
3.44
3.67
4.21
4.39
4.21
3.77
3.32
3.14
2.72
3.00
3.17
2.74
2.19
2.19
2.39
2.41
2.08
1.94
2.24
1.98
1.91
1.71
1.87
1.67
1.44
1.30
1.09
1.02
1.03
1.03
1.27
1.22
1.26
1.63
1.66
1.84
2.08
2.12
2.75
3.04
3.06
4.65
4.30
4.01
4.68
4.53
4.64
4.70
4.70
4.76
4.73
4.76
4.73
4.75
4.57
4.13
4.35
4.36
3.93
3.30
3.52
4.77
4.77
4.77
4.73
4.72
4.76
4.77
4.79
4.76
4.76
4.73
4.76
4.77
4.76
4.77
4.76
4.73
4.76
4.76
4.76
4.75
4.76
4.76
4.77
4.76
4.74
4.77
4.76
4.77
4.73
4.71
4.73
4.73
4.77
4.77
4.77
4.79
4.77
4.53
3.43
2.75
2.63
2.31
2.10
2.01
2.08
2.04
2.48
2.22
2.62
2.55
2.48
2.78
2.99
3.24
3.54
3.64
3.95
4.15
4.25
4.36
4.47
4.61
4.65
4.79
4.78
4.77
4.79
4.79
4.77
4.80
4.80
4.80
