1.31
1.24
1.21
1.27
1.23
1.28
1.21
1.25
1.29
1.42
1.40
1.41
1.34
1.41
1.33
1.20
1.26
1.15
1.04
0.94
0.97
0.96
0.89
0.87
1.20
1.42
1.33
1.49
1.51
1.74
1.43
1.34
1.23
1.26
1.38
1.22
1.35
1.50
1.53
1.32
1.18
1.22
1.22
1.21
1.18
1.02
0.95
1.04
0.94
0.94
0.94
0.95
0.86
0.86
0.89
0.89
0.86
0.94
0.84
0.85
0.83
0.86
0.86
0.81
0.84
0.74
0.75
0.77
0.79
0.84
0.75
0.86
0.77
0.77
0.91
0.94
0.92
0.89
1.08
0.94
0.90
0.90
0.78
0.88
1.02
0.94
0.82
0.69
0.75
0.88
0.85
1.04
1.06
0.94
1.06
1.13
1.08
0.95
1.12
1.06
0.94
0.98
1.30
1.18
1.20
1.17
1.06
0.84
0.99
1.13
1.19
1.31
1.27
1.39
1.18
1.15
1.26
1.34
1.30
1.16
1.19
1.13
1.05
1.11
1.02
0.89
1.03
0.91
0.83
0.81
0.89
0.86
0.80
0.84
0.84
0.74
0.76
0.87
0.87
0.84
0.75
0.85
0.72
0.85
0.97
0.93
0.85
0.98
0.88
0.85
0.76
1.03
0.89
0.85
0.95
1.09
1.12
1.13
1.06
1.09
0.96
1.03
1.02
0.95
0.97
1.11
1.08
1.03
1.09
1.14
1.24
1.07
1.08
1.23
1.31
1.44
1.31
1.26
1.17
1.07
1.09
0.90
0.94
0.96
1.10
1.00
1.00
0.98
0.87
1.00
0.92
0.97
0.96
1.00
1.08
0.99
1.08
1.09
1.09
1.17
1.14
1.20
1.20
1.07
1.06
0.97
0.95
1.01
1.12
0.93
1.06
0.94
0.99
1.00
1.04
1.03
1.01
0.94
0.97
0.90
0.81
0.97
1.12
1.06
1.33
1.04
1.20
0.94
1.14
1.11
1.15
1.38
1.43
1.77
1.63
1.70
1.56
1.52
1.48
1.53
1.50
1.40
1.24
1.06
1.09
1.18
1.37
1.30
1.26
1.47
1.59
1.37
1.59
1.68
1.58
1.67
1.62
1.65
1.72
1.64
1.84
1.74
1.81
1.76
1.87
1.97
1.97
1.95
1.96
1.77
1.70
1.60
1.50
1.42
1.27
1.15
1.13
0.96
0.97
1.04
1.10
1.09
1.08
1.15
1.15
1.03
1.02
1.09
1.02
1.02
1.00
0.96
1.16
1.06
0.95
1.08
1.28
1.29
1.65
1.45
1.51
1.62
1.66
1.73
1.44
1.43
1.31
1.27
1.34
1.20
1.34
1.30
1.19
1.13
1.14
1.07
0.98
1.24
1.37
1.68
1.58
1.61
1.56
1.59
1.64
1.65
1.85
1.74
1.83
1.85
1.82
1.82
1.75
1.80
1.94
1.94
2.01
1.99
1.86
1.96
1.85
1.72
1.68
1.59
1.56
1.21
1.24
1.47
1.39
1.34
1.36
1.31
1.19
1.31
1.21
1.00
1.01
1.12
1.10
1.10
1.00
1.08
1.43
1.17
1.25
1.09
1.19
1.01
1.10
1.10
1.20
1.52
1.39
1.12
0.88
1.14
1.40
1.17
1.27
1.43
1.68
1.46
1.51
1.47
1.43
1.33
1.57
1.58
1.44
1.39
1.44
1.34
1.32
1.25
1.37
1.23
1.24
1.36
1.28
1.10
1.20
1.09
1.02
1.16
1.21
1.35
1.18
1.28
1.30
1.29
1.33
1.18
1.12
0.98
0.97
0.94
1.01
0.97
0.88
0.97
0.94
0.96
0.97
0.93
1.13
0.94
1.20
1.06
0.93
1.05
1.04
1.09
1.06
1.15
1.21
1.46
1.58
1.52
1.21
1.06
1.33
1.26
1.46
1.25
1.55
1.34
1.41
1.23
1.29
1.21
1.40
1.64
1.38
1.44
1.53
1.74
1.56
1.45
1.47
1.32
1.39
1.54
1.60
1.48
1.48
1.32
1.26
1.17
1.23
1.17
0.99
1.07
1.02
1.08
1.03
1.03
0.97
0.84
