1.16
1.08
1.14
1.22
1.14
1.16
1.40
1.31
1.44
1.51
1.24
1.52
1.51
1.44
1.36
1.50
1.42
1.89
1.69
1.61
1.48
1.40
1.67
1.63
1.76
1.85
1.74
1.57
1.34
1.61
1.45
1.48
1.43
1.31
1.44
1.35
1.72
1.67
1.87
1.92
1.86
1.79
1.72
2.17
2.15
2.18
2.11
2.48
2.29
1.99
2.42
2.64
2.40
2.07
2.30
2.28
2.26
2.41
3.04
2.92
3.04
3.32
2.85
2.65
2.29
2.01
2.06
2.04
2.17
1.90
1.81
1.83
1.77
1.48
1.46
1.49
1.43
1.16
1.16
1.30
1.26
1.44
1.63
1.57
1.69
1.71
1.77
2.07
2.11
1.94
1.88
1.70
2.01
1.66
1.68
2.01
1.87
2.09
1.78
1.60
1.88
1.67
1.52
2.06
2.23
2.10
2.82
2.50
2.05
1.96
2.00
2.46
3.38
3.28
2.65
2.60
2.65
2.74
2.99
2.88
2.87
2.89
3.26
3.73
3.38
3.39
3.30
3.63
3.56
3.08
3.25
2.62
2.40
2.60
2.35
2.67
2.64
2.50
2.16
2.19
2.04
1.71
1.58
1.46
1.30
1.30
1.57
1.32
1.52
1.41
1.62
1.49
1.84
1.84
1.96
1.82
1.77
1.62
1.37
1.45
1.27
1.70
2.30
2.12
2.04
2.09
2.16
2.25
2.03
1.80
2.12
2.20
2.40
2.99
2.88
2.76
3.32
3.05
2.54
2.66
2.62
2.29
2.50
2.61
3.11
3.74
4.54
4.03
3.62
3.78
4.19
3.93
3.59
3.77
3.44
4.42
3.59
3.50
2.97
3.04
2.83
2.43
2.21
1.67
1.55
1.37
1.33
1.65
1.44
1.47
1.22
1.43
1.24
1.25
1.20
1.58
1.66
1.66
1.87
1.83
2.37
2.57
1.97
2.22
2.17
1.91
1.96
1.87
1.71
2.02
2.34
2.30
2.76
2.50
2.77
3.28
3.21
3.43
4.12
3.74
4.44
4.11
3.43
3.13
3.62
4.12
3.81
3.09
3.41
3.94
4.41
4.78
4.78
4.80
4.30
4.21
4.09
3.65
3.48
3.44
3.35
2.86
2.69
2.31
2.10
2.04
1.61
1.54
1.34
1.34
1.58
1.74
1.47
1.55
1.68
2.04
1.82
2.28
2.11
2.22
2.19
1.78
1.85
1.93
2.20
2.29
2.49
2.20
2.00
2.34
2.12
2.46
2.39
2.48
2.56
2.98
3.13
2.90
3.22
4.34
4.25
3.57
3.63
4.14
3.53
2.99
2.66
3.44
4.26
3.96
3.88
4.56
4.27
4.76
4.22
4.47
4.56
3.91
3.86
3.44
4.40
4.07
3.72
3.17
2.40
2.96
2.22
2.36
2.27
1.88
2.26
2.13
2.19
1.82
1.76
1.93
2.17
2.02
2.20
1.87
2.30
2.18
2.30
2.02
1.94
2.22
2.00
1.96
2.15
2.42
2.52
2.83
3.05
3.02
3.27
2.72
2.99
2.76
2.35
3.40
3.83
4.56
4.79
4.80
4.78
4.79
4.79
4.80
4.79
4.79
4.77
4.08
3.63
3.12
4.76
4.80
4.80
4.79
4.80
4.80
4.80
4.79
4.78
4.79
4.79
4.79
4.53
3.48
3.07
2.29
2.05
1.87
2.08
1.91
1.64
1.67
1.76
1.82
1.75
1.66
1.69
2.02
1.79
2.02
2.55
2.22
2.56
2.29
2.53
2.54
2.45
2.58
2.15
2.10
2.56
2.87
3.14
3.04
3.43
4.22
3.87
4.35
4.76
4.80
4.80
4.79
4.58
4.30
4.39
4.78
4.78
4.79
4.79
4.79
4.25
4.79
4.80
4.40
4.78
4.79
4.80
4.80
4.80
4.80
4.80
4.79
4.79
4.78
4.62
4.45
3.63
3.15
2.63
2.80
2.37
2.01
2.26
2.06
1.93
1.91
2.00
2.00
2.10
