2.52
2.17
2.07
2.17
2.14
2.39
2.25
2.05
1.81
1.58
1.77
2.15
1.99
2.03
2.61
2.10
2.41
2.55
2.71
2.60
2.22
2.06
2.13
2.03
2.42
2.69
2.50
2.36
2.02
1.81
1.90
2.06
2.15
1.93
2.33
2.28
2.34
2.32
3.00
3.21
3.84
3.64
3.95
4.51
4.66
4.72
4.48
4.01
4.31
4.00
4.31
4.81
4.80
4.78
4.80
4.50
4.72
4.77
4.79
4.75
4.80
4.78
4.78
4.79
4.80
4.79
4.79
4.79
4.80
4.81
4.80
4.79
4.43
3.79
3.63
3.73
3.88
3.32
2.99
2.90
2.51
2.57
2.80
2.68
2.62
2.53
2.94
2.65
2.91
2.86
2.89
2.46
2.65
2.88
2.92
2.69
2.75
3.00
3.18
3.48
3.34
3.69
3.07
3.06
3.08
3.61
3.32
4.09
4.77
4.80
4.79
4.77
4.79
4.76
4.80
4.80
4.20
4.68
4.80
3.79
4.79
4.79
4.78
4.80
4.80
4.80
4.78
4.78
4.75
4.76
4.82
4.79
4.79
4.79
4.79
4.79
4.80
4.80
4.76
4.80
4.44
3.65
3.15
3.15
3.57
3.17
3.73
2.89
3.39
3.07
3.15
2.95
2.96
2.97
2.80
3.34
3.48
3.12
3.64
3.08
4.73
3.71
3.82
3.44
2.97
3.35
3.25
3.52
3.29
3.41
3.77
3.77
3.59
4.24
4.72
4.13
4.31
4.26
4.74
4.77
4.80
4.79
4.80
4.79
4.79
4.81
4.79
4.77
4.78
4.79
4.78
4.80
4.80
4.79
4.81
4.79
4.76
4.80
4.79
4.79
4.78
4.80
4.80
4.79
4.80
4.78
4.78
4.79
4.77
4.79
4.80
3.98
3.17
3.11
3.05
3.11
3.16
2.49
2.78
2.97
2.93
2.85
2.71
2.41
2.86
3.02
3.13
3.67
2.96
3.30
3.01
2.72
2.81
2.66
3.76
3.19
2.97
3.09
2.99
2.58
2.46
2.35
2.76
2.89
3.26
3.47
3.60
4.78
4.79
4.79
4.78
4.75
4.77
4.77
4.79
4.79
4.80
4.80
4.79
4.79
4.77
4.78
4.78
4.79
4.80
4.78
4.79
4.79
4.79
4.79
4.80
4.79
4.80
4.78
4.79
4.77
4.79
4.78
4.80
4.80
4.79
4.79
4.79
4.80
4.79
3.97
3.53
3.49
3.61
3.28
3.26
3.13
2.98
3.11
2.92
2.86
2.67
3.21
3.13
2.96
2.56
2.41
2.28
2.48
2.41
2.94
3.48
3.32
2.57
3.63
3.77
3.64
4.04
3.80
3.09
2.95
3.52
3.47
3.66
3.31
3.60
3.91
4.71
4.80
4.79
4.81
4.79
4.80
4.79
4.80
4.79
4.80
4.79
4.78
4.79
4.80
4.81
4.79
4.79
4.80
4.77
4.80
4.78
4.79
4.77
4.77
4.79
4.35
4.37
4.80
4.79
4.78
4.76
4.78
4.81
4.79
4.79
4.80
4.57
4.79
4.78
4.80
4.76
4.80
4.78
4.79
4.80
4.80
4.78
4.78
4.80
4.78
4.80
4.79
4.79
4.80
4.78
4.31
3.46
2.95
2.45
2.55
2.83
2.59
2.67
2.64
2.48
2.67
3.04
3.44
3.58
3.47
3.09
3.28
2.65
2.57
2.36
2.40
2.04
2.19
2.76
2.56
3.67
3.75
4.41
4.29
4.26
4.39
4.08
4.17
3.71
3.50
2.93
3.17
4.35
4.23
4.75
4.80
4.79
4.78
4.80
4.80
4.44
4.53
4.79
4.79
4.79
4.80
4.77
4.80
4.79
4.79
4.78
4.78
4.79
4.79
4.80
4.78
4.81
4.79
4.78
4.80
4.80
4.79
4.80
4.80
4.80
4.79
4.79
4.78
4.78
4.81
4.78
4.80
4.79
4.80
4.79
4.78
4.79
4.74
4.80
4.79
4.79
4.78
4.79
4.79
4.79
4.79
4.80
4.64
4.78
4.35
4.76
4.20
4.53
4.35
4.78
