0.78
0.89
0.83
0.88
0.77
0.97
0.83
0.82
0.74
0.78
0.80
0.67
0.74
0.83
0.87
0.69
0.75
0.78
0.65
0.75
0.72
0.83
0.67
0.76
0.91
0.70
1.03
0.81
0.80
0.72
0.77
0.83
0.65
0.71
0.72
0.78
0.64
0.72
0.72
0.69
0.87
0.77
0.88
0.63
0.70
0.79
0.70
0.92
0.78
0.80
0.64
0.69
0.80
0.62
0.67
0.77
0.88
0.78
0.74
0.80
0.70
1.04
0.71
0.77
0.62
0.75
0.77
0.65
0.69
0.70
0.83
0.79
0.80
0.87
0.90
0.96
0.72
0.77
0.66
0.72
0.86
0.64
0.72
0.72
0.80
0.82
0.79
0.79
0.65
0.70
0.72
0.76
0.65
0.74
0.85
0.82
0.92
0.71
0.81
0.67
0.74
0.78
0.65
0.74
0.83
0.91
0.99
0.80
0.82
0.70
0.94
0.84
0.82
1.06
1.09
1.02
1.14
0.99
1.08
1.11
1.19
0.89
0.97
1.21
1.05
1.12
1.12
1.21
1.23
1.33
1.32
1.32
1.26
1.35
1.46
1.22
1.55
1.37
1.51
1.26
1.27
1.42
1.40
1.38
1.28
1.28
1.42
1.72
2.04
1.86
2.00
2.64
2.88
3.25
3.12
2.94
2.55
3.04
3.03
3.21
3.24
2.79
2.14
2.11
2.02
1.97
2.41
2.84
2.38
2.98
2.72
2.90
2.58
2.92
3.10
2.75
2.30
2.42
2.53
2.75
3.10
3.24
3.44
3.01
2.99
2.69
2.45
2.01
1.93
1.80
1.95
1.48
1.58
1.60
1.52
1.49
1.56
1.25
1.32
1.35
1.21
1.20
1.25
1.39
1.11
1.12
1.18
1.20
1.19
1.13
1.09
0.93
1.06
0.96
0.86
0.80
0.85
0.90
2.15
1.91
2.37
2.67
3.01
3.05
3.23
2.99
3.08
3.26
2.57
2.61
2.44
2.71
2.31
2.53
2.90
2.23
1.90
2.85
2.98
3.69
4.22
3.56
4.57
3.99
3.44
3.65
3.44
3.53
3.47
4.06
4.23
4.32
3.85
4.78
4.79
4.54
4.12
3.57
3.62
3.45
4.07
4.76
4.80
4.79
4.44
3.80
3.54
3.16
3.30
3.81
3.58
3.61
3.18
3.14
3.62
4.29
4.03
3.32
3.60
3.15
3.22
3.21
3.24
4.26
4.68
4.79
4.78
4.50
4.13
4.77
4.00
4.21
3.60
3.22
4.60
4.79
4.08
3.59
3.18
2.90
3.01
2.98
2.57
2.40
2.17
2.20
2.38
2.31
2.40
2.19
1.95
2.17
2.63
2.68
2.88
3.13
3.68
3.98
3.49
3.39
3.70
3.95
3.48
3.06
3.74
4.16
3.83
4.62
3.67
4.04
3.83
3.31
2.99
2.96
3.37
3.09
2.62
2.50
2.82
3.58
3.36
3.43
3.48
2.99
3.29
3.12
3.19
3.67
4.01
3.76
3.25
3.16
3.25
3.15
3.38
3.26
4.18
4.04
4.09
4.31
4.75
4.69
4.50
3.77
3.86
4.05
4.18
4.74
4.40
3.45
3.65
3.39
3.70
3.84
3.88
4.25
4.15
4.41
4.20
3.87
4.07
4.27
4.79
4.81
4.79
4.79
4.77
4.79
4.55
4.79
4.16
3.97
3.51
2.83
2.75
2.83
3.09
3.43
3.53
3.90
4.02
3.96
4.51
4.02
4.24
4.02
4.49
4.41
4.78
4.35
3.49
4.18
4.36
4.50
4.02
3.74
4.50
4.56
4.79
4.65
3.43
3.43
2.80
2.86
2.80
2.15
2.32
2.91
3.19
2.85
3.17
2.77
2.87
2.55
2.38
2.46
3.20
2.76
3.13
2.92
3.12
2.85
2.33
2.26
2.80
2.88
2.55
3.04
2.75
2.78
2.59
2.46
2.45
2.95
2.73
2.50
2.70
2.35
2.50
3.23
2.97
2.37
2.74
2.99
2.57
2.86
2.34
2.66
2.20
2.04
1.85
1.81
1.78
1.93
1.95
1.79
