1.46
1.53
1.43
1.55
1.19
1.09
1.13
1.37
1.13
1.29
1.23
1.26
1.34
1.32
1.89
1.94
2.10
1.73
1.62
1.68
1.53
1.66
1.63
1.42
1.46
1.79
1.61
1.54
1.42
1.42
1.20
1.37
1.50
1.54
1.49
1.24
1.21
1.14
1.15
1.03
0.97
0.95
1.14
1.01
0.90
1.09
0.98
1.09
1.00
1.07
1.02
0.84
0.91
0.85
0.78
0.84
0.88
0.94
0.87
0.91
0.87
0.84
1.19
1.11
1.19
1.07
1.05
1.07
1.02
1.07
1.04
1.04
1.00
1.21
1.22
1.14
1.34
1.21
1.22
0.94
1.05
1.16
1.16
0.96
1.03
0.97
1.00
1.51
1.80
1.68
1.38
1.73
1.51
1.53
1.55
1.39
1.88
1.33
1.53
1.48
1.54
1.24
1.26
1.38
1.37
1.31
1.18
1.19
0.99
0.98
1.00
0.95
1.02
0.83
0.96
0.87
0.87
0.92
0.76
0.73
0.78
0.89
0.86
0.89
1.00
0.82
0.87
0.86
1.04
0.89
1.05
1.04
1.15
1.26
1.18
1.31
1.17
1.09
1.14
1.15
1.06
1.19
1.18
1.16
1.18
1.24
1.26
1.07
1.42
1.35
1.11
1.42
1.54
1.61
1.87
1.72
2.68
3.58
2.92
2.48
2.40
2.24
2.00
1.99
2.17
1.66
1.54
1.74
1.46
1.56
1.37
1.49
1.36
1.28
1.33
1.21
1.20
1.25
1.25
1.03
1.10
1.09
1.16
1.06
0.91
1.03
0.85
0.95
0.91
0.93
0.83
0.94
1.01
0.88
0.97
0.87
0.91
0.88
0.82
0.86
0.77
0.86
1.03
1.11
1.13
1.11
1.14
1.15
0.99
1.01
0.95
0.86
1.00
0.99
0.95
1.11
1.07
1.20
0.99
1.15
1.10
1.39
1.43
1.71
1.76
1.93
2.14
1.71
2.01
2.11
2.07
1.74
1.67
1.64
1.52
1.66
1.39
1.39
1.72
1.48
1.25
1.28
1.28
1.06
1.17
1.05
1.13
0.93
0.92
0.91
0.74
0.90
0.98
0.99
0.88
1.02
1.06
1.01
1.09
0.93
0.91
0.77
0.87
0.97
0.86
0.86
0.93
1.05
1.03
1.22
1.29
1.19
1.27
1.24
1.18
1.09
1.20
1.19
1.22
1.30
1.34
1.26
1.19
1.15
1.70
2.13
2.07
2.52
2.73
2.57
2.82
2.59
2.67
2.71
3.18
2.73
2.69
2.17
1.81
1.67
1.43
2.09
1.89
1.95
1.75
1.54
1.30
1.31
1.30
1.11
1.09
1.06
1.06
0.98
1.02
0.89
0.94
0.90
0.82
0.98
0.98
0.94
1.05
0.97
1.03
0.89
0.88
0.98
0.95
1.13
1.30
1.21
1.20
1.19
1.12
1.23
1.42
1.53
1.24
1.05
1.01
1.12
1.20
1.49
1.37
1.37
1.28
1.37
1.37
1.74
1.78
1.84
2.16
2.30
2.24
2.46
2.44
1.99
1.83
1.82
1.92
2.04
1.84
1.94
2.03
1.73
1.67
1.46
1.46
1.42
1.16
1.03
1.02
1.09
0.97
1.02
0.85
0.92
0.88
0.87
0.90
0.83
0.84
0.89
0.90
1.06
0.93
0.94
1.01
0.87
0.88
0.89
0.87
0.92
0.87
0.91
1.00
1.26
1.10
1.45
1.33
1.31
1.26
1.09
1.17
1.19
1.30
1.49
1.41
1.55
1.56
1.77
1.72
2.31
2.77
2.50
2.56
2.65
2.88
2.67
3.14
2.95
2.20
2.02
1.87
1.59
1.54
1.33
1.26
1.24
1.09
1.06
1.04
1.16
0.89
0.83
0.82
0.77
0.78
0.88
0.76
0.88
0.85
0.75
0.84
0.86
0.82
0.90
0.83
0.93
0.74
0.81
0.82
0.74
0.89
0.99
0.90
0.75
0.97
1.05
0.97
1.07
1.08
1.09
1.10
1.09
0.96
1.01
1.19
1.13
1.09
1.13
1.28
1.47
1.38
1.24
1.84
2.05
2.24
