1.07
0.93
0.97
0.96
0.90
1.04
0.91
0.98
0.97
0.93
0.88
0.76
0.88
0.93
0.95
0.90
0.71
0.88
0.68
0.76
0.81
0.80
0.78
0.92
1.02
0.94
1.21
0.94
0.89
1.15
0.89
0.84
0.68
0.77
0.80
0.93
0.69
0.79
0.92
0.85
0.93
1.02
0.97
1.02
1.24
1.61
1.68
1.78
1.65
1.83
1.79
2.13
2.50
2.47
2.33
1.87
2.02
1.71
1.74
1.53
1.72
1.52
1.53
1.86
1.41
1.55
1.29
1.20
0.93
0.84
0.93
0.77
0.86
0.87
0.87
0.67
0.70
0.81
0.63
0.66
0.81
0.85
0.60
0.69
0.79
0.58
0.95
0.87
0.79
0.91
0.89
1.01
0.87
1.07
1.27
1.26
1.47
1.64
1.67
1.64
1.33
1.72
1.76
1.36
1.49
1.41
1.41
1.45
1.75
1.96
1.94
2.17
2.57
2.56
2.09
2.47
2.80
2.75
2.41
3.01
2.84
2.46
2.28
2.06
1.58
1.28
1.32
1.29
1.21
1.12
0.86
0.98
1.04
1.00
0.88
0.87
0.75
0.74
0.87
0.81
0.89
0.87
0.81
0.83
0.80
0.87
1.00
0.90
0.93
0.88
0.84
0.97
1.07
1.16
1.29
1.39
1.39
1.32
1.24
1.36
1.36
1.44
1.52
1.72
1.59
1.53
1.60
2.39
2.17
2.30
2.42
1.98
2.01
2.10
2.38
2.37
2.24
2.19
2.54
2.69
2.38
2.16
1.56
1.65
1.63
1.42
1.13
1.09
1.19
0.91
0.87
0.84
0.86
0.80
0.83
0.86
0.76
0.96
0.84
0.98
0.89
0.81
0.88
0.73
0.73
0.86
1.24
1.26
1.50
1.42
1.32
1.28
1.66
1.58
1.36
1.29
1.30
1.22
1.47
1.48
1.63
1.48
1.57
1.44
1.74
1.63
1.64
2.70
2.77
2.81
3.00
2.82
2.26
2.28
2.11
2.16
2.25
2.36
2.31
2.07
2.47
2.16
1.99
2.00
2.35
1.90
1.71
1.73
1.38
1.15
0.95
0.88
0.87
0.86
0.69
0.86
0.91
0.78
1.04
0.80
0.80
0.73
0.73
0.84
0.70
0.75
1.00
0.98
1.13
1.17
1.07
1.17
1.25
1.07
1.80
1.32
1.67
1.66
1.31
1.57
1.49
1.44
1.08
1.13
1.51
1.39
1.53
1.49
1.55
1.68
2.03
2.01
1.91
2.27
3.16
3.33
2.85
2.44
2.29
2.10
2.07
2.28
3.17
2.89
2.87
2.38
2.22
1.97
1.70
1.52
1.48
1.13
1.02
1.07
1.03
1.08
0.96
0.91
0.87
0.90
0.83
0.65
0.69
0.85
0.86
0.76
0.85
1.13
1.28
1.87
2.13
1.82
1.74
1.74
1.70
1.89
1.56
1.62
1.55
1.38
1.55
1.30
1.61
1.55
1.59
1.93
1.92
2.34
2.50
3.29
3.28
3.40
3.88
3.77
3.87
4.05
3.85
3.55
3.69
2.75
3.14
2.67
2.42
2.90
2.66
3.35
2.60
2.37
1.91
1.50
1.27
1.18
0.92
0.87
0.98
0.85
0.81
0.81
0.82
0.75
0.79
0.80
0.70
0.76
0.87
1.00
0.91
0.97
1.08
1.13
1.20
0.98
1.68
1.35
1.32
1.43
1.55
1.57
1.68
1.60
1.89
1.79
2.05
1.79
2.18
1.84
2.00
1.79
1.77
2.01
2.20
2.34
2.70
2.54
2.24
2.34
2.37
2.30
2.33
2.94
3.23
3.44
3.21
2.67
3.06
2.89
2.81
2.38
2.78
2.35
1.98
1.73
1.53
1.16
1.22
1.00
0.79
0.85
0.90
0.78
0.67
0.68
0.74
0.73
0.81
0.77
0.77
0.70
0.92
0.94
0.88
1.24
1.48
1.51
1.34
1.34
1.38
1.64
2.29
1.84
1.88
1.52
1.44
1.30
1.25
1.16
1.49
1.69
1.86
2.02
2.17
2.70
2.91
3.24
3.01
2.40
2.53
2.68
2.46
1.90
2.00
2.68
3.04
2.80
2.69
2.65
2.52
2.65
2.19
1.90
1.78
1.48
1.35
1.39
1.46
1.08
1.10
1.00
0.91
0.95
0.68
0.72
0.76
0.87
0.82
0.83
0.89
0.96
