2.76
2.67
2.32
2.46
3.26
3.24
3.58
3.97
4.55
3.94
3.81
4.44
4.05
4.79
4.78
4.02
3.95
3.48
3.26
2.99
3.13
3.18
3.42
2.66
2.93
3.31
3.91
3.60
3.00
2.88
2.67
2.80
2.31
1.99
1.50
1.41
1.13
1.08
1.10
0.98
0.99
1.01
0.92
0.87
0.79
0.94
0.85
1.15
1.18
1.19
1.24
1.09
1.19
1.31
1.50
1.39
1.89
1.76
1.76
1.72
2.02
1.83
1.72
1.55
1.58
2.00
1.64
1.87
1.89
1.90
2.37
2.52
2.45
2.86
2.96
3.07
3.22
3.42
3.23
3.01
2.61
3.53
4.09
3.88
3.73
3.84
3.93
4.04
4.13
4.08
3.88
3.58
3.27
2.90
2.63
2.42
2.22
1.83
1.42
1.20
1.23
1.16
0.98
0.95
0.88
0.82
0.90
0.74
1.03
1.21
1.33
1.47
1.41
1.25
1.51
1.87
1.81
2.24
1.89
2.13
2.02
2.30
1.78
2.69
2.18
2.31
2.52
2.44
2.64
3.57
3.84
3.36
3.23
3.66
4.78
4.21
3.43
3.36
3.63
4.74
4.75
4.30
4.77
4.77
4.66
3.91
3.74
3.44
4.49
3.84
3.91
4.05
3.61
3.04
2.33
2.47
1.95
1.74
1.83
1.49
1.30
1.13
1.07
1.05
1.13
1.11
0.96
1.07
0.97
1.12
1.37
1.59
2.20
2.00
1.89
2.04
2.02
1.76
1.49
1.38
1.57
1.90
1.80
2.29
2.04
2.34
2.19
2.16
2.03
2.37
2.49
2.88
3.75
3.91
4.30
4.05
4.67
4.36
4.40
4.33
4.50
4.32
4.70
4.77
4.77
4.78
4.78
4.78
4.78
4.76
4.65
4.59
4.63
3.83
3.88
3.63
3.01
2.51
2.23
2.26
2.06
1.62
1.72
1.61
1.23
1.26
0.99
1.00
0.95
1.03
1.36
1.19
1.13
1.85
1.82
1.80
2.24
2.26
2.17
2.45
2.23
2.83
2.52
2.83
3.32
2.89
2.77
2.31
2.74
2.68
2.80
3.21
3.46
3.25
2.86
3.55
3.36
3.86
4.65
4.73
4.75
4.77
4.78
4.78
4.77
4.78
4.78
4.78
4.04
4.12
4.05
3.91
3.89
4.46
4.07
4.14
4.37
3.84
3.46
3.53
3.37
2.83
2.39
2.29
2.12
1.74
1.40
1.28
1.24
0.98
1.11
0.96
1.08
1.17
1.15
1.44
1.85
2.10
2.61
2.61
2.54
2.45
2.98
3.20
2.61
2.34
3.03
2.29
2.46
2.58
2.36
2.22
2.65
2.50
2.50
2.76
2.83
2.79
3.84
3.83
4.35
4.42
4.41
3.63
3.51
3.79
4.77
4.79
4.78
4.79
4.78
4.79
4.78
4.77
4.79
4.77
4.78
4.79
4.77
4.79
4.79
4.79
4.78
4.62
4.75
4.76
4.63
4.29
3.70
3.27
3.14
2.70
2.56
2.38
2.03
1.89
1.97
1.74
1.66
1.59
1.52
1.48
1.59
1.68
2.20
2.20
2.26
2.50
3.00
2.56
2.99
2.94
2.64
3.12
4.03
3.29
3.05
2.86
2.65
2.75
2.64
2.67
2.20
2.17
2.40
2.26
2.13
2.35
3.03
3.28
3.13
3.23
3.48
4.26
3.75
3.52
3.58
4.33
4.78
4.76
4.78
4.82
4.78
4.48
4.12
4.78
4.76
4.78
4.79
4.78
4.78
4.74
4.80
4.79
4.79
4.70
4.00
3.79
3.14
3.09
2.96
2.88
2.48
2.33
2.11
1.80
1.74
1.42
1.35
1.60
1.28
1.39
1.15
1.42
1.33
1.49
1.51
2.23
2.35
3.35
2.67
1.97
2.40
2.37
2.53
2.33
2.87
2.76
2.76
2.38
2.44
2.17
1.94
1.96
1.77
1.69
1.79
1.96
2.78
2.93
2.50
2.13
