0.86
0.76
1.00
0.85
0.77
0.93
0.89
0.90
0.90
0.83
0.83
0.68
0.89
0.96
1.03
1.05
0.90
1.02
0.85
0.80
0.97
1.08
1.03
1.48
1.41
1.24
1.29
1.25
1.64
1.43
1.18
1.07
1.36
1.54
1.47
1.86
1.53
1.83
2.08
2.07
1.80
2.21
2.53
2.13
2.34
2.77
2.85
2.72
2.41
2.47
2.46
1.99
2.06
1.93
2.00
1.98
1.74
2.01
1.71
1.59
1.36
1.27
1.17
1.09
0.96
0.93
0.81
0.71
0.66
0.66
0.77
0.69
0.53
0.72
0.63
0.67
0.58
0.67
0.77
0.83
0.90
1.19
1.41
1.43
1.37
1.13
1.08
0.99
1.20
1.23
1.13
1.17
1.59
1.36
1.50
1.42
1.96
2.60
2.97
2.93
3.39
3.38
3.02
2.56
2.19
2.69
2.40
2.34
2.10
2.44
2.35
1.98
1.90
1.77
1.61
1.14
1.11
0.94
0.87
0.81
0.74
0.75
0.52
0.54
0.58
0.54
0.62
0.53
0.63
0.53
0.80
0.82
1.09
1.48
1.45
2.62
2.01
1.89
1.65
1.59
1.68
1.40
1.34
1.33
1.15
1.35
1.37
1.25
1.37
1.64
2.50
2.47
2.38
3.01
2.89
3.92
3.35
3.23
3.10
2.89
3.01
2.88
3.07
2.73
2.29
2.11
2.10
1.77
1.66
1.30
1.17
0.97
0.74
0.67
0.63
0.68
0.59
0.59
0.64
0.59
0.69
0.59
0.66
0.59
0.67
0.87
0.80
1.09
1.07
1.15
1.30
1.05
1.40
1.05
1.24
1.24
1.28
1.61
1.50
1.21
1.29
1.53
1.42
1.65
2.10
1.97
2.00
2.68
3.31
3.47
3.45
4.05
4.77
3.90
3.48
3.10
3.11
2.74
2.31
2.00
1.76
1.66
1.20
1.04
0.91
0.92
0.81
0.71
0.67
0.66
0.64
0.70
0.75
0.75
0.81
0.83
1.00
1.00
1.20
1.31
1.24
1.47
1.43
1.38
1.81
1.51
1.53
1.15
1.21
1.39
1.74
2.34
2.47
2.65
2.37
3.02
3.81
3.52
4.76
4.79
4.65
4.00
4.67
4.78
4.79
4.79
4.48
4.12
3.89
2.86
2.59
2.40
1.79
1.56
1.28
1.11
0.97
0.95
0.84
0.70
0.69
0.75
0.77
0.63
0.63
0.88
0.86
1.20
0.94
0.92
1.08
1.02
1.36
1.43
1.46
1.98
1.86
1.42
1.59
1.47
2.13
1.85
1.92
2.51
2.68
2.63
2.69
2.97
3.00
3.27
3.30
4.56
4.26
4.78
4.78
4.31
3.70
3.70
3.49
3.09
2.43
2.02
1.51
1.35
1.19
1.05
0.94
0.96
0.81
0.66
0.70
0.75
0.76
0.67
0.77
0.77
0.67
0.87
0.70
0.97
0.90
1.12
1.24
1.35
1.72
1.66
1.58
1.64
1.60
1.49
1.65
1.49
1.17
1.09
1.06
1.70
2.10
2.83
2.79
2.45
3.14
2.96
3.61
3.49
3.86
4.36
3.78
3.35
3.27
3.03
3.05
3.46
2.93
2.61
2.11
1.58
1.22
1.15
1.01
0.91
1.07
1.03
0.99
0.81
0.84
0.77
0.69
0.72
0.71
0.87
0.77
1.00
1.00
1.25
1.59
1.42
1.56
1.43
1.21
1.26
1.31
1.35
1.30
1.34
1.06
0.90
1.07
1.51
2.45
2.64
3.28
2.76
2.93
3.95
4.72
4.78
4.78
4.78
4.78
4.78
4.78
4.76
4.75
4.78
4.78
4.45
3.55
2.77
2.13
2.01
1.80
1.46
1.21
1.04
0.87
0.87
0.78
0.63
0.67
0.74
0.69
0.81
0.74
0.78
0.86
1.25
1.06
1.01
1.12
1.09
1.18
1.20
2.17
2.07
1.94
1.80
2.43
2.01
2.96
2.54
1.96
2.32
2.14
1.97
2.03
2.17
2.72
3.13
4.17
4.33
4.82
4.78
4.80
4.78
4.78
4.76
4.80
4.19
4.58
4.71
3.95
