1.69
1.65
1.87
1.59
1.22
1.44
1.48
1.31
1.30
1.51
1.54
1.54
1.84
1.81
1.53
1.50
1.62
1.87
1.63
1.56
1.59
1.82
1.65
2.11
2.02
1.83
1.75
1.90
1.92
1.87
1.55
1.41
1.35
0.99
1.18
1.17
1.16
1.00
1.14
1.29
1.04
1.11
1.21
1.21
1.11
1.13
1.12
1.44
1.26
1.31
1.43
1.41
1.58
1.34
1.68
1.42
1.38
1.55
1.51
1.30
1.54
1.43
1.63
1.62
1.33
1.48
1.14
1.31
1.51
1.80
1.86
2.34
2.20
2.17
1.88
1.80
1.77
1.71
1.30
1.51
1.37
1.39
1.40
1.45
1.35
1.22
1.71
1.69
1.54
1.40
1.65
1.29
1.33
1.22
1.26
1.14
1.07
1.16
1.13
1.26
1.21
1.18
1.21
1.29
1.16
1.29
1.14
1.30
1.25
1.23
1.61
1.49
1.33
1.22
1.65
1.52
1.46
1.55
1.46
1.48
1.46
1.63
1.72
1.72
1.56
1.37
1.34
1.33
1.73
1.50
1.85
1.66
1.57
1.85
1.84
1.55
1.82
1.66
1.41
2.21
1.90
1.84
1.42
1.87
1.86
1.87
2.39
1.88
1.55
1.25
1.16
1.22
1.28
1.26
1.26
1.33
1.19
1.18
1.25
1.27
1.06
1.30
1.15
1.33
1.35
1.09
1.21
1.07
1.16
1.06
1.21
1.12
1.09
1.24
1.11
1.31
1.45
1.47
1.22
1.37
1.37
1.41
1.57
1.62
2.07
1.77
2.03
1.89
1.67
1.51
1.74
1.83
1.61
1.67
2.15
2.18
1.63
1.74
1.77
1.65
1.69
1.79
1.79
1.56
1.64
1.60
1.49
1.61
1.42
1.40
1.30
1.25
1.39
1.27
1.28
1.50
1.34
1.34
1.35
1.33
1.23
1.18
1.20
1.07
1.28
1.32
1.33
1.32
1.55
1.36
1.58
1.72
1.55
1.72
1.64
1.63
1.84
1.63
1.62
1.51
1.61
1.99
1.85
1.46
1.99
1.74
2.36
1.83
1.81
1.97
1.53
1.47
1.42
1.22
1.09
1.45
1.80
1.93
1.81
1.95
1.92
1.80
1.74
1.61
1.44
1.30
1.59
1.42
1.44
1.63
1.43
1.54
1.26
1.38
1.24
1.25
1.13
1.03
1.14
1.11
1.28
1.16
1.51
1.40
1.53
1.64
1.49
1.87
1.61
1.73
1.59
1.62
1.73
1.61
1.52
1.52
1.46
1.52
1.77
1.84
1.91
1.88
2.07
1.76
1.59
1.47
1.99
1.89
1.87
1.79
1.50
1.96
1.82
1.74
1.69
1.64
1.86
1.77
1.66
1.58
1.59
1.58
1.63
1.45
1.44
1.43
1.22
1.60
1.31
1.44
1.38
1.26
1.38
1.27
1.45
1.21
1.18
1.05
1.07
1.10
1.14
1.09
1.20
1.35
1.27
1.60
1.57
1.47
1.37
1.56
1.45
1.64
1.73
1.63
1.75
1.53
1.54
1.54
1.51
1.39
1.38
1.75
1.49
1.52
1.65
1.54
1.73
2.00
1.87
1.71
1.63
1.44
1.69
1.62
1.84
2.01
1.82
2.10
1.79
1.65
1.39
1.36
1.40
1.43
1.12
1.28
1.17
1.26
1.29
1.22
1.34
1.23
1.35
1.38
1.27
1.33
1.19
1.17
1.03
0.93
1.16
1.17
1.20
1.29
1.53
1.45
1.52
1.54
1.73
1.84
1.82
1.69
1.81
1.58
1.63
1.65
1.75
1.83
1.69
1.81
2.29
2.11
1.75
1.86
1.65
1.66
1.54
1.42
1.81
1.78
1.88
1.62
1.31
1.30
1.43
1.77
2.03
1.89
1.68
1.86
1.80
1.86
1.60
1.48
1.52
1.28
1.35
1.33
1.34
1.33
1.40
1.34
1.43
1.32
1.37
1.31
1.15
1.21
1.28
1.17
0.97
1.22
1.25
1.11
1.29
1.32
1.26
1.25
1.38
1.27
1.34
1.28
1.34
1.46
1.45
1.60
1.46
1.53
