1.22
1.11
1.23
1.71
1.75
1.72
1.72
2.23
2.39
3.07
2.86
3.03
3.12
3.25
4.42
4.31
4.50
4.51
4.65
4.62
4.27
4.27
4.06
4.21
4.21
4.27
3.66
3.54
3.48
2.88
2.80
2.54
2.37
1.99
1.75
1.49
1.42
1.27
1.29
1.12
1.14
1.05
1.26
1.29
1.37
1.60
1.59
1.63
2.14
2.13
2.44
2.02
2.54
2.17
1.96
2.12
1.73
1.91
1.89
2.27
2.35
2.42
2.56
3.45
3.69
3.87
3.30
3.33
3.37
3.51
3.30
3.13
3.31
3.63
4.02
4.05
3.89
3.30
4.43
4.17
3.91
3.37
3.28
3.12
2.78
3.03
2.79
2.39
1.81
1.83
1.61
1.24
1.16
1.14
1.26
1.20
1.08
1.05
1.08
1.19
1.37
1.17
1.03
1.58
1.89
1.96
1.73
2.42
2.17
2.50
3.22
2.53
2.69
2.12
2.64
2.24
2.16
1.92
2.00
1.97
1.71
1.81
1.84
1.79
2.15
2.35
2.55
2.46
3.12
3.07
3.81
4.15
3.73
3.76
3.45
4.24
3.86
3.74
3.51
3.74
4.34
4.06
4.74
4.37
4.07
3.62
3.19
2.94
2.68
2.44
2.13
2.43
2.15
1.83
1.64
1.45
1.09
1.04
0.99
1.05
0.98
1.24
1.08
0.93
1.13
1.16
1.36
1.49
1.35
1.61
1.74
2.34
2.27
2.13
2.26
2.28
2.54
2.59
2.45
2.37
2.19
2.08
2.41
2.35
2.53
2.24
2.45
2.61
2.43
2.72
3.61
3.97
4.60
4.45
4.76
4.47
3.92
4.10
4.66
3.97
4.18
4.76
4.78
4.79
4.39
4.38
4.42
3.72
3.91
3.74
3.53
3.66
3.81
3.56
3.36
3.37
3.12
2.52
2.17
1.92
2.00
1.96
1.84
2.05
1.97
1.73
1.73
1.63
1.74
1.50
1.49
1.51
1.31
1.67
2.05
2.19
2.32
2.42
2.61
2.74
2.44
2.38
2.74
3.11
2.72
2.95
2.56
1.99
1.79
1.90
1.30
1.77
2.24
2.88
2.88
4.08
4.29
4.08
3.98
4.72
4.66
4.48
4.39
4.19
4.78
4.70
4.80
4.41
4.48
4.79
4.78
4.78
4.78
4.78
4.78
4.80
4.78
4.40
3.89
3.99
4.25
4.27
4.09
3.99
3.56
3.38
3.03
2.80
2.44
2.52
1.97
2.03
2.07
1.59
1.77
1.61
1.64
1.77
1.75
1.53
1.76
1.61
1.56
1.67
1.58
2.33
2.23
2.83
2.40
2.27
2.54
2.12
2.12
2.07
2.47
2.38
2.39
2.48
2.27
2.07
1.96
2.66
2.37
2.17
2.49
2.12
1.88
2.06
2.16
3.57
3.45
4.00
4.78
4.42
4.27
3.99
4.55
4.78
4.78
4.77
4.80
4.78
4.79
4.79
4.79
4.78
4.74
4.75
4.77
4.78
4.78
4.71
4.74
4.78
4.51
4.10
4.10
4.76
4.29
4.75
4.50
4.26
4.34
3.85
3.79
3.99
3.22
3.44
3.11
2.47
2.28
2.24
2.17
2.21
2.06
1.97
1.94
2.29
2.12
1.97
1.60
1.57
1.88
1.99
2.33
2.70
2.38
2.76
3.12
2.94
3.06
2.60
2.99
2.66
2.75
2.58
2.26
2.95
2.66
2.42
2.70
2.53
2.35
2.11
2.15
1.97
1.88
1.94
1.84
2.04
2.57
4.57
4.76
4.76
4.76
4.71
4.78
4.77
4.76
4.78
4.16
3.68
3.57
4.51
4.39
4.77
4.76
4.77
4.77
4.73
4.77
4.76
4.76
4.70
4.75
4.42
4.15
4.16
3.80
3.63
4.39
4.61
4.43
4.13
3.71
4.00
3.74
3.51
2.91
3.41
3.05
2.75
2.49
2.17
2.01
1.94
1.67
1.78
1.87
1.89
1.56
1.68
1.64
1.70
2.30
1.93
2.65
2.03
2.21
2.06
2.44
2.22
2.17
2.00
2.07
2.37
2.38
2.83
2.47
3.10
3.47
3.23
3.65
3.48
2.83
3.23
