1.22
1.11
1.29
1.39
1.27
1.34
1.25
1.46
1.28
1.37
1.22
1.34
1.16
1.15
1.37
1.18
1.18
1.09
1.27
1.08
1.02
1.13
1.24
1.32
1.13
1.23
1.25
1.30
1.27
1.52
1.44
1.48
1.28
1.24
1.66
1.53
1.47
1.25
1.34
1.23
1.11
1.31
1.29
1.25
1.05
0.97
0.90
1.17
1.15
1.30
1.25
1.30
1.54
1.34
1.47
1.20
1.36
1.56
1.65
1.71
2.17
1.80
2.21
2.38
2.25
1.99
2.39
2.44
2.12
2.13
2.03
2.12
2.33
1.79
1.55
1.65
1.72
1.50
1.44
1.54
1.52
1.47
1.41
1.72
1.54
1.37
1.22
1.07
1.24
1.26
1.38
1.20
1.18
1.14
1.21
1.22
1.22
1.40
1.11
1.50
1.70
1.75
1.88
1.68
2.25
1.67
1.77
1.57
1.55
1.22
1.76
2.23
2.39
2.15
2.26
2.95
2.61
2.51
1.99
2.06
1.83
1.63
1.69
2.19
1.73
1.40
1.57
1.33
2.09
2.17
2.14
1.75
1.77
1.86
1.91
1.96
1.67
1.48
1.38
1.75
1.44
1.53
1.65
1.65
1.64
1.49
1.40
1.40
1.28
1.14
1.07
1.20
1.21
1.27
1.16
1.18
1.09
1.26
1.28
1.24
1.16
1.37
1.30
1.23
1.17
1.20
1.75
1.38
1.68
1.71
2.00
2.03
2.03
1.94
1.48
1.94
2.15
2.71
2.67
2.50
2.40
2.22
2.03
1.65
1.77
1.70
1.52
1.63
1.90
2.21
2.04
2.17
1.89
1.73
1.87
2.27
2.12
1.85
1.78
1.54
1.47
1.54
1.67
1.51
1.36
1.52
1.35
1.56
1.43
1.59
1.49
1.36
1.39
1.39
1.19
1.32
1.33
1.18
1.32
1.14
1.21
1.08
1.15
1.13
1.21
1.13
1.08
1.42
1.30
1.16
1.16
1.21
1.11
1.13
1.29
1.32
1.28
1.28
1.63
2.05
2.33
1.89
2.10
2.29
1.95
2.22
1.88
2.00
1.74
1.74
1.58
1.51
1.47
1.78
1.78
1.77
1.85
1.81
1.69
1.52
1.64
1.41
1.63
1.49
1.35
1.69
1.36
1.32
1.28
1.47
1.29
1.31
1.23
1.34
1.35
1.11
1.16
1.13
1.16
1.11
1.08
1.19
1.31
1.19
1.26
1.20
1.10
1.35
1.54
1.39
1.29
1.51
1.41
1.68
1.51
1.54
1.48
1.45
1.66
1.74
1.84
1.91
1.71
1.68
1.42
1.48
1.52
1.81
1.51
1.30
2.13
2.25
1.98
1.88
2.19
2.53
2.51
2.70
2.90
2.18
2.03
2.04
2.12
2.04
2.05
1.72
1.55
1.63
1.80
1.81
1.77
1.50
1.68
1.58
1.49
1.61
1.55
1.29
1.37
1.26
1.19
1.23
1.15
1.16
1.05
0.99
0.96
1.17
1.01
1.05
1.03
0.97
1.16
1.15
1.21
1.15
1.25
1.29
1.30
1.38
1.41
1.85
1.54
1.30
1.56
1.46
1.92
1.98
2.08
1.95
1.98
1.80
1.63
1.45
1.71
1.65
1.49
1.32
1.37
1.67
1.50
1.53
1.74
2.01
2.18
1.76
2.25
2.18
1.85
1.94
1.87
1.70
1.82
1.65
1.64
1.57
1.29
1.50
1.39
1.30
1.45
1.30
1.07
1.06
1.12
1.07
1.19
1.05
1.13
1.00
1.04
1.14
0.99
1.07
1.13
1.16
1.13
0.95
1.07
0.88
1.07
1.12
1.24
1.20
1.31
1.47
1.40
1.26
1.21
1.84
1.57
2.11
2.00
2.46
2.27
2.13
2.09
1.91
2.03
1.76
1.85
2.19
1.95
1.74
1.54
1.28
1.60
1.62
1.88
1.73
2.01
1.95
1.61
1.55
1.93
1.77
1.50
1.59
1.52
1.34
1.27
1.42
1.66
1.49
1.36
1.40
1.48
1.47
