1.60
1.52
1.44
1.28
1.37
1.54
1.52
1.55
1.95
1.98
2.33
2.18
2.74
2.10
1.96
1.90
1.96
2.17
1.98
1.79
1.77
1.81
1.77
1.86
1.79
1.84
1.53
1.81
2.09
1.93
1.76
2.04
2.24
2.54
2.77
3.17
2.68
2.39
1.90
2.64
2.10
2.46
2.86
2.49
2.10
1.99
1.95
1.76
1.65
1.80
2.29
2.37
2.68
2.18
1.73
1.72
1.90
1.78
1.45
1.53
1.41
1.85
1.34
1.96
1.83
1.81
1.72
1.74
2.01
1.62
1.68
1.54
1.65
1.52
1.69
1.58
1.26
1.27
1.15
1.09
0.93
0.95
0.91
0.95
0.98
1.02
1.08
0.92
0.94
0.95
0.84
0.89
0.88
0.94
0.96
0.93
1.01
1.08
1.27
1.85
2.38
3.25
3.27
4.01
3.43
2.86
2.63
2.56
2.38
2.56
2.31
2.49
3.80
3.95
3.58
3.14
3.23
2.87
2.97
3.99
3.58
2.90
2.72
2.08
1.75
1.54
1.57
1.54
1.53
1.70
1.59
1.84
1.68
1.55
1.62
1.41
1.43
1.42
1.37
1.27
1.24
0.97
1.00
1.02
0.89
0.91
1.05
1.01
1.01
1.09
1.10
1.16
1.12
1.12
1.20
1.24
1.15
1.07
0.90
0.80
1.15
1.15
1.15
1.19
1.51
2.72
3.50
3.44
3.59
4.02
3.19
3.70
2.97
2.66
3.20
3.39
2.86
3.14
3.69
3.18
2.78
2.55
2.00
2.14
2.27
1.78
1.92
1.89
2.51
2.44
2.21
2.13
2.38
1.96
2.08
1.97
1.47
1.52
1.35
1.72
1.46
1.41
1.17
0.97
1.06
0.94
0.95
1.00
1.03
1.17
1.06
0.97
0.96
1.00
0.93
0.84
0.77
0.91
0.88
0.89
0.83
0.86
1.43
1.52
1.33
1.25
1.57
1.59
1.83
2.10
2.23
1.82
1.61
1.73
1.62
1.54
2.14
2.82
3.40
2.75
2.22
1.95
1.76
1.37
1.11
1.20
1.15
1.30
1.43
1.92
1.56
1.51
1.47
1.38
1.32
1.84
1.73
1.41
1.33
1.14
1.14
1.05
1.00
0.82
0.83
0.81
0.85
0.88
1.04
0.95
1.07
1.26
1.08
1.25
1.29
1.15
1.14
1.11
1.00
1.38
1.30
1.73
2.24
2.00
2.48
3.04
2.91
3.17
3.14
3.38
3.85
3.49
3.49
3.33
3.16
3.18
3.45
3.68
3.70
3.57
3.39
3.22
3.06
2.83
2.74
2.73
2.51
2.49
2.11
2.17
2.10
1.93
2.14
2.05
1.89
1.78
1.53
1.68
1.41
1.30
1.15
1.19
1.26
1.07
1.07
0.96
0.95
0.93
0.98
0.91
1.10
1.03
1.04
1.02
0.95
1.06
1.21
1.08
1.07
1.14
1.02
1.67
1.55
1.69
1.49
1.74
2.09
3.20
2.83
4.12
3.52
3.34
3.25
2.73
2.82
2.95
3.15
2.53
2.55
2.57
2.30
2.19
2.35
2.80
2.99
2.89
2.38
2.44
2.04
2.11
2.05
2.03
2.37
2.67
2.83
2.36
1.95
1.76
1.79
1.71
1.59
1.30
1.22
1.29
1.35
1.28
1.17
1.08
1.00
0.87
1.17
1.12
1.02
0.93
1.04
1.19
1.09
1.15
1.08
1.03
1.14
1.07
1.02
1.38
1.22
1.45
1.62
1.67
1.53
2.19
2.46
2.92
3.72
3.66
4.33
4.76
4.50
3.94
4.71
3.50
3.14
3.18
3.80
3.06
3.26
3.26
3.07
3.52
3.46
3.29
3.29
3.26
2.75
2.66
2.14
2.62
2.83
2.98
2.74
2.80
2.46
2.30
1.96
2.27
1.95
1.96
1.75
1.58
1.43
1.34
1.12
1.28
1.21
1.04
0.96
1.09
1.09
1.08
1.09
1.08
1.08
1.09
1.04
0.99
0.92
1.01
1.02
1.35
1.61
1.68
1.75
1.60
2.23
3.56
2.87
3.46
3.70
4.00
3.60
4.14
3.88
4.43
4.13
3.96
3.81
3.40
3.92
4.58
4.77
4.74
4.77
4.39
3.58
2.77
3.35
3.25
3.01
