1.68
1.50
1.53
1.52
1.52
1.58
1.59
1.85
1.78
1.84
1.84
1.67
1.72
1.65
1.76
1.51
1.53
1.58
1.59
1.51
1.55
1.55
1.64
1.75
1.57
1.78
1.67
1.82
1.67
1.60
1.73
1.76
2.04
1.81
1.71
1.68
1.52
1.50
2.04
2.50
2.45
2.37
2.71
2.59
2.48
3.18
3.43
2.99
2.83
2.68
2.24
2.73
3.27
3.70
4.03
4.01
3.48
3.50
3.97
3.92
3.81
3.24
3.17
3.70
4.51
4.77
3.94
4.05
4.25
4.04
4.23
3.95
3.52
4.09
3.67
3.55
3.14
2.61
2.73
2.93
2.97
3.26
2.95
2.70
2.67
3.05
2.31
2.61
2.53
2.24
2.05
2.17
2.04
2.11
1.81
1.54
1.47
1.52
1.52
1.51
1.29
1.35
1.11
1.11
1.10
1.21
1.09
1.24
1.12
1.13
1.21
1.51
1.59
1.35
1.24
1.66
1.53
1.59
1.76
2.05
1.98
2.02
2.16
2.62
2.89
2.56
2.72
2.53
2.14
2.21
2.20
1.79
2.62
3.09
2.95
2.87
3.17
3.38
3.72
3.61
3.66
3.72
3.47
4.40
3.89
3.85
4.00
3.52
3.80
3.35
3.70
3.08
2.77
2.38
2.52
3.05
2.92
2.88
2.60
2.77
2.38
2.11
2.29
2.07
1.81
1.58
1.61
1.49
1.52
1.48
1.31
1.52
1.62
1.48
1.18
1.35
1.19
0.98
0.93
0.83
0.86
0.86
1.02
1.05
1.03
0.97
1.07
1.08
1.07
1.11
1.36
1.85
1.75
2.11
2.07
2.16
2.58
3.42
3.38
2.68
2.58
2.63
2.83
2.15
2.11
1.70
1.74
2.06
2.41
2.41
2.47
2.63
3.67
3.55
3.79
3.02
2.83
3.24
3.53
3.16
3.38
3.23
3.73
3.06
2.65
2.45
2.57
2.39
2.61
2.92
2.92
3.02
3.27
3.40
3.49
3.14
2.93
2.71
3.22
3.20
3.01
2.58
2.69
2.42
2.65
2.19
2.25
1.81
1.66
1.71
1.64
1.97
1.61
1.82
1.53
1.40
1.39
1.52
1.31
1.50
1.47
1.30
1.11
1.10
1.14
1.05
1.14
1.27
1.32
1.25
1.30
1.29
1.64
1.29
1.82
1.64
1.85
1.81
1.85
1.84
1.70
2.25
2.42
2.65
2.68
2.37
2.66
2.90
3.30
2.81
3.06
2.78
2.64
2.91
2.87
3.57
3.35
3.38
3.03
2.86
3.01
3.02
3.19
3.80
4.07
4.77
4.77
4.72
3.77
3.39
3.48
3.99
3.77
3.45
4.77
3.91
3.76
3.57
4.60
4.76
4.54
4.00
3.66
3.21
2.87
3.07
2.65
2.60
2.61
3.26
3.13
2.72
2.39
2.49
2.72
2.39
3.27
2.65
2.35
2.04
1.72
2.25
2.23
2.34
2.41
2.09
2.15
2.12
1.78
1.41
1.46
1.49
1.45
1.29
1.40
1.28
1.07
1.07
1.04
1.19
1.22
1.31
1.06
1.12
1.24
1.17
1.22
1.42
1.50
1.60
1.66
2.31
2.52
2.47
2.76
3.04
2.96
3.59
3.45
2.94
3.12
3.00
2.83
2.82
2.89
2.99
2.63
2.24
2.32
1.87
1.65
2.32
2.16
2.25
2.38
2.36
2.82
2.36
2.28
2.36
2.62
2.76
3.79
3.51
3.38
2.94
2.67
2.72
2.91
3.32
3.36
3.31
3.15
2.97
3.22
3.44
3.29
2.75
3.05
3.87
3.49
3.09
2.60
2.25
1.93
1.72
1.87
1.65
1.56
1.86
1.86
2.26
2.00
2.27
1.94
2.29
2.02
1.92
1.40
1.29
1.15
1.04
1.24
1.09
1.19
1.10
1.33
1.17
1.56
1.41
1.67
1.71
1.69
2.00
2.01
2.26
2.25
2.09
2.44
1.99
1.88
2.15
2.26
2.45
2.38
