2.43
2.40
2.41
2.63
2.40
2.47
2.76
2.30
2.38
2.39
2.30
2.66
2.73
2.79
3.30
2.51
2.54
2.54
3.07
2.76
2.54
2.95
2.66
3.45
3.54
3.70
3.27
3.45
4.54
4.50
4.52
3.91
3.83
3.63
3.96
4.27
4.25
4.33
3.80
3.62
3.35
3.33
3.16
2.97
2.55
2.49
2.46
2.44
2.09
2.21
2.06
1.94
2.07
1.96
2.10
2.13
1.79
1.81
1.96
1.62
1.81
2.07
1.90
2.10
1.89
2.13
2.01
1.73
1.86
1.79
1.64
1.45
1.78
1.62
1.78
2.24
2.07
1.73
2.19
2.42
2.35
2.24
2.23
2.23
2.35
2.89
2.58
2.81
2.81
3.18
3.28
3.84
3.48
4.54
4.04
4.53
3.82
3.36
3.64
3.50
3.80
3.72
3.63
3.75
4.74
4.67
4.19
4.28
4.75
4.73
4.75
4.13
4.10
3.16
2.97
2.53
2.61
2.06
2.15
1.86
1.66
1.75
2.39
1.97
1.68
1.86
1.65
1.77
2.10
2.23
2.03
1.72
1.78
2.15
2.09
1.94
1.93
1.75
1.82
2.43
1.93
1.97
1.73
2.01
1.95
1.97
1.92
1.77
1.98
1.96
2.24
2.02
2.20
1.75
1.76
2.18
2.03
1.78
1.90
2.46
2.69
4.14
3.61
3.52
4.32
4.60
4.24
4.05
4.76
4.71
3.79
3.43
4.02
4.39
4.59
4.76
4.77
4.76
4.73
4.77
4.77
4.76
4.06
3.36
3.07
2.36
2.28
1.81
2.00
1.64
1.70
1.83
1.89
2.31
1.95
2.21
1.96
2.14
2.30
2.06
2.28
2.11
2.35
2.17
1.86
1.98
1.91
1.82
2.13
2.13
2.10
1.76
1.95
1.63
1.65
1.89
1.91
1.99
1.82
2.22
2.12
2.18
2.06
2.09
2.12
2.48
2.51
2.45
3.01
3.35
4.53
4.73
4.17
3.76
3.89
3.96
3.59
4.36
3.99
4.12
4.75
4.76
4.73
4.80
4.76
4.74
4.75
4.73
4.76
4.75
4.73
3.83
3.40
3.08
2.65
2.32
2.39
2.16
1.99
1.89
1.72
1.75
1.70
1.59
1.87
1.79
2.10
1.89
1.84
1.72
1.71
1.95
2.20
2.12
2.02
1.87
1.63
1.88
1.75
2.08
2.10
2.26
2.03
1.97
1.95
1.96
2.30
1.98
1.95
2.12
2.08
2.23
2.27
2.28
2.31
2.30
2.51
3.62
3.71
4.01
4.69
4.75
4.63
4.44
4.28
4.05
3.80
4.76
4.78
4.77
4.78
4.77
4.78
4.77
4.73
4.76
4.72
4.78
4.29
4.16
3.98
3.17
3.03
2.68
2.33
2.14
2.35
1.98
2.54
2.30
1.78
2.40
2.28
2.21
1.79
2.12
2.23
2.12
1.96
2.01
1.91
2.00
2.17
2.04
2.41
2.34
1.80
2.01
1.88
2.08
2.20
1.94
2.37
2.41
2.31
2.20
1.97
2.53
2.54
2.32
2.43
3.02
3.16
3.75
3.74
4.10
3.59
4.01
4.76
4.76
4.76
4.62
4.21
4.37
4.73
4.74
4.74
4.73
4.78
4.75
4.75
4.76
4.77
4.75
4.77
4.68
3.75
3.50
2.78
2.68
2.54
2.63
2.19
1.88
2.05
1.82
1.71
1.75
2.16
1.82
2.05
2.11
2.10
2.44
2.80
2.55
2.24
2.54
2.09
2.31
2.60
2.40
2.55
2.17
2.56
2.30
2.72
2.27
2.36
2.37
2.03
2.15
2.24
2.33
2.21
2.85
2.50
2.56
2.44
2.60
2.61
2.77
3.08
2.83
2.88
2.88
2.73
2.97
3.81
4.04
4.75
4.77
4.75
4.78
4.76
4.76
4.76
4.75
4.71
4.74
4.77
4.74
4.77
4.77
4.77
4.75
4.73
4.34
3.86
3.36
2.89
3.05
2.92
2.57
2.51
2.37
2.15
2.43
2.20
2.29
2.38
2.47
2.48
3.03
3.23
2.96
