2.20
2.58
3.68
3.21
3.00
3.20
3.60
3.24
3.16
2.95
2.93
2.70
2.85
3.00
3.24
3.20
3.45
3.16
2.90
2.78
2.72
2.50
2.54
2.38
2.31
2.41
2.20
2.33
2.27
2.27
2.22
2.25
2.37
2.33
2.27
2.50
2.50
2.50
2.45
2.35
2.35
2.37
2.48
2.51
2.30
2.55
2.54
2.40
2.42
2.36
2.39
2.25
2.39
2.52
2.53
2.60
2.44
2.37
2.58
2.87
2.47
2.39
2.04
2.33
2.35
2.66
2.40
2.28
2.33
2.40
2.32
2.65
2.84
2.89
3.69
2.97
3.27
3.14
3.23
3.48
3.48
3.49
3.59
3.41
3.35
3.31
3.46
3.25
3.11
2.87
2.98
3.02
2.77
2.77
2.80
2.50
2.77
2.44
2.37
2.21
2.18
2.34
2.15
2.22
2.40
2.32
2.41
2.42
2.37
2.31
2.27
2.36
2.36
2.33
2.55
2.45
2.43
2.23
2.49
2.47
2.70
2.61
2.51
2.67
2.58
2.51
2.36
2.36
2.11
2.35
2.17
2.07
2.44
2.33
2.34
2.08
2.15
2.63
2.95
3.11
2.81
3.00
3.18
3.30
3.38
3.13
2.93
3.13
2.91
2.45
2.70
2.55
2.54
2.54
2.65
2.85
2.79
2.67
2.17
1.94
1.93
2.00
2.21
2.33
2.49
2.80
2.59
2.50
2.35
2.43
2.53
2.34
2.62
2.44
2.44
2.36
2.53
2.61
2.63
2.64
2.86
2.69
2.67
2.74
2.63
2.86
2.65
2.87
2.77
2.20
2.58
2.51
2.55
2.53
2.61
2.88
2.81
2.86
3.05
2.90
2.83
2.78
2.51
2.88
2.43
2.57
2.66
2.72
2.83
2.34
2.53
2.61
2.80
3.65
3.45
3.29
3.47
3.49
3.38
2.95
3.43
3.58
3.26
3.47
4.61
4.38
3.62
2.84
2.77
2.14
2.19
2.37
2.44
2.60
2.41
2.38
2.68
2.38
2.49
2.54
2.43
2.74
2.35
2.42
2.36
2.37
2.48
2.48
2.41
2.69
2.63
2.58
2.59
2.37
2.59
2.45
2.46
2.56
2.40
2.82
2.46
2.48
2.60
2.51
2.63
2.45
2.11
2.28
2.47
2.45
2.77
2.61
2.55
2.17
2.50
2.56
2.69
2.93
3.08
3.20
2.98
3.14
3.12
3.52
3.96
3.68
3.69
3.32
3.36
3.75
3.79
3.43
3.48
3.05
3.34
3.62
3.71
4.18
3.55
3.77
3.26
3.00
3.16
2.75
2.74
2.88
2.78
2.90
2.77
2.82
2.81
2.56
2.80
2.43
2.48
2.68
2.39
2.77
2.53
2.59
2.57
2.54
2.70
2.45
2.52
2.77
2.71
2.63
2.72
2.73
2.94
2.84
2.69
2.74
2.48
2.82
2.77
2.77
2.69
2.74
2.93
2.91
2.94
3.00
3.13
2.88
3.00
2.82
2.86
2.90
2.58
2.41
2.34
2.47
2.34
2.57
2.47
2.35
2.80
3.06
3.40
3.13
3.01
2.48
2.26
2.62
3.08
3.37
3.52
3.15
2.61
2.64
2.38
3.06
2.80
3.12
3.59
3.48
3.04
2.92
3.47
3.22
3.88
3.33
3.31
2.90
2.92
2.74
2.69
2.60
2.54
2.75
2.69
2.46
2.34
2.43
2.32
2.47
2.41
2.27
2.52
2.41
2.58
2.28
2.61
2.63
2.59
2.41
2.61
2.68
2.41
2.42
2.46
2.46
2.45
2.58
2.54
2.61
2.32
2.60
2.45
2.39
2.49
2.67
2.77
2.39
2.55
2.61
2.48
2.59
2.74
2.83
2.95
2.86
2.68
2.54
2.57
3.07
2.56
2.43
2.83
3.70
3.66
3.68
3.91
4.21
3.66
3.54
3.28
2.66
2.54
2.33
2.82
3.19
2.84
2.70
2.46
2.60
2.78
2.50
3.01
3.16
3.11
2.72
2.72
2.61
2.50
2.56
2.27
2.38
2.47
