1.56
1.52
1.81
1.86
1.99
1.91
1.99
1.92
1.64
1.79
1.59
1.85
1.73
1.53
1.49
1.32
1.95
2.01
2.00
1.74
2.26
2.12
1.90
2.04
2.27
1.99
2.45
2.64
3.27
3.41
3.89
3.55
3.09
2.98
3.26
3.38
2.90
3.29
4.15
3.69
3.82
3.19
2.63
2.40
2.26
2.18
2.13
1.95
1.60
1.65
1.78
1.56
1.57
1.55
1.74
1.43
1.47
1.65
1.90
1.74
2.08
2.09
1.71
1.71
1.74
1.87
1.88
1.86
1.79
1.65
1.75
1.78
2.12
1.96
1.78
2.05
1.84
1.76
1.62
1.70
1.79
1.96
2.20
3.76
3.13
3.59
3.91
3.26
3.11
2.83
3.58
3.00
3.15
3.18
3.20
3.30
4.11
3.41
3.73
4.19
4.22
4.18
3.13
2.71
2.70
2.77
2.95
2.74
2.38
1.90
2.01
2.05
2.04
1.82
1.85
2.07
2.10
2.10
2.01
2.32
1.88
1.91
1.88
1.85
1.47
1.94
1.82
1.75
1.68
1.69
1.56
1.44
1.58
1.88
1.88
1.52
1.67
2.04
1.84
2.28
2.18
2.41
1.72
1.74
1.83
1.74
2.32
2.66
2.33
2.88
3.08
3.55
3.54
2.79
2.85
2.68
2.62
3.22
3.64
3.35
2.67
3.63
3.40
3.94
3.40
3.70
3.98
4.41
4.49
3.61
3.36
2.77
2.27
2.61
2.57
2.24
2.03
1.89
1.66
1.65
1.68
1.75
1.72
1.56
1.59
2.19
2.18
1.85
2.05
1.75
2.32
1.86
1.91
1.86
2.17
2.26
1.82
1.70
1.65
1.71
1.79
2.02
1.89
2.06
1.87
1.97
2.05
1.98
2.22
1.78
2.09
1.89
2.24
2.60
2.88
2.73
2.76
2.72
2.73
2.75
2.35
3.25
3.41
3.62
3.22
2.83
3.28
2.80
2.49
2.41
2.72
3.05
3.13
3.37
3.86
4.57
4.68
4.78
4.75
4.78
4.77
4.77
4.78
4.77
4.75
4.78
4.78
4.78
4.78
4.78
4.78
4.78
4.78
4.78
4.79
4.78
4.78
4.78
4.79
4.62
4.69
4.72
4.30
4.28
4.13
3.89
3.96
3.47
3.30
3.25
2.96
3.00
2.54
2.28
2.20
2.16
2.11
2.13
1.84
2.51
2.92
2.82
3.53
3.62
3.47
4.03
3.82
4.17
4.20
4.05
4.20
4.11
4.56
4.76
4.07
4.73
4.11
4.25
4.02
4.35
4.07
4.17
3.76
3.52
3.14
3.03
2.70
2.89
2.53
2.45
2.74
2.80
2.68
2.62
2.42
2.64
2.31
2.47
2.40
2.24
2.40
2.38
2.49
2.41
2.46
2.62
2.60
2.68
2.83
2.58
2.61
2.71
2.77
3.09
2.80
3.01
3.27
3.18
3.44
3.21
3.25
3.12
2.94
2.81
2.92
2.53
2.44
1.96
1.91
2.04
2.32
3.57
3.32
3.11
3.06
3.00
2.99
2.72
3.06
2.94
3.08
2.87
3.04
2.92
3.00
2.82
2.97
3.18
2.69
2.47
2.18
2.56
2.54
2.31
2.25
2.09
2.54
2.21
1.97
1.86
1.95
1.78
1.77
1.53
1.77
1.51
1.72
1.65
1.53
1.41
1.67
1.90
1.71
1.78
2.12
1.96
2.18
2.39
2.27
2.26
2.18
2.16
2.39
2.24
2.35
2.14
1.93
2.26
2.30
2.48
2.35
2.36
2.16
2.09
2.37
2.13
2.37
2.24
2.38
2.76
2.76
2.11
2.16
1.96
2.18
2.85
2.96
2.68
2.79
3.84
3.44
3.66
3.26
3.91
3.98
3.76
3.54
3.64
4.00
3.19
3.67
3.80
2.88
3.03
2.92
2.86
2.43
2.28
2.28
2.19
2.10
1.95
1.96
1.78
1.80
1.68
1.48
1.40
1.43
1.37
1.38
1.82
2.07
1.92
1.65
1.73
1.62
1.82
1.72
1.90
2.31
1.76
1.89
1.84
2.00
1.86
