1.80
1.71
1.52
1.68
1.63
1.74
1.75
1.88
1.83
1.96
2.05
1.89
1.76
1.70
1.84
2.15
2.01
1.71
1.73
1.66
1.72
1.78
1.67
1.87
1.75
2.29
2.72
2.99
2.73
2.42
2.91
2.73
2.93
3.15
3.37
3.78
3.22
3.78
3.62
4.23
4.58
4.49
4.38
4.22
3.82
3.68
3.17
2.96
2.29
2.27
2.21
1.90
2.13
1.75
2.02
1.74
1.77
1.83
2.01
1.83
1.99
2.02
2.08
2.11
1.85
1.96
1.74
1.93
1.89
1.51
1.75
1.98
2.01
1.78
1.75
1.71
1.85
1.94
1.72
1.80
1.84
1.96
2.59
2.80
2.39
2.59
2.39
2.36
2.80
2.44
2.63
3.42
4.15
4.26
4.40
3.90
3.94
4.26
4.16
4.35
3.45
3.39
3.39
2.87
2.41
2.32
2.22
2.06
1.96
1.86
1.92
1.86
1.65
1.76
1.66
1.66
1.46
1.55
1.57
1.71
1.71
1.94
1.75
1.75
1.57
1.84
1.84
1.58
1.75
1.69
1.93
1.98
2.00
2.08
1.82
2.01
2.01
1.87
2.20
1.82
2.20
2.58
2.50
2.49
2.83
3.06
3.44
3.29
3.39
3.20
2.94
2.41
2.45
2.75
3.37
3.76
3.16
2.81
2.65
2.86
2.92
2.53
2.36
2.15
2.02
2.08
1.92
1.78
1.73
1.66
1.78
1.68
1.65
1.59
1.51
1.77
1.88
1.86
1.75
1.77
1.79
1.53
1.57
1.53
1.75
1.68
1.92
1.98
1.85
1.60
1.65
1.67
1.62
1.73
1.74
2.01
1.75
1.83
1.77
1.85
2.34
2.25
2.40
2.57
2.69
2.72
3.23
3.16
3.25
3.27
2.78
3.21
2.98
2.98
2.75
2.76
3.36
3.46
2.59
3.37
3.48
3.08
2.95
2.80
2.39
2.19
1.83
1.92
1.86
1.67
1.82
1.61
1.51
1.67
1.66
1.74
1.71
1.71
1.79
1.65
1.79
1.74
1.78
1.85
1.67
1.93
1.71
1.65
1.70
1.94
1.85
1.75
1.74
1.84
1.51
1.96
1.97
1.60
1.59
1.59
1.68
1.49
1.56
1.87
2.12
2.20
2.99
3.10
2.72
2.57
2.18
2.73
2.80
2.60
2.89
3.74
3.32
3.63
3.18
3.10
3.64
3.60
3.40
3.57
3.32
2.79
2.17
2.78
2.39
2.35
2.00
1.96
1.83
1.57
1.72
1.67
1.83
1.71
1.89
1.81
1.83
1.89
1.70
1.44
1.35
1.42
1.67
1.62
1.53
1.86
2.03
2.17
1.76
1.77
1.94
1.74
1.59
1.57
1.93
1.81
1.83
1.84
1.68
1.42
1.80
1.76
1.50
1.65
1.78
1.97
1.78
2.18
2.29
1.94
2.16
2.32
3.18
2.69
2.78
2.33
3.57
3.19
3.81
3.70
3.98
4.73
4.75
4.77
4.77
4.75
4.61
4.17
3.87
2.87
2.71
2.30
2.05
2.02
1.91
1.96
1.75
1.66
1.54
1.67
1.56
1.62
1.60
1.55
1.66
1.46
1.60
1.62
1.87
1.64
1.79
1.92
1.81
1.61
1.42
1.45
1.39
1.49
1.49
1.37
1.30
1.58
1.63
1.75
1.91
1.65
2.07
1.69
1.71
1.66
1.75
1.84
2.10
2.17
2.10
1.89
2.25
2.01
2.11
2.35
2.48
2.84
2.77
2.39
3.55
3.75
3.75
3.57
3.84
4.73
4.30
3.48
2.91
2.58
3.28
3.28
3.56
4.16
4.75
3.87
3.33
2.94
2.91
2.45
2.61
2.29
2.18
1.92
1.80
1.87
1.92
1.56
1.66
1.76
1.55
1.67
1.54
1.64
1.37
1.53
1.62
1.86
2.01
1.99
2.26
2.03
1.82
1.87
1.92
1.87
1.91
1.86
1.92
2.20
2.15
2.21
1.76
1.97
1.80
1.94
2.09
1.88
2.07
1.92
2.17
2.61
2.71
2.96
2.95
3.40
3.44
3.45
2.86
2.63
3.17
3.91
