2.27
2.36
2.16
2.35
2.17
2.53
2.75
2.83
2.48
2.41
2.93
2.85
2.74
2.39
2.55
2.48
2.93
2.95
2.65
2.95
2.76
2.71
2.61
2.81
3.08
2.73
2.79
2.46
2.95
2.38
2.18
2.30
2.13
2.39
2.35
2.10
2.14
2.07
2.08
2.16
2.30
2.36
2.38
2.43
2.41
2.41
2.58
2.62
2.49
2.46
2.33
2.26
2.27
2.31
2.36
2.19
2.05
2.05
2.08
2.12
2.07
2.04
2.06
2.20
2.07
2.03
2.25
2.24
2.23
2.24
2.17
2.14
2.15
2.05
2.16
2.09
2.17
2.44
2.54
2.56
2.15
2.37
2.40
2.79
3.04
3.02
2.80
2.72
2.31
2.90
2.80
2.58
2.55
2.52
2.46
2.40
2.17
2.39
2.01
2.95
2.80
2.93
3.18
2.64
2.65
2.64
2.59
2.52
2.36
2.41
2.34
2.23
2.35
2.18
2.27
2.28
2.19
2.28
2.25
2.21
2.26
2.20
2.19
2.19
2.29
2.31
2.24
2.36
2.31
2.28
2.36
2.25
2.35
2.58
2.49
2.40
2.41
2.53
2.39
2.23
2.28
2.22
2.23
2.16
2.36
2.48
2.63
2.49
2.29
1.90
1.68
1.79
2.20
2.24
2.37
2.83
3.09
3.35
3.38
3.44
3.46
2.75
2.54
2.26
2.55
2.74
2.84
2.91
3.08
3.05
3.08
3.18
2.61
2.45
2.26
2.45
2.47
2.36
2.49
2.41
2.70
2.51
2.45
2.58
2.69
2.58
2.47
2.75
2.64
2.23
2.09
2.23
2.25
2.27
2.33
2.24
2.34
2.29
2.40
2.34
2.21
2.31
2.18
2.25
2.13
2.23
2.31
2.22
2.26
2.18
2.29
2.31
2.11
1.97
1.96
2.13
2.17
2.34
2.63
2.66
2.61
3.44
3.24
3.17
3.26
3.45
2.83
2.45
2.26
1.89
1.89
2.01
2.48
2.37
2.64
2.55
2.61
2.57
2.41
2.42
2.29
2.19
2.19
2.19
2.27
2.37
2.20
2.11
2.31
2.36
2.46
2.25
2.22
2.18
2.27
2.26
2.18
2.30
2.04
2.17
2.23
2.18
2.18
2.10
2.17
2.11
2.12
2.24
2.14
2.08
2.13
2.11
2.28
2.21
2.18
2.19
2.11
2.23
2.18
2.15
1.94
1.86
2.05
2.05
2.09
2.60
2.39
2.30
2.38
2.51
2.68
2.78
2.75
2.84
2.54
2.61
2.39
2.12
2.22
2.17
2.62
2.75
2.48
2.56
2.46
2.51
2.52
2.47
2.39
2.20
2.09
2.09
1.86
2.16
2.10
2.14
2.07
2.05
2.20
2.50
2.37
2.26
2.30
2.31
2.13
2.19
2.11
2.02
2.39
2.34
2.35
2.58
2.34
2.17
2.11
2.11
2.06
2.03
2.13
2.15
2.15
2.17
2.17
2.17
2.12
2.13
2.29
2.27
2.27
2.12
2.18
2.28
2.20
2.05
2.45
2.83
3.05
2.54
2.18
2.26
2.13
2.00
1.77
2.59
3.25
3.31
2.80
2.86
2.44
3.00
2.87
3.04
2.64
2.69
2.57
2.22
2.30
2.32
2.27
2.36
2.18
2.17
2.15
2.16
2.10
2.15
2.07
2.05
2.10
2.03
2.06
2.09
2.23
2.17
2.32
2.23
2.47
2.38
2.21
2.34
2.23
2.31
2.31
2.18
2.29
2.21
2.17
2.31
2.19
2.25
2.10
2.20
2.30
2.32
2.39
2.63
2.42
2.51
2.53
2.30
2.27
2.21
2.23
2.16
1.92
1.82
2.26
2.09
2.69
2.65
2.62
2.88
3.36
2.92
2.71
2.60
2.28
2.47
2.28
2.18
2.21
2.23
2.26
2.25
2.12
2.17
2.14
2.32
2.32
2.22
2.25
2.11
2.09
2.18
1.98
2.19
2.46
2.27
2.29
2.22
2.25
2.39
2.32
2.27
2.05
2.20
2.37
2.27
2.31
2.17
2.17
2.12
2.14
2.19
2.20
2.23
2.21
2.33
2.32
2.31
2.36
2.58
2.35
