1.83
1.94
2.05
1.96
1.68
1.99
1.94
1.85
1.76
1.95
1.93
1.93
1.98
2.01
2.07
1.94
2.17
2.23
2.26
1.81
1.88
2.11
1.97
2.24
2.08
2.49
2.15
2.35
2.33
2.25
2.42
2.65
2.36
2.08
2.11
2.23
2.26
1.83
1.81
2.11
2.27
2.27
2.17
2.35
2.45
2.43
1.91
2.02
1.84
1.96
2.12
1.87
1.81
2.04
1.96
1.96
1.94
1.96
2.09
1.83
1.99
1.96
1.78
1.86
1.96
1.97
1.98
1.96
1.86
1.98
2.04
1.96
1.90
1.80
1.84
1.84
1.96
2.04
1.98
2.08
1.78
2.01
2.08
2.05
1.76
1.97
2.23
2.17
2.29
2.57
2.33
2.30
2.54
2.28
2.70
2.44
2.32
2.07
1.92
2.30
2.00
2.25
2.17
2.73
2.47
2.34
2.44
2.28
2.38
2.25
2.24
2.28
2.23
2.28
2.61
2.29
1.88
2.26
2.11
2.19
2.12
2.18
2.22
2.12
1.90
1.89
1.92
2.01
2.02
1.90
1.91
1.86
2.07
1.89
1.85
1.99
1.88
1.99
1.84
2.03
2.04
1.95
1.82
1.83
1.74
1.68
1.81
2.01
1.90
1.61
1.68
1.57
2.01
1.93
1.72
1.87
1.56
1.72
2.25
2.23
2.00
2.23
2.33
1.93
2.35
2.16
2.33
2.09
1.85
2.32
2.22
2.18
1.73
1.96
2.05
2.20
1.96
2.28
1.87
1.77
1.89
1.84
2.01
2.15
2.19
1.96
1.94
1.82
2.12
2.14
2.05
1.88
1.67
1.95
1.96
2.00
1.79
1.76
1.82
1.91
1.98
1.84
1.83
1.72
1.83
1.74
1.95
1.95
2.05
1.99
1.68
1.90
2.05
2.03
1.99
1.85
2.00
1.98
2.07
2.05
1.79
1.49
1.49
1.58
2.15
1.82
2.32
2.23
2.02
2.13
2.12
2.17
2.17
2.11
2.31
2.18
2.32
2.43
2.61
2.28
2.10
2.10
2.12
2.09
2.14
2.22
2.28
2.18
2.03
2.26
1.98
1.82
1.97
2.00
2.00
1.87
1.89
1.93
1.73
1.89
1.80
1.60
2.01
1.95
1.75
1.71
1.69
1.91
1.91
1.71
1.77
1.84
1.87
1.67
1.72
1.66
1.81
1.84
1.78
1.81
1.88
2.04
2.09
2.22
2.09
2.58
2.41
2.51
2.63
2.11
1.92
2.21
2.11
2.16
2.04
2.18
1.96
1.73
2.06
1.96
2.60
2.29
2.00
1.78
1.45
1.55
2.01
1.89
2.17
2.16
2.12
2.37
2.00
2.08
2.07
1.98
1.95
1.85
1.88
1.78
1.76
1.88
1.67
1.98
1.83
1.88
1.78
1.83
1.75
1.71
1.73
1.87
2.06
2.11
2.17
2.17
2.06
1.79
1.75
1.73
1.80
2.14
2.04
2.10
1.63
2.02
2.10
2.23
1.91
1.94
1.93
2.26
2.02
1.99
2.05
1.85
2.01
2.00
2.06
1.79
1.96
2.13
2.17
1.98
1.86
1.74
1.92
1.57
1.54
1.60
1.65
1.61
1.52
1.51
1.68
1.74
1.69
1.74
1.75
1.74
1.71
1.60
1.63
1.60
1.74
1.71
1.81
1.73
1.97
1.87
1.77
1.70
1.84
1.83
1.74
1.70
1.83
1.74
1.73
1.88
1.84
1.97
1.78
2.05
2.14
2.19
2.09
1.89
1.90
2.21
2.26
1.85
2.04
1.96
1.91
2.20
2.37
1.85
2.05
2.19
2.04
1.92
2.58
2.04
2.20
2.26
2.41
2.02
1.79
1.76
2.13
1.93
1.74
1.93
1.73
1.95
1.79
1.72
1.54
1.73
1.74
1.61
1.61
1.78
1.62
1.51
1.67
1.60
1.71
1.54
1.51
1.62
1.47
1.56
1.84
1.77
1.68
1.66
1.75
2.15
1.99
2.04
2.21
1.93
2.20
1.95
1.80
2.07
2.23
2.07
1.82
1.79
1.78
1.71
1.51
1.90
1.79
1.81
1.66
1.62
1.69
1.59
1.71
1.65
2.26
1.87
2.24
2.49
2.50
2.39
2.28
2.63
2.28
2.41
1.97
1.84
1.99
1.91
1.98
1.74
