1.84
1.83
1.93
1.84
1.84
1.64
1.68
1.86
1.77
2.04
1.88
1.91
1.72
1.78
1.87
1.45
1.48
1.80
1.70
1.44
1.52
1.68
1.80
1.79
1.80
1.91
1.61
1.56
1.47
1.53
1.71
1.43
1.42
1.36
1.47
1.54
1.50
1.59
1.77
1.68
1.89
1.68
1.57
1.86
1.49
1.52
1.67
2.11
2.20
1.86
1.81
1.64
1.71
1.96
1.75
1.54
1.38
1.70
1.84
1.55
1.58
1.66
1.64
1.78
1.61
1.52
1.46
1.36
1.47
1.64
1.35
1.48
1.43
1.29
1.40
1.30
1.85
1.80
2.05
2.25
1.89
1.64
1.42
1.73
1.66
2.23
2.21
2.01
2.14
2.12
2.36
2.12
1.98
2.05
1.85
1.74
2.26
1.86
1.45
1.44
1.63
1.51
1.46
2.09
2.27
2.77
2.15
2.30
2.24
2.12
1.98
2.24
2.38
2.38
2.33
1.97
2.03
1.93
1.97
1.80
1.76
2.05
2.17
2.22
2.23
2.10
2.20
1.97
2.61
2.26
2.34
1.89
1.88
1.69
1.55
1.67
1.70
1.67
1.50
1.77
1.72
1.66
1.44
1.51
1.50
1.37
1.61
1.65
1.58
1.53
1.69
1.66
1.86
1.77
1.86
1.86
1.79
1.96
1.80
2.05
1.73
1.89
1.68
1.72
1.97
1.90
2.17
1.85
2.05
1.97
1.78
2.02
1.96
2.05
1.88
2.16
2.05
2.38
1.87
1.80
1.62
1.69
1.83
1.55
1.59
1.80
1.94
2.05
2.03
1.98
1.93
2.19
1.93
2.24
1.92
2.50
2.37
2.02
1.80
1.63
1.61
1.74
1.65
1.44
1.61
1.56
1.68
1.81
1.66
1.88
1.46
1.48
1.51
1.65
1.57
1.62
1.67
1.59
1.66
1.52
1.77
1.48
1.59
1.52
1.65
1.56
1.51
1.59
1.61
1.73
1.78
1.82
1.64
1.76
2.16
1.99
2.57
2.28
2.25
1.96
1.71
2.05
1.92
1.70
1.61
1.90
1.97
2.09
1.59
1.63
1.98
2.14
2.31
2.41
2.11
2.32
2.19
1.88
2.15
2.07
2.02
1.78
1.70
1.69
2.09
2.31
2.02
2.41
2.18
2.15
2.37
2.12
1.99
1.71
1.71
1.48
1.71
1.64
1.48
1.45
1.57
1.54
1.53
1.40
1.46
1.47
1.60
1.71
1.82
1.74
1.57
1.55
1.81
1.78
1.73
1.81
1.67
1.61
1.98
2.20
2.40
2.08
2.26
2.31
3.17
2.89
2.45
3.13
2.55
2.40
2.92
2.69
2.45
2.50
2.23
2.38
2.16
2.16
2.95
2.23
1.87
2.36
2.31
2.12
2.44
2.24
2.37
2.64
2.85
2.59
2.29
1.83
1.81
1.86
2.17
2.39
2.20
2.03
2.46
2.78
2.26
1.91
1.64
1.66
1.55
1.39
1.36
1.32
1.49
1.74
1.71
2.00
1.77
1.55
1.76
2.11
1.79
1.68
1.55
1.31
1.61
1.38
1.35
1.50
1.62
1.65
1.67
1.67
1.62
1.59
1.44
2.37
2.41
2.25
3.19
2.68
2.48
2.61
2.35
2.22
1.93
2.01
1.79
1.58
1.87
2.04
2.53
2.52
2.13
2.32
2.42
2.29
3.10
2.68
2.21
2.09
2.37
2.53
2.52
2.13
1.86
2.08
2.03
2.11
2.51
2.81
3.03
2.71
2.79
2.18
2.40
2.13
1.98
1.69
1.75
1.92
1.89
1.84
1.93
1.66
1.45
1.45
1.55
1.59
1.63
1.62
1.66
1.73
1.74
1.57
1.48
1.25
1.44
1.86
2.12
1.86
2.30
2.16
1.77
2.00
1.95
2.13
2.25
1.92
1.90
2.59
2.28
1.95
2.49
2.18
2.00
2.15
2.22
2.08
1.97
2.17
1.96
1.94
1.98
2.25
2.43
2.51
2.65
2.33
2.12
2.39
2.42
2.34
2.54
2.51
2.56
2.23
2.15
2.34
2.23
