2.33
2.27
2.57
2.14
2.07
2.08
2.06
2.52
2.26
1.96
2.19
2.03
1.94
2.16
1.91
1.82
1.67
1.73
1.89
1.55
1.60
1.96
2.01
2.40
1.92
2.51
2.20
2.04
1.99
1.87
2.07
2.32
2.52
2.46
2.47
2.43
2.33
2.21
1.96
1.87
2.11
2.08
1.77
1.58
1.37
1.52
1.49
1.53
1.42
1.34
1.39
1.18
1.35
1.58
1.52
1.68
1.53
1.47
1.32
1.48
1.47
1.56
1.64
1.48
1.63
1.78
1.78
2.05
1.98
2.11
2.47
2.38
2.75
2.36
1.94
1.96
2.51
2.34
2.09
2.43
2.59
3.09
2.89
3.39
3.60
3.15
3.26
2.71
2.83
2.86
3.00
2.64
2.69
2.71
2.97
2.89
2.84
2.68
2.60
2.49
2.96
2.92
2.35
3.20
2.67
2.17
2.45
2.23
1.90
1.88
1.69
1.68
1.84
1.62
1.52
1.42
1.48
1.52
1.62
1.53
1.54
1.51
1.61
1.63
2.04
1.80
1.79
1.65
1.56
1.77
1.80
2.81
2.42
2.81
2.30
2.43
3.19
2.68
2.77
3.52
3.14
3.55
4.09
4.74
4.59
4.46
4.06
4.49
4.65
4.44
4.78
4.32
3.78
3.85
4.05
3.68
3.59
3.07
3.35
3.68
3.18
3.30
2.93
2.19
2.60
2.16
2.22
1.94
2.01
1.75
1.75
1.69
1.47
1.65
1.46
1.45
1.55
1.74
1.93
2.33
2.53
2.38
2.95
2.71
2.87
2.85
2.89
2.91
3.01
3.34
3.15
3.54
4.46
4.35
4.07
4.60
4.17
4.49
4.68
4.81
4.79
4.78
4.79
4.76
4.80
4.78
4.80
4.77
4.78
4.79
4.78
4.79
4.62
3.75
3.63
3.06
2.71
2.58
2.01
2.13
2.46
2.33
2.47
2.01
1.92
1.73
1.96
1.89
1.50
1.57
1.68
1.64
1.69
1.83
1.87
1.83
2.06
1.82
2.17
2.02
2.15
2.08
2.58
2.36
2.36
2.80
2.91
3.40
3.34
3.88
3.72
4.70
4.67
4.76
4.72
4.80
4.79
4.61
4.37
4.80
4.63
4.44
4.08
3.38
3.32
2.93
2.48
2.66
2.28
2.40
2.67
2.79
2.73
3.11
2.78
2.80
2.67
2.69
2.50
2.16
2.54
2.08
1.99
1.78
1.87
1.88
1.59
1.94
1.73
2.71
2.81
2.45
2.70
2.99
2.61
2.84
2.75
2.84
2.96
3.31
3.50
3.33
3.29
4.79
4.65
4.34
3.82
4.40
4.00
4.64
4.34
4.79
4.58
4.05
4.08
3.70
3.36
2.82
2.49
2.38
2.30
2.54
2.27
2.55
2.85
3.05
3.11
3.07
2.86
2.56
2.18
1.99
1.72
1.65
1.90
1.67
1.53
1.69
1.69
2.42
2.24
2.89
2.87
3.51
4.42
3.52
4.13
3.99
4.04
3.92
3.52
3.62
4.16
3.92
4.73
4.59
4.79
4.77
4.75
4.79
4.76
4.79
4.78
4.78
3.99
4.08
3.81
2.97
2.75
2.27
2.15
2.48
2.60
2.46
2.84
3.09
3.12
3.13
3.00
3.17
2.77
2.69
2.56
2.12
1.96
1.76
1.56
1.60
1.73
1.83
1.88
2.02
2.43
3.26
3.91
4.30
4.47
4.77
4.16
4.28
4.79
4.78
4.77
4.77
4.76
4.78
4.79
4.78
4.79
4.77
4.79
4.79
4.79
4.78
4.78
4.45
3.60
4.07
3.20
3.65
3.01
2.27
2.50
2.39
2.24
2.38
2.22
2.18
2.46
2.37
2.07
1.77
1.56
1.75
1.97
1.75
1.88
1.69
1.93
2.34
3.16
2.59
2.42
2.82
2.88
2.91
3.21
3.26
3.56
3.98
3.73
4.48
4.78
4.05
4.11
4.34
4.32
4.78
4.80
4.78
4.79
4.61
4.80
4.80
4.79
4.77
4.79
4.79
4.62
4.30
4.02
3.84
2.99
2.85
2.82
2.31
2.46
2.57
2.42
2.25
