2.50
2.36
2.33
2.34
2.22
2.11
2.24
2.03
2.17
2.02
1.67
1.63
1.74
1.72
1.63
1.34
1.67
1.90
2.08
2.50
2.66
3.04
3.00
3.74
3.69
3.87
3.66
4.03
3.41
3.22
3.28
2.94
3.65
2.79
2.86
2.85
3.45
3.52
3.10
3.31
3.09
3.22
2.73
4.58
3.95
4.42
3.72
3.06
4.30
3.74
3.89
3.35
2.92
2.70
2.27
2.15
1.97
2.17
1.96
2.27
2.65
2.37
2.22
2.12
2.21
2.09
2.06
2.09
1.92
1.93
1.74
1.86
1.66
1.50
1.35
1.49
1.39
1.65
1.95
1.64
1.55
2.01
1.92
2.02
1.94
2.66
2.34
3.26
3.38
2.90
3.44
3.99
3.26
3.80
3.62
4.49
4.71
4.28
4.78
4.79
4.78
4.56
4.78
4.78
4.78
4.80
4.56
4.11
3.43
4.14
3.83
3.76
3.54
2.91
2.64
2.22
1.72
1.49
1.44
1.48
1.60
1.35
1.63
1.26
1.17
1.34
1.16
0.98
1.14
1.17
1.21
1.27
1.23
1.10
1.07
1.09
1.21
1.21
1.25
1.32
1.52
1.46
1.89
2.25
2.61
2.58
3.12
4.45
4.75
4.78
4.80
4.61
4.31
4.17
4.77
4.79
4.78
4.76
4.77
4.79
4.78
4.77
4.78
4.78
4.79
4.79
3.92
3.86
4.45
3.30
3.07
2.74
2.45
2.47
1.98
1.73
1.57
1.49
1.71
1.77
1.89
1.86
1.99
1.84
1.89
1.58
1.76
1.61
1.38
1.31
1.43
1.39
1.70
1.90
1.94
2.51
2.07
2.06
1.96
1.85
2.10
2.39
2.61
2.61
3.44
2.99
3.05
2.74
3.01
2.62
4.08
4.56
4.78
4.80
4.79
4.79
4.80
4.78
4.79
4.80
4.79
4.79
4.79
4.64
4.66
4.54
4.59
3.88
3.01
3.01
2.44
2.62
2.66
2.12
2.74
2.28
2.99
2.58
3.20
2.81
2.38
2.37
2.25
2.13
2.00
2.17
1.95
1.89
1.60
1.41
1.37
1.09
1.12
1.08
1.28
1.33
1.21
1.36
1.61
2.06
2.01
2.36
2.40
2.14
2.57
2.20
2.50
2.62
2.69
3.81
3.44
3.20
3.56
3.32
4.79
4.33
4.52
4.77
4.78
4.78
4.77
4.79
4.40
4.79
4.48
4.66
4.40
3.31
2.73
3.24
2.63
3.09
2.78
2.81
2.88
2.42
2.15
1.88
1.76
1.90
1.74
1.80
1.74
1.69
1.77
1.53
1.25
1.14
1.48
1.42
1.61
1.36
1.83
2.31
2.30
2.60
2.76
2.91
2.76
3.25
3.12
3.37
3.57
3.87
4.51
3.82
4.79
4.79
4.80
4.79
4.79
4.78
4.80
4.77
4.79
4.79
4.80
4.79
4.27
4.75
3.83
2.84
3.08
2.33
2.04
2.09
1.78
2.02
2.07
1.76
1.93
1.82
1.77
1.82
1.73
1.76
1.60
1.41
1.17
1.41
1.46
1.64
1.57
1.57
1.83
1.77
1.96
1.92
2.65
2.52
2.95
2.81
3.35
3.61
3.25
4.13
3.87
4.78
4.77
4.79
4.79
4.79
4.79
4.77
4.79
4.78
4.78
4.79
4.79
4.76
4.80
4.79
4.69
3.87
3.37
2.45
3.50
2.62
2.97
2.81
2.61
2.06
2.29
2.04
1.85
1.42
1.37
1.29
1.52
1.71
1.67
1.49
1.44
1.28
1.42
1.92
1.85
2.30
2.39
3.25
3.02
3.23
3.61
3.17
3.47
3.70
3.96
4.44
4.79
4.79
4.77
4.79
4.78
4.78
4.78
4.79
4.78
4.80
4.79
4.81
4.79
4.79
4.79
4.78
4.77
4.77
4.79
4.79
4.15
2.99
2.83
2.18
1.77
1.49
1.31
1.23
1.49
1.47
2.00
1.75
1.62
1.46
1.40
1.42
1.38
1.86
1.85
2.26
2.46
3.35
3.33
3.05
3.62
2.99
3.49
3.52
4.00
4.78
4.79
4.78
